# MÉDIAS E ESTATÍSTICAS
# Requisição 2: [2,5]
# Modo: CONJUNTO
# ============================================================
# Load | Média | DesvioPadrão | Mínimo | Máximo | IC 95% (inferior) | IC 95% (superior)
# ============================================================
   1 | 0.00000000 | 0.00000000 | 0.00000000 | 0.00000000 | 0.00000000 | 0.00000000
   2 | 0.00000000 | 0.00000000 | 0.00000000 | 0.00000000 | 0.00000000 | 0.00000000
   3 | 0.00000000 | 0.00000000 | 0.00000000 | 0.00000000 | 0.00000000 | 0.00000000
   4 | 0.00000000 | 0.00000000 | 0.00000000 | 0.00000000 | 0.00000000 | 0.00000000
   5 | 0.00000000 | 0.00000000 | 0.00000000 | 0.00000000 | 0.00000000 | 0.00000000
   6 | 0.00000000 | 0.00000000 | 0.00000000 | 0.00000000 | 0.00000000 | 0.00000000
   7 | 0.00000000 | 0.00000000 | 0.00000000 | 0.00000000 | 0.00000000 | 0.00000000
   8 | 0.00000000 | 0.00000000 | 0.00000000 | 0.00000000 | 0.00000000 | 0.00000000
   9 | 0.00000000 | 0.00000000 | 0.00000000 | 0.00000000 | 0.00000000 | 0.00000000
  10 | 0.00000000 | 0.00000000 | 0.00000000 | 0.00000000 | 0.00000000 | 0.00000000
  11 | 0.00000000 | 0.00000000 | 0.00000000 | 0.00000000 | 0.00000000 | 0.00000000
  12 | 0.00000000 | 0.00000000 | 0.00000000 | 0.00000000 | 0.00000000 | 0.00000000
  13 | 0.00000000 | 0.00000000 | 0.00000000 | 0.00000000 | 0.00000000 | 0.00000000
  14 | 0.00000000 | 0.00000000 | 0.00000000 | 0.00000000 | 0.00000000 | 0.00000000
  15 | 0.00000000 | 0.00000000 | 0.00000000 | 0.00000000 | 0.00000000 | 0.00000000
  16 | 0.00000000 | 0.00000000 | 0.00000000 | 0.00000000 | 0.00000000 | 0.00000000
  17 | 0.00000000 | 0.00000000 | 0.00000000 | 0.00000000 | 0.00000000 | 0.00000000
  18 | 0.00000000 | 0.00000000 | 0.00000000 | 0.00000000 | 0.00000000 | 0.00000000
  19 | 0.00000000 | 0.00000000 | 0.00000000 | 0.00000000 | 0.00000000 | 0.00000000
  20 | 0.00000000 | 0.00000000 | 0.00000000 | 0.00000000 | 0.00000000 | 0.00000000
  21 | 0.00000000 | 0.00000000 | 0.00000000 | 0.00000000 | 0.00000000 | 0.00000000
  22 | 0.00000000 | 0.00000000 | 0.00000000 | 0.00000000 | 0.00000000 | 0.00000000
  23 | 0.00000000 | 0.00000000 | 0.00000000 | 0.00000000 | 0.00000000 | 0.00000000
  24 | 0.00000000 | 0.00000000 | 0.00000000 | 0.00000000 | 0.00000000 | 0.00000000
  25 | 0.00000000 | 0.00000000 | 0.00000000 | 0.00000000 | 0.00000000 | 0.00000000
  26 | 0.00000000 | 0.00000000 | 0.00000000 | 0.00000000 | 0.00000000 | 0.00000000
  27 | 0.00000000 | 0.00000000 | 0.00000000 | 0.00000000 | 0.00000000 | 0.00000000
  28 | 0.00000000 | 0.00000000 | 0.00000000 | 0.00000000 | 0.00000000 | 0.00000000
  29 | 0.00000000 | 0.00000000 | 0.00000000 | 0.00000000 | 0.00000000 | 0.00000000
  30 | 0.00000000 | 0.00000000 | 0.00000000 | 0.00000000 | 0.00000000 | 0.00000000
  31 | 0.00000000 | 0.00000000 | 0.00000000 | 0.00000000 | 0.00000000 | 0.00000000
  32 | 0.00000000 | 0.00000000 | 0.00000000 | 0.00000000 | 0.00000000 | 0.00000000
  33 | 0.00000000 | 0.00000000 | 0.00000000 | 0.00000000 | 0.00000000 | 0.00000000
  34 | 0.00000000 | 0.00000000 | 0.00000000 | 0.00000000 | 0.00000000 | 0.00000000
  35 | 0.00000000 | 0.00000000 | 0.00000000 | 0.00000000 | 0.00000000 | 0.00000000
  36 | 0.00000000 | 0.00000000 | 0.00000000 | 0.00000000 | 0.00000000 | 0.00000000
  37 | 0.00000000 | 0.00000000 | 0.00000000 | 0.00000000 | 0.00000000 | 0.00000000
  38 | 0.00000000 | 0.00000000 | 0.00000000 | 0.00000000 | 0.00000000 | 0.00000000
  39 | 0.00000000 | 0.00000000 | 0.00000000 | 0.00000000 | 0.00000000 | 0.00000000
  40 | 0.00000000 | 0.00000000 | 0.00000000 | 0.00000000 | 0.00000000 | 0.00000000
  41 | 0.00000000 | 0.00000000 | 0.00000000 | 0.00000000 | 0.00000000 | 0.00000000
  42 | 0.00000000 | 0.00000000 | 0.00000000 | 0.00000000 | 0.00000000 | 0.00000000
  43 | 0.00000000 | 0.00000000 | 0.00000000 | 0.00000000 | 0.00000000 | 0.00000000
  44 | 0.00000000 | 0.00000000 | 0.00000000 | 0.00000000 | 0.00000000 | 0.00000000
  45 | 0.00000000 | 0.00000000 | 0.00000000 | 0.00000000 | 0.00000000 | 0.00000000
  46 | 0.00000000 | 0.00000000 | 0.00000000 | 0.00000000 | 0.00000000 | 0.00000000
  47 | 0.00000000 | 0.00000000 | 0.00000000 | 0.00000000 | 0.00000000 | 0.00000000
  48 | 0.00000000 | 0.00000000 | 0.00000000 | 0.00000000 | 0.00000000 | 0.00000000
  49 | 0.00000000 | 0.00000000 | 0.00000000 | 0.00000000 | 0.00000000 | 0.00000000
  50 | 0.00000000 | 0.00000000 | 0.00000000 | 0.00000000 | 0.00000000 | 0.00000000
  51 | 0.00000000 | 0.00000000 | 0.00000000 | 0.00000000 | 0.00000000 | 0.00000000
  52 | 0.00000000 | 0.00000000 | 0.00000000 | 0.00000000 | 0.00000000 | 0.00000000
  53 | 0.00000000 | 0.00000000 | 0.00000000 | 0.00000000 | 0.00000000 | 0.00000000
  54 | 0.00000000 | 0.00000000 | 0.00000000 | 0.00000000 | 0.00000000 | 0.00000000
  55 | 0.00000000 | 0.00000000 | 0.00000000 | 0.00000000 | 0.00000000 | 0.00000000
  56 | 0.00000000 | 0.00000000 | 0.00000000 | 0.00000000 | 0.00000000 | 0.00000000
  57 | 0.00000000 | 0.00000000 | 0.00000000 | 0.00000000 | 0.00000000 | 0.00000000
  58 | 0.00000000 | 0.00000000 | 0.00000000 | 0.00000000 | 0.00000000 | 0.00000000
  59 | 0.00004188 | 0.00018253 | 0.00000000 | 0.00083752 | -0.00004327 | 0.00012702
  60 | 0.00000000 | 0.00000000 | 0.00000000 | 0.00000000 | 0.00000000 | 0.00000000
  61 | 0.00000000 | 0.00000000 | 0.00000000 | 0.00000000 | 0.00000000 | 0.00000000
  62 | 0.00004082 | 0.00017791 | 0.00000000 | 0.00081633 | -0.00004217 | 0.00012380
  63 | 0.00000000 | 0.00000000 | 0.00000000 | 0.00000000 | 0.00000000 | 0.00000000
  64 | 0.00015612 | 0.00052474 | 0.00000000 | 0.00230947 | -0.00008864 | 0.00040089
  65 | 0.00011117 | 0.00035174 | 0.00000000 | 0.00146520 | -0.00005290 | 0.00027524
  66 | 0.00011338 | 0.00026993 | 0.00000000 | 0.00077220 | -0.00001253 | 0.00023928
  67 | 0.00026482 | 0.00068332 | 0.00000000 | 0.00299625 | -0.00005391 | 0.00058355
  68 | 0.00018633 | 0.00040519 | 0.00000000 | 0.00154679 | -0.00000267 | 0.00037533
  69 | 0.00014584 | 0.00037228 | 0.00000000 | 0.00146306 | -0.00002781 | 0.00031949
  70 | 0.00031364 | 0.00077839 | 0.00000000 | 0.00277971 | -0.00004943 | 0.00067672
  71 | 0.00067125 | 0.00135134 | 0.00000000 | 0.00421348 | 0.00004092 | 0.00130157
  72 | 0.00041790 | 0.00046147 | 0.00000000 | 0.00139470 | 0.00020265 | 0.00063315
  73 | 0.00114634 | 0.00139233 | 0.00000000 | 0.00562193 | 0.00049690 | 0.00179579
  74 | 0.00180654 | 0.00171637 | 0.00000000 | 0.00604433 | 0.00100595 | 0.00260713
  75 | 0.00241112 | 0.00183857 | 0.00000000 | 0.00721311 | 0.00155353 | 0.00326871
  76 | 0.00238645 | 0.00205817 | 0.00000000 | 0.00697970 | 0.00142642 | 0.00334647
  77 | 0.00380061 | 0.00269984 | 0.00000000 | 0.01114754 | 0.00254129 | 0.00505994
  78 | 0.00544028 | 0.00426853 | 0.00000000 | 0.01697128 | 0.00344925 | 0.00743131
  79 | 0.00520504 | 0.00261631 | 0.00000000 | 0.00957854 | 0.00398467 | 0.00642540
  80 | 0.00724270 | 0.00466131 | 0.00129786 | 0.01923077 | 0.00506846 | 0.00941694
  81 | 0.00890904 | 0.00414020 | 0.00366748 | 0.01736973 | 0.00697787 | 0.01084021
  82 | 0.01077647 | 0.00466791 | 0.00185874 | 0.01974448 | 0.00859915 | 0.01295379
  83 | 0.01061047 | 0.00396967 | 0.00433168 | 0.01819284 | 0.00875885 | 0.01246210
  84 | 0.01244710 | 0.00409155 | 0.00508259 | 0.02104630 | 0.01053862 | 0.01435558
  85 | 0.01775275 | 0.00648733 | 0.00797721 | 0.03065356 | 0.01472677 | 0.02077872
  86 | 0.02026804 | 0.00557152 | 0.00966767 | 0.03287197 | 0.01766924 | 0.02286684
  87 | 0.02364930 | 0.00568074 | 0.01468860 | 0.03645541 | 0.02099955 | 0.02629905
  88 | 0.02415619 | 0.00641273 | 0.01304594 | 0.03955432 | 0.02116501 | 0.02714737
  89 | 0.02911942 | 0.00728957 | 0.01418842 | 0.04015837 | 0.02571925 | 0.03251959
  90 | 0.03044271 | 0.00666595 | 0.01819155 | 0.04159734 | 0.02733342 | 0.03355201
  91 | 0.03827332 | 0.00736935 | 0.01984822 | 0.04871520 | 0.03483594 | 0.04171071
  92 | 0.04354842 | 0.00820345 | 0.03075233 | 0.06585880 | 0.03972197 | 0.04737486
  93 | 0.04624784 | 0.00608957 | 0.03567568 | 0.05717368 | 0.04340740 | 0.04908829
  94 | 0.05405473 | 0.00605901 | 0.04573805 | 0.06559084 | 0.05122854 | 0.05688092
  95 | 0.05309309 | 0.01112786 | 0.03585008 | 0.08164300 | 0.04790257 | 0.05828362
  96 | 0.06069933 | 0.00869656 | 0.04786681 | 0.07870838 | 0.05664287 | 0.06475579
  97 | 0.06841166 | 0.01037494 | 0.04234694 | 0.08730557 | 0.06357233 | 0.07325099
  98 | 0.07514023 | 0.01087526 | 0.05702218 | 0.10020040 | 0.07006753 | 0.08021293
  99 | 0.07761193 | 0.00949190 | 0.05512622 | 0.08836745 | 0.07318449 | 0.08203937
 100 | 0.08810456 | 0.01195494 | 0.06781429 | 0.11024769 | 0.08252825 | 0.09368087
 101 | 0.08889221 | 0.01202087 | 0.06889764 | 0.11187103 | 0.08328514 | 0.09449927
 102 | 0.09523441 | 0.01179901 | 0.06705539 | 0.11907067 | 0.08973084 | 0.10073798
 103 | 0.10124341 | 0.01204315 | 0.08232446 | 0.12375533 | 0.09562595 | 0.10686086
 104 | 0.10652655 | 0.01011102 | 0.08901790 | 0.13143958 | 0.10181033 | 0.11124277
 105 | 0.11138744 | 0.00991577 | 0.09730751 | 0.13252450 | 0.10676230 | 0.11601259
 106 | 0.11620789 | 0.01166115 | 0.09660450 | 0.13886343 | 0.11076862 | 0.12164716
 107 | 0.12789938 | 0.01298097 | 0.10114504 | 0.14835165 | 0.12184448 | 0.13395427
 108 | 0.12684658 | 0.01115970 | 0.10681489 | 0.14754879 | 0.12164121 | 0.13205195
 109 | 0.13393732 | 0.00935168 | 0.11554721 | 0.15437471 | 0.12957528 | 0.13829935
 110 | 0.13939357 | 0.01225101 | 0.11726384 | 0.15713643 | 0.13367916 | 0.14510798
 111 | 0.14437175 | 0.01061839 | 0.12505747 | 0.16347905 | 0.13941887 | 0.14932463
 112 | 0.15225269 | 0.01245399 | 0.13259424 | 0.17445887 | 0.14644360 | 0.15806178
 113 | 0.16346468 | 0.01295685 | 0.14537246 | 0.19965428 | 0.15742104 | 0.16950833
 114 | 0.16153487 | 0.01182542 | 0.12901805 | 0.18590308 | 0.15601898 | 0.16705077
 115 | 0.17318102 | 0.01281866 | 0.14676069 | 0.19402985 | 0.16720184 | 0.17916021
 116 | 0.17753928 | 0.01367769 | 0.15069104 | 0.19621343 | 0.17115940 | 0.18391915
 117 | 0.18864379 | 0.01120989 | 0.17108640 | 0.20829841 | 0.18341501 | 0.19387257
 118 | 0.19079286 | 0.01402407 | 0.16434176 | 0.21428571 | 0.18425142 | 0.19733430
 119 | 0.19371590 | 0.01635770 | 0.16644650 | 0.25101874 | 0.18608596 | 0.20134585
 120 | 0.19587669 | 0.01240252 | 0.17299955 | 0.21982055 | 0.19009161 | 0.20166177
 121 | 0.20117367 | 0.01637409 | 0.16730852 | 0.22912295 | 0.19353608 | 0.20881127
 122 | 0.21128419 | 0.01103322 | 0.19206416 | 0.22531646 | 0.20613781 | 0.21643056
 123 | 0.21627380 | 0.00918004 | 0.20057307 | 0.24086109 | 0.21199183 | 0.22055577
 124 | 0.22151821 | 0.01247991 | 0.19686621 | 0.24860558 | 0.21569703 | 0.22733938
 125 | 0.22322595 | 0.01364678 | 0.18264840 | 0.24352751 | 0.21686049 | 0.22959140
 126 | 0.23819945 | 0.01042921 | 0.21514907 | 0.25396825 | 0.23333481 | 0.24306409
 127 | 0.23586052 | 0.01305174 | 0.21098039 | 0.25702648 | 0.22977261 | 0.24194842
 128 | 0.24825608 | 0.00976228 | 0.21670607 | 0.26449136 | 0.24370252 | 0.25280963
 129 | 0.25228163 | 0.01371898 | 0.22389273 | 0.28016284 | 0.24588249 | 0.25868076
 130 | 0.24612198 | 0.01241972 | 0.22571873 | 0.26661485 | 0.24032888 | 0.25191508
 131 | 0.26028283 | 0.01160484 | 0.23767798 | 0.27821522 | 0.25486982 | 0.26569583
 132 | 0.26073520 | 0.01248335 | 0.22753567 | 0.27630637 | 0.25491241 | 0.26655798
 133 | 0.26655036 | 0.01330643 | 0.23935558 | 0.29296424 | 0.26034366 | 0.27275706
 134 | 0.26810067 | 0.01257230 | 0.24041411 | 0.29103089 | 0.26223640 | 0.27396494
 135 | 0.27874601 | 0.01269478 | 0.25192237 | 0.29970867 | 0.27282461 | 0.28466741
 136 | 0.28341572 | 0.01295842 | 0.25842266 | 0.30479943 | 0.27737135 | 0.28946010
 137 | 0.28630420 | 0.01283248 | 0.25370974 | 0.30720339 | 0.28031858 | 0.29228983
 138 | 0.29069933 | 0.01194890 | 0.26363969 | 0.32072727 | 0.28512584 | 0.29627282
 139 | 0.29124877 | 0.00896257 | 0.27305346 | 0.31195965 | 0.28706823 | 0.29542931
 140 | 0.30347113 | 0.00987484 | 0.28905977 | 0.32186012 | 0.29886507 | 0.30807718
 141 | 0.30476735 | 0.00977093 | 0.28687943 | 0.32416787 | 0.30020977 | 0.30932494
 142 | 0.31312266 | 0.01249054 | 0.29647715 | 0.33842946 | 0.30729652 | 0.31894880
 143 | 0.31240908 | 0.01260965 | 0.28409894 | 0.33390294 | 0.30652739 | 0.31829078
 144 | 0.31876905 | 0.01392615 | 0.29291454 | 0.34023464 | 0.31227328 | 0.32526481
 145 | 0.32642986 | 0.01322933 | 0.29710656 | 0.35345700 | 0.32025912 | 0.33260060
 146 | 0.33149334 | 0.01079740 | 0.30908458 | 0.35198372 | 0.32645696 | 0.33652972
 147 | 0.32926418 | 0.00862505 | 0.31211287 | 0.34577200 | 0.32524108 | 0.33328729
 148 | 0.33555100 | 0.01264654 | 0.31445905 | 0.35673877 | 0.32965210 | 0.34144990
 149 | 0.34081198 | 0.01086769 | 0.31927711 | 0.36240703 | 0.33574281 | 0.34588115
 150 | 0.34035809 | 0.01335020 | 0.31294356 | 0.37245069 | 0.33413097 | 0.34658521
 151 | 0.34999361 | 0.01064423 | 0.32126399 | 0.37349398 | 0.34502867 | 0.35495854
 152 | 0.35665696 | 0.01289192 | 0.33167496 | 0.38719212 | 0.35064360 | 0.36267032
 153 | 0.35555745 | 0.01371890 | 0.33256351 | 0.38276746 | 0.34915836 | 0.36195655
 154 | 0.36136344 | 0.01261476 | 0.33774161 | 0.38291557 | 0.35547937 | 0.36724752
 155 | 0.36489939 | 0.00745905 | 0.34605516 | 0.37528455 | 0.36142016 | 0.36837862
 156 | 0.37148604 | 0.01413883 | 0.33716727 | 0.39361702 | 0.36489107 | 0.37808101
 157 | 0.37250463 | 0.00969078 | 0.34758665 | 0.39106858 | 0.36798442 | 0.37702483
 158 | 0.37732373 | 0.01242861 | 0.36237374 | 0.40944636 | 0.37152648 | 0.38312098
 159 | 0.37776421 | 0.01211288 | 0.35161699 | 0.39527657 | 0.37211424 | 0.38341419
 160 | 0.38347974 | 0.01143426 | 0.36045772 | 0.40309343 | 0.37814630 | 0.38881318
 161 | 0.38724082 | 0.01005368 | 0.36918785 | 0.40971357 | 0.38255134 | 0.39193030
 162 | 0.38751633 | 0.01212364 | 0.36918697 | 0.41764529 | 0.38186133 | 0.39317133
 163 | 0.40277321 | 0.00870213 | 0.38778673 | 0.41641429 | 0.39871416 | 0.40683227
 164 | 0.39455263 | 0.00937564 | 0.37242424 | 0.41757246 | 0.39017942 | 0.39892584
 165 | 0.39897778 | 0.00966675 | 0.38161808 | 0.42123395 | 0.39446879 | 0.40348677
 166 | 0.40570008 | 0.01138743 | 0.38873833 | 0.42904192 | 0.40038848 | 0.41101167
 167 | 0.40564726 | 0.00857757 | 0.38531553 | 0.42274052 | 0.40164631 | 0.40964821
 168 | 0.41096406 | 0.01122741 | 0.38632942 | 0.42941524 | 0.40572710 | 0.41620101
 169 | 0.41042486 | 0.00953156 | 0.39006440 | 0.42551929 | 0.40597892 | 0.41487080
 170 | 0.41360626 | 0.00813792 | 0.39982138 | 0.43272520 | 0.40981038 | 0.41740214
 171 | 0.41954978 | 0.01123051 | 0.39808084 | 0.43958944 | 0.41431138 | 0.42478818
 172 | 0.42362063 | 0.01525058 | 0.39728009 | 0.45927353 | 0.41650709 | 0.43073416
 173 | 0.42982285 | 0.00827346 | 0.41562227 | 0.44628339 | 0.42596374 | 0.43368195
 174 | 0.43159475 | 0.00782104 | 0.41929078 | 0.44313613 | 0.42794668 | 0.43524283
 175 | 0.43329804 | 0.01086621 | 0.41446809 | 0.45044785 | 0.42822956 | 0.43836651
 176 | 0.43844931 | 0.01137842 | 0.41446613 | 0.45566090 | 0.43314192 | 0.44375670
 177 | 0.44066563 | 0.01288738 | 0.41502320 | 0.46533297 | 0.43465439 | 0.44667687
 178 | 0.44208368 | 0.00829299 | 0.42663657 | 0.45395845 | 0.43821547 | 0.44595190
 179 | 0.44609389 | 0.01090718 | 0.42304458 | 0.47163606 | 0.44100630 | 0.45118148
 180 | 0.45240037 | 0.01043624 | 0.43131082 | 0.46716131 | 0.44753245 | 0.45726829
 181 | 0.45369137 | 0.01056175 | 0.42841649 | 0.47586023 | 0.44876491 | 0.45861783
 182 | 0.45873543 | 0.01050091 | 0.44268665 | 0.48078431 | 0.45383735 | 0.46363351
 183 | 0.45975819 | 0.00913101 | 0.44307608 | 0.47770701 | 0.45549909 | 0.46401729
 184 | 0.46290957 | 0.00851997 | 0.44484182 | 0.47539181 | 0.45893549 | 0.46688366
 185 | 0.46404280 | 0.01149425 | 0.44381872 | 0.48932721 | 0.45868137 | 0.46940422
 186 | 0.46571131 | 0.01103232 | 0.44447389 | 0.49760383 | 0.46056535 | 0.47085727
 187 | 0.46559554 | 0.01150169 | 0.44932615 | 0.48464516 | 0.46023065 | 0.47096043
 188 | 0.46992225 | 0.00980228 | 0.44861606 | 0.48361730 | 0.46535003 | 0.47449446
 189 | 0.47355767 | 0.00912646 | 0.45745511 | 0.48669797 | 0.46930069 | 0.47781465
 190 | 0.47342648 | 0.00835370 | 0.45823129 | 0.48959136 | 0.46952995 | 0.47732301
 191 | 0.47928871 | 0.00880944 | 0.46241700 | 0.49709302 | 0.47517960 | 0.48339782
 192 | 0.48288792 | 0.00996434 | 0.45985011 | 0.50153846 | 0.47824011 | 0.48753573
 193 | 0.48186873 | 0.00732994 | 0.47090768 | 0.49636741 | 0.47844973 | 0.48528773
 194 | 0.48818663 | 0.00971675 | 0.47188139 | 0.51155031 | 0.48365431 | 0.49271895
 195 | 0.48676290 | 0.00761402 | 0.47397476 | 0.50330621 | 0.48321139 | 0.49031442
 196 | 0.49427192 | 0.00672601 | 0.48279513 | 0.51091371 | 0.49113462 | 0.49740923
 197 | 0.49487279 | 0.01224389 | 0.47597019 | 0.51594795 | 0.48916171 | 0.50058387
 198 | 0.49833854 | 0.00821968 | 0.48506329 | 0.51517470 | 0.49450452 | 0.50217256
 199 | 0.50067426 | 0.00916382 | 0.48518057 | 0.52301568 | 0.49639986 | 0.50494867
 200 | 0.50433627 | 0.01024576 | 0.48841310 | 0.51958815 | 0.49955720 | 0.50911534
 201 | 0.50523518 | 0.01313388 | 0.48333764 | 0.53186214 | 0.49910897 | 0.51136140
 202 | 0.50857359 | 0.00761772 | 0.49353816 | 0.52557450 | 0.50502035 | 0.51212682
 203 | 0.50897254 | 0.01187114 | 0.49126691 | 0.53827461 | 0.50343532 | 0.51450976
 204 | 0.51065527 | 0.00879505 | 0.49183622 | 0.52537024 | 0.50655287 | 0.51475767
 205 | 0.51476325 | 0.01041996 | 0.48644026 | 0.53291078 | 0.50990293 | 0.51962358
 206 | 0.51721756 | 0.00919100 | 0.49615200 | 0.53263708 | 0.51293048 | 0.52150465
 207 | 0.51613386 | 0.00948202 | 0.49794039 | 0.53050398 | 0.51171103 | 0.52055669
 208 | 0.52067964 | 0.00917245 | 0.50667314 | 0.54110079 | 0.51640121 | 0.52495807
 209 | 0.52245401 | 0.00910438 | 0.50046926 | 0.53674509 | 0.51820733 | 0.52670069
 210 | 0.52259084 | 0.00714785 | 0.50643163 | 0.53552941 | 0.51925677 | 0.52592491
 211 | 0.52910495 | 0.00840858 | 0.51355276 | 0.54458001 | 0.52518281 | 0.53302708
 212 | 0.52925558 | 0.00976352 | 0.50388916 | 0.54490178 | 0.52470144 | 0.53380971
 213 | 0.52749283 | 0.00807935 | 0.51158979 | 0.54633249 | 0.52372427 | 0.53126139
 214 | 0.53247217 | 0.00629047 | 0.51875594 | 0.54375864 | 0.52953802 | 0.53540632
 215 | 0.53690772 | 0.00844718 | 0.51937425 | 0.55424474 | 0.53296759 | 0.54084786
 216 | 0.53639211 | 0.00592496 | 0.52671217 | 0.54588932 | 0.53362845 | 0.53915578
 217 | 0.54159385 | 0.00927841 | 0.52408389 | 0.56375206 | 0.53726599 | 0.54592171
 218 | 0.54085188 | 0.00960308 | 0.52438458 | 0.55860637 | 0.53637259 | 0.54533118
 219 | 0.54402443 | 0.00803119 | 0.53322528 | 0.56028864 | 0.54027833 | 0.54777053
 220 | 0.54680968 | 0.00722734 | 0.53010653 | 0.55779355 | 0.54343853 | 0.55018083
 221 | 0.54764155 | 0.00838282 | 0.53190030 | 0.56521739 | 0.54373144 | 0.55155166
 222 | 0.54936748 | 0.00795164 | 0.52970865 | 0.56187735 | 0.54565848 | 0.55307648
 223 | 0.55339064 | 0.00806697 | 0.53441296 | 0.57114581 | 0.54962785 | 0.55715343
 224 | 0.55747503 | 0.00887475 | 0.53719008 | 0.57337734 | 0.55333546 | 0.56161460
 225 | 0.55825778 | 0.00717474 | 0.54341485 | 0.57108328 | 0.55491116 | 0.56160439
 226 | 0.56032694 | 0.00720202 | 0.54984629 | 0.57825112 | 0.55696761 | 0.56368628
 227 | 0.56111813 | 0.00684493 | 0.54594362 | 0.57705779 | 0.55792535 | 0.56431090
 228 | 0.56268674 | 0.00961595 | 0.54658100 | 0.58287475 | 0.55820144 | 0.56717204
 229 | 0.56725847 | 0.00922005 | 0.55264879 | 0.58078699 | 0.56295783 | 0.57155910
 230 | 0.56371885 | 0.00862285 | 0.54984493 | 0.57975125 | 0.55969678 | 0.56774093
 231 | 0.56569003 | 0.00860553 | 0.55142610 | 0.58065896 | 0.56167603 | 0.56970402
 232 | 0.57088033 | 0.00700549 | 0.55619782 | 0.58109560 | 0.56761266 | 0.57414800
 233 | 0.56914374 | 0.00814736 | 0.55268726 | 0.58399646 | 0.56534345 | 0.57294402
 234 | 0.57441273 | 0.00629337 | 0.56177606 | 0.58427201 | 0.57147722 | 0.57734823
 235 | 0.57373837 | 0.00993906 | 0.55171660 | 0.59279545 | 0.56910235 | 0.57837438
 236 | 0.57677718 | 0.00874412 | 0.55229318 | 0.58745049 | 0.57269854 | 0.58085582
 237 | 0.57823467 | 0.00903361 | 0.55365802 | 0.59203669 | 0.57402100 | 0.58244834
 238 | 0.57843733 | 0.00679551 | 0.56285654 | 0.59252336 | 0.57526761 | 0.58160706
 239 | 0.58093903 | 0.00708780 | 0.56699752 | 0.59635309 | 0.57763297 | 0.58424509
 240 | 0.58230811 | 0.00808163 | 0.56766293 | 0.59689441 | 0.57853848 | 0.58607773
 241 | 0.58377466 | 0.00760487 | 0.56488706 | 0.59913881 | 0.58022742 | 0.58732191
 242 | 0.58905444 | 0.00769470 | 0.57002141 | 0.60712068 | 0.58546530 | 0.59264359
 243 | 0.58913395 | 0.00727891 | 0.57693131 | 0.60444444 | 0.58573875 | 0.59252915
 244 | 0.59244666 | 0.00889409 | 0.57517949 | 0.60484528 | 0.58829806 | 0.59659525
 245 | 0.59335081 | 0.00679803 | 0.58069135 | 0.60469785 | 0.59017991 | 0.59652171
 246 | 0.59489627 | 0.00653046 | 0.58028681 | 0.60894425 | 0.59185018 | 0.59794237
 247 | 0.59503660 | 0.00831748 | 0.58139063 | 0.60932118 | 0.59115696 | 0.59891624
 248 | 0.59878907 | 0.00766332 | 0.57884028 | 0.61927614 | 0.59521457 | 0.60236358
 249 | 0.59851777 | 0.00800434 | 0.58360064 | 0.61076893 | 0.59478419 | 0.60225134
 250 | 0.60116058 | 0.01049522 | 0.57725410 | 0.61515690 | 0.59626515 | 0.60605601
 251 | 0.60060920 | 0.00791754 | 0.58777120 | 0.61702128 | 0.59691611 | 0.60430229
 252 | 0.60281454 | 0.00905742 | 0.58397474 | 0.61578215 | 0.59858976 | 0.60703931
 253 | 0.60406447 | 0.00606363 | 0.59465875 | 0.61459969 | 0.60123612 | 0.60689281
 254 | 0.60578233 | 0.00962148 | 0.58636545 | 0.62393658 | 0.60129445 | 0.61027021
 255 | 0.60726522 | 0.00683076 | 0.59356494 | 0.61869378 | 0.60407905 | 0.61045138
 256 | 0.60858163 | 0.00723906 | 0.59234144 | 0.61971014 | 0.60520501 | 0.61195825
 257 | 0.61025310 | 0.00842157 | 0.59711538 | 0.62842699 | 0.60632491 | 0.61418128
 258 | 0.61386056 | 0.00775127 | 0.59636651 | 0.62813289 | 0.61024503 | 0.61747610
 259 | 0.61473174 | 0.00709484 | 0.60027100 | 0.62958649 | 0.61142240 | 0.61804108
 260 | 0.61394497 | 0.00745160 | 0.60066654 | 0.62782805 | 0.61046922 | 0.61742073
 261 | 0.61720901 | 0.00865389 | 0.60486674 | 0.63956127 | 0.61317245 | 0.62124556
 262 | 0.62188643 | 0.00816760 | 0.60227058 | 0.63450124 | 0.61807671 | 0.62569615
 263 | 0.62085757 | 0.00779545 | 0.60587239 | 0.63189606 | 0.61722143 | 0.62449371
 264 | 0.62025576 | 0.00713141 | 0.60779944 | 0.63482512 | 0.61692935 | 0.62358216
 265 | 0.62343170 | 0.00867641 | 0.59893556 | 0.63564132 | 0.61938464 | 0.62747876
 266 | 0.62518615 | 0.00717292 | 0.61228773 | 0.64100168 | 0.62184038 | 0.62853191
 267 | 0.62422918 | 0.00643975 | 0.61453868 | 0.63654993 | 0.62122540 | 0.62723296
 268 | 0.62518362 | 0.00826763 | 0.61130137 | 0.64691634 | 0.62132723 | 0.62904000
 269 | 0.63004149 | 0.00944648 | 0.61250708 | 0.64385086 | 0.62563524 | 0.63444775
 270 | 0.63132526 | 0.00582431 | 0.62167727 | 0.64031840 | 0.62860855 | 0.63404198
 271 | 0.63016107 | 0.00845224 | 0.60423241 | 0.64201559 | 0.62621857 | 0.63410356
 272 | 0.63094962 | 0.00804885 | 0.61684527 | 0.64687894 | 0.62719528 | 0.63470395
 273 | 0.63452447 | 0.00608699 | 0.62301147 | 0.64667154 | 0.63168523 | 0.63736370
 274 | 0.63451999 | 0.00553052 | 0.62027397 | 0.64576916 | 0.63194032 | 0.63709967
 275 | 0.63342629 | 0.00663815 | 0.62374550 | 0.64518452 | 0.63032997 | 0.63652261
 276 | 0.63645975 | 0.00808868 | 0.62417943 | 0.66025415 | 0.63268684 | 0.64023267
 277 | 0.63859728 | 0.00821877 | 0.62410587 | 0.64979208 | 0.63476369 | 0.64243087
 278 | 0.63838795 | 0.00697646 | 0.62362838 | 0.64988395 | 0.63513382 | 0.64164208
 279 | 0.64196514 | 0.00807606 | 0.62621962 | 0.65669516 | 0.63819811 | 0.64573217
 280 | 0.64196524 | 0.00911757 | 0.62931492 | 0.65947075 | 0.63771240 | 0.64621807
 281 | 0.64370421 | 0.00618324 | 0.63284853 | 0.65820068 | 0.64082008 | 0.64658835
 282 | 0.64528412 | 0.00771235 | 0.62936937 | 0.66023029 | 0.64168674 | 0.64888150
 283 | 0.64792173 | 0.00588303 | 0.63975925 | 0.66173943 | 0.64517763 | 0.65066583
 284 | 0.64805555 | 0.00559216 | 0.63615800 | 0.65782540 | 0.64544712 | 0.65066398
 285 | 0.65141755 | 0.00771543 | 0.64000000 | 0.66689763 | 0.64781873 | 0.65501637
 286 | 0.64958782 | 0.00874568 | 0.63075276 | 0.66246719 | 0.64550845 | 0.65366719
 287 | 0.65013996 | 0.00663720 | 0.63700070 | 0.66435309 | 0.64704408 | 0.65323584
 288 | 0.65112594 | 0.00743634 | 0.63622129 | 0.66643765 | 0.64765730 | 0.65459457
 289 | 0.65340061 | 0.00549262 | 0.63832058 | 0.66271777 | 0.65083861 | 0.65596261
 290 | 0.65362629 | 0.00736577 | 0.63371580 | 0.66904277 | 0.65019057 | 0.65706201
 291 | 0.65362222 | 0.00572733 | 0.64459574 | 0.66838399 | 0.65095074 | 0.65629369
 292 | 0.65718051 | 0.00873698 | 0.64099485 | 0.67882578 | 0.65310520 | 0.66125583
 293 | 0.65870703 | 0.00509510 | 0.65078019 | 0.66757819 | 0.65633045 | 0.66108361
 294 | 0.65946502 | 0.00679605 | 0.64891452 | 0.67710304 | 0.65629505 | 0.66263500
 295 | 0.66146577 | 0.00764079 | 0.64432216 | 0.68120526 | 0.65790177 | 0.66502976
 296 | 0.66286964 | 0.00784641 | 0.65055058 | 0.67876344 | 0.65920973 | 0.66652955
 297 | 0.66301432 | 0.00602741 | 0.64897147 | 0.67947438 | 0.66020287 | 0.66582577
 298 | 0.66405817 | 0.00870330 | 0.64827239 | 0.67582970 | 0.65999857 | 0.66811777
 299 | 0.66650911 | 0.00777557 | 0.65230972 | 0.68280020 | 0.66288224 | 0.67013598
 300 | 0.66443596 | 0.00719432 | 0.65291983 | 0.67617108 | 0.66108022 | 0.66779171
 301 | 0.66719720 | 0.00640833 | 0.64857969 | 0.67618890 | 0.66420808 | 0.67018632
 302 | 0.66823817 | 0.00779532 | 0.65306460 | 0.68193804 | 0.66460209 | 0.67187424
 303 | 0.66839225 | 0.00760623 | 0.65243902 | 0.68133659 | 0.66484437 | 0.67194013
 304 | 0.67121959 | 0.00717668 | 0.65156276 | 0.68214706 | 0.66787207 | 0.67456711
 305 | 0.67116087 | 0.00706604 | 0.65616883 | 0.68210732 | 0.66786496 | 0.67445678
 306 | 0.67321828 | 0.00592250 | 0.65808942 | 0.68441433 | 0.67045577 | 0.67598079
 307 | 0.67212471 | 0.00608227 | 0.66320988 | 0.68557036 | 0.66928767 | 0.67496174
 308 | 0.67321985 | 0.00487455 | 0.66415958 | 0.68219445 | 0.67094615 | 0.67549355
 309 | 0.67514725 | 0.00571772 | 0.66398951 | 0.68715537 | 0.67248026 | 0.67781425
 310 | 0.67860330 | 0.00584195 | 0.66478646 | 0.68917845 | 0.67587836 | 0.68132824
 311 | 0.67818947 | 0.00608860 | 0.66703839 | 0.68735045 | 0.67534948 | 0.68102945
 312 | 0.68001048 | 0.00673025 | 0.66336634 | 0.69088591 | 0.67687119 | 0.68314976
 313 | 0.68002712 | 0.00549452 | 0.66735341 | 0.69206043 | 0.67746423 | 0.68259000
 314 | 0.68207751 | 0.00730926 | 0.66926008 | 0.69299792 | 0.67866815 | 0.68548687
 315 | 0.68263413 | 0.00437602 | 0.67349552 | 0.69094394 | 0.68059297 | 0.68467530
 316 | 0.68274076 | 0.00727755 | 0.66591748 | 0.69687301 | 0.67934619 | 0.68613533
 317 | 0.68319906 | 0.00794899 | 0.67054568 | 0.69834134 | 0.67949130 | 0.68690682
 318 | 0.68478051 | 0.00541191 | 0.67274472 | 0.69826127 | 0.68225616 | 0.68730486
 319 | 0.68695289 | 0.00755015 | 0.67218441 | 0.70215782 | 0.68343117 | 0.69047461
 320 | 0.68548622 | 0.00548341 | 0.67471919 | 0.69406322 | 0.68292852 | 0.68804393
 321 | 0.68678231 | 0.00491831 | 0.67555831 | 0.69502639 | 0.68448819 | 0.68907643
 322 | 0.68586997 | 0.00627585 | 0.67344703 | 0.69599249 | 0.68294263 | 0.68879730
 323 | 0.69021211 | 0.00647366 | 0.67925716 | 0.70237723 | 0.68719251 | 0.69323171
 324 | 0.69105243 | 0.00620355 | 0.67967403 | 0.70553360 | 0.68815882 | 0.69394604
 325 | 0.69072651 | 0.00731922 | 0.67900663 | 0.70345357 | 0.68731251 | 0.69414052
 326 | 0.69225078 | 0.00384180 | 0.68573631 | 0.70150188 | 0.69045880 | 0.69404277
 327 | 0.69498812 | 0.00807779 | 0.67872045 | 0.70745342 | 0.69122029 | 0.69875596
 328 | 0.69235701 | 0.00593752 | 0.68502847 | 0.70938386 | 0.68958749 | 0.69512653
 329 | 0.69507396 | 0.00589479 | 0.68623298 | 0.70562039 | 0.69232437 | 0.69782354
 330 | 0.69627977 | 0.00662095 | 0.68421849 | 0.71031805 | 0.69319147 | 0.69936807
 331 | 0.69524234 | 0.00526351 | 0.68884865 | 0.70970218 | 0.69278721 | 0.69769747
 332 | 0.69555681 | 0.00610334 | 0.68219780 | 0.70405364 | 0.69270995 | 0.69840367
 333 | 0.69696651 | 0.00537765 | 0.68283469 | 0.70398120 | 0.69445814 | 0.69947489
 334 | 0.69983978 | 0.00514299 | 0.69181527 | 0.71079094 | 0.69744087 | 0.70223870
 335 | 0.70151741 | 0.00461222 | 0.69104367 | 0.70945228 | 0.69936607 | 0.70366875
 336 | 0.69937353 | 0.00287006 | 0.69345597 | 0.70556951 | 0.69803481 | 0.70071226
 337 | 0.70416590 | 0.00564690 | 0.69615610 | 0.71299452 | 0.70153194 | 0.70679987
 338 | 0.70644576 | 0.00591478 | 0.69507715 | 0.71956586 | 0.70368684 | 0.70920467
 339 | 0.70677818 | 0.00560863 | 0.69756387 | 0.71666915 | 0.70416206 | 0.70939429
 340 | 0.70281394 | 0.00445044 | 0.69313812 | 0.71189427 | 0.70073806 | 0.70488982
 341 | 0.70456940 | 0.00591403 | 0.69231880 | 0.71260913 | 0.70181084 | 0.70732796
 342 | 0.70543625 | 0.00780315 | 0.69040740 | 0.72059872 | 0.70179652 | 0.70907598
 343 | 0.70771893 | 0.00633737 | 0.69686561 | 0.71766096 | 0.70476290 | 0.71067495
 344 | 0.70871849 | 0.00420658 | 0.69878120 | 0.71515237 | 0.70675636 | 0.71068062
 345 | 0.70779627 | 0.00571142 | 0.69801478 | 0.72012761 | 0.70513221 | 0.71046032
 346 | 0.71162209 | 0.00722551 | 0.69761587 | 0.72507205 | 0.70825180 | 0.71499239
 347 | 0.70941831 | 0.00698444 | 0.69558382 | 0.72414288 | 0.70616047 | 0.71267616
 348 | 0.71035131 | 0.00424557 | 0.70343348 | 0.71911085 | 0.70837099 | 0.71233163
 349 | 0.71110002 | 0.00595338 | 0.69485134 | 0.72073483 | 0.70832310 | 0.71387694
 350 | 0.71060684 | 0.00513172 | 0.69905009 | 0.71930844 | 0.70821318 | 0.71300049
 351 | 0.71282970 | 0.00460480 | 0.70272989 | 0.72025955 | 0.71068182 | 0.71497758
 352 | 0.71463962 | 0.00494789 | 0.70273365 | 0.72126966 | 0.71233170 | 0.71694753
 353 | 0.71623692 | 0.00560634 | 0.70264193 | 0.72554234 | 0.71362188 | 0.71885197
 354 | 0.71756303 | 0.00564388 | 0.70691594 | 0.73103644 | 0.71493048 | 0.72019559
 355 | 0.71823955 | 0.00396983 | 0.70869191 | 0.72981671 | 0.71638784 | 0.72009125
 356 | 0.71702475 | 0.00507592 | 0.70809088 | 0.72717134 | 0.71465712 | 0.71939238
 357 | 0.71901567 | 0.00355217 | 0.71353426 | 0.72692953 | 0.71735878 | 0.72067256
 358 | 0.71898889 | 0.00486583 | 0.71097526 | 0.72963801 | 0.71671925 | 0.72125852
 359 | 0.72054115 | 0.00580471 | 0.71045688 | 0.73189797 | 0.71783357 | 0.72324872
 360 | 0.71838770 | 0.00493419 | 0.70964661 | 0.72727273 | 0.71608618 | 0.72068922
 361 | 0.72052535 | 0.00486547 | 0.71180175 | 0.72914663 | 0.71825588 | 0.72279482
 362 | 0.72311525 | 0.00669281 | 0.70669810 | 0.74009901 | 0.71999343 | 0.72623707
 363 | 0.72353467 | 0.00406931 | 0.71322499 | 0.73008422 | 0.72163656 | 0.72543277
 364 | 0.72611166 | 0.00527219 | 0.71456044 | 0.73577348 | 0.72365248 | 0.72857084
 365 | 0.72763279 | 0.00410259 | 0.71941949 | 0.73531833 | 0.72571916 | 0.72954641
 366 | 0.72601075 | 0.00696406 | 0.71386389 | 0.74229381 | 0.72276241 | 0.72925909
 367 | 0.72482997 | 0.00654416 | 0.71340797 | 0.73863946 | 0.72177749 | 0.72788246
 368 | 0.72731603 | 0.00555461 | 0.71750201 | 0.73904382 | 0.72472512 | 0.72990695
 369 | 0.72945340 | 0.00515031 | 0.72112753 | 0.73879013 | 0.72705107 | 0.73185572
 370 | 0.72818653 | 0.00527356 | 0.71882969 | 0.73805960 | 0.72572671 | 0.73064635
 371 | 0.72861792 | 0.00538976 | 0.72069386 | 0.73714131 | 0.72610390 | 0.73113194
 372 | 0.73228661 | 0.00437115 | 0.72372215 | 0.74228987 | 0.73024772 | 0.73432551
 373 | 0.72989372 | 0.00473076 | 0.72046975 | 0.73946049 | 0.72768709 | 0.73210035
 374 | 0.73221336 | 0.00491247 | 0.72305208 | 0.74116059 | 0.72992197 | 0.73450475
 375 | 0.73243563 | 0.00515661 | 0.71797964 | 0.74146600 | 0.73003036 | 0.73484090
 376 | 0.73398083 | 0.00567552 | 0.72239915 | 0.74416136 | 0.73133352 | 0.73662814
 377 | 0.73422318 | 0.00427410 | 0.72661582 | 0.74051473 | 0.73222956 | 0.73621681
 378 | 0.73309204 | 0.00314106 | 0.72668464 | 0.73810755 | 0.73162691 | 0.73455717
 379 | 0.73607929 | 0.00461507 | 0.72196355 | 0.74294872 | 0.73392662 | 0.73823196
 380 | 0.73490815 | 0.00717301 | 0.72329060 | 0.75200843 | 0.73156234 | 0.73825396
 381 | 0.73731579 | 0.00464815 | 0.72907174 | 0.74596984 | 0.73514769 | 0.73948389
 382 | 0.73743956 | 0.00484104 | 0.72688088 | 0.74970699 | 0.73518148 | 0.73969763
 383 | 0.73845832 | 0.00586548 | 0.72749772 | 0.75126768 | 0.73572241 | 0.74119423
 384 | 0.73753266 | 0.00769651 | 0.72160185 | 0.75141826 | 0.73394267 | 0.74112265
 385 | 0.74148031 | 0.00575604 | 0.72735566 | 0.75141466 | 0.73879544 | 0.74416518
 386 | 0.74089098 | 0.00491298 | 0.73230060 | 0.75373904 | 0.73859935 | 0.74318261
 387 | 0.73849611 | 0.00554114 | 0.72584477 | 0.75065240 | 0.73591148 | 0.74108074
 388 | 0.74073422 | 0.00502931 | 0.72851086 | 0.74771805 | 0.73838833 | 0.74308011
 389 | 0.73992942 | 0.00353840 | 0.73279979 | 0.74610217 | 0.73827896 | 0.74157989
 390 | 0.74380288 | 0.00585987 | 0.73152646 | 0.75445020 | 0.74106958 | 0.74653618
 391 | 0.74360868 | 0.00468011 | 0.73468602 | 0.75091714 | 0.74142568 | 0.74579169
 392 | 0.74408230 | 0.00569870 | 0.72971221 | 0.75629601 | 0.74142418 | 0.74674043
 393 | 0.74537800 | 0.00634299 | 0.73478097 | 0.75863382 | 0.74241935 | 0.74833665
 394 | 0.74492937 | 0.00593758 | 0.73336719 | 0.75594636 | 0.74215983 | 0.74769892
 395 | 0.74390952 | 0.00564839 | 0.73251132 | 0.75453749 | 0.74127487 | 0.74654418
 396 | 0.74678619 | 0.00569398 | 0.73790530 | 0.75791968 | 0.74413026 | 0.74944211
 397 | 0.74571034 | 0.00612784 | 0.73099565 | 0.75528169 | 0.74285205 | 0.74856863
 398 | 0.74721753 | 0.00458864 | 0.73857358 | 0.75375077 | 0.74507718 | 0.74935787
 399 | 0.74820428 | 0.00489232 | 0.73764115 | 0.75881911 | 0.74592229 | 0.75048627
 400 | 0.74894848 | 0.00459204 | 0.74104612 | 0.75882720 | 0.74680656 | 0.75109041
