# MÉDIAS E ESTATÍSTICAS
# Requisição 5: [2,6]
# Modo: CONJUNTO
# ============================================================
# Load | Média | DesvioPadrão | Mínimo | Máximo | IC 95% (inferior) | IC 95% (superior)
# ============================================================
   1 | 0.00000000 | 0.00000000 | 0.00000000 | 0.00000000 | 0.00000000 | 0.00000000
   2 | 0.00000000 | 0.00000000 | 0.00000000 | 0.00000000 | 0.00000000 | 0.00000000
   3 | 0.00000000 | 0.00000000 | 0.00000000 | 0.00000000 | 0.00000000 | 0.00000000
   4 | 0.00000000 | 0.00000000 | 0.00000000 | 0.00000000 | 0.00000000 | 0.00000000
   5 | 0.00000000 | 0.00000000 | 0.00000000 | 0.00000000 | 0.00000000 | 0.00000000
   6 | 0.00000000 | 0.00000000 | 0.00000000 | 0.00000000 | 0.00000000 | 0.00000000
   7 | 0.00000000 | 0.00000000 | 0.00000000 | 0.00000000 | 0.00000000 | 0.00000000
   8 | 0.00000000 | 0.00000000 | 0.00000000 | 0.00000000 | 0.00000000 | 0.00000000
   9 | 0.00000000 | 0.00000000 | 0.00000000 | 0.00000000 | 0.00000000 | 0.00000000
  10 | 0.00000000 | 0.00000000 | 0.00000000 | 0.00000000 | 0.00000000 | 0.00000000
  11 | 0.00000000 | 0.00000000 | 0.00000000 | 0.00000000 | 0.00000000 | 0.00000000
  12 | 0.00000000 | 0.00000000 | 0.00000000 | 0.00000000 | 0.00000000 | 0.00000000
  13 | 0.00000000 | 0.00000000 | 0.00000000 | 0.00000000 | 0.00000000 | 0.00000000
  14 | 0.00000000 | 0.00000000 | 0.00000000 | 0.00000000 | 0.00000000 | 0.00000000
  15 | 0.00000000 | 0.00000000 | 0.00000000 | 0.00000000 | 0.00000000 | 0.00000000
  16 | 0.00000000 | 0.00000000 | 0.00000000 | 0.00000000 | 0.00000000 | 0.00000000
  17 | 0.00000000 | 0.00000000 | 0.00000000 | 0.00000000 | 0.00000000 | 0.00000000
  18 | 0.00000000 | 0.00000000 | 0.00000000 | 0.00000000 | 0.00000000 | 0.00000000
  19 | 0.00000000 | 0.00000000 | 0.00000000 | 0.00000000 | 0.00000000 | 0.00000000
  20 | 0.00000000 | 0.00000000 | 0.00000000 | 0.00000000 | 0.00000000 | 0.00000000
  21 | 0.00000000 | 0.00000000 | 0.00000000 | 0.00000000 | 0.00000000 | 0.00000000
  22 | 0.00000000 | 0.00000000 | 0.00000000 | 0.00000000 | 0.00000000 | 0.00000000
  23 | 0.00000000 | 0.00000000 | 0.00000000 | 0.00000000 | 0.00000000 | 0.00000000
  24 | 0.00000000 | 0.00000000 | 0.00000000 | 0.00000000 | 0.00000000 | 0.00000000
  25 | 0.00000000 | 0.00000000 | 0.00000000 | 0.00000000 | 0.00000000 | 0.00000000
  26 | 0.00000000 | 0.00000000 | 0.00000000 | 0.00000000 | 0.00000000 | 0.00000000
  27 | 0.00000000 | 0.00000000 | 0.00000000 | 0.00000000 | 0.00000000 | 0.00000000
  28 | 0.00000000 | 0.00000000 | 0.00000000 | 0.00000000 | 0.00000000 | 0.00000000
  29 | 0.00000000 | 0.00000000 | 0.00000000 | 0.00000000 | 0.00000000 | 0.00000000
  30 | 0.00000000 | 0.00000000 | 0.00000000 | 0.00000000 | 0.00000000 | 0.00000000
  31 | 0.00000000 | 0.00000000 | 0.00000000 | 0.00000000 | 0.00000000 | 0.00000000
  32 | 0.00000000 | 0.00000000 | 0.00000000 | 0.00000000 | 0.00000000 | 0.00000000
  33 | 0.00000000 | 0.00000000 | 0.00000000 | 0.00000000 | 0.00000000 | 0.00000000
  34 | 0.00000000 | 0.00000000 | 0.00000000 | 0.00000000 | 0.00000000 | 0.00000000
  35 | 0.00000000 | 0.00000000 | 0.00000000 | 0.00000000 | 0.00000000 | 0.00000000
  36 | 0.00000000 | 0.00000000 | 0.00000000 | 0.00000000 | 0.00000000 | 0.00000000
  37 | 0.00000000 | 0.00000000 | 0.00000000 | 0.00000000 | 0.00000000 | 0.00000000
  38 | 0.00000000 | 0.00000000 | 0.00000000 | 0.00000000 | 0.00000000 | 0.00000000
  39 | 0.00000000 | 0.00000000 | 0.00000000 | 0.00000000 | 0.00000000 | 0.00000000
  40 | 0.00000000 | 0.00000000 | 0.00000000 | 0.00000000 | 0.00000000 | 0.00000000
  41 | 0.00000000 | 0.00000000 | 0.00000000 | 0.00000000 | 0.00000000 | 0.00000000
  42 | 0.00000000 | 0.00000000 | 0.00000000 | 0.00000000 | 0.00000000 | 0.00000000
  43 | 0.00000000 | 0.00000000 | 0.00000000 | 0.00000000 | 0.00000000 | 0.00000000
  44 | 0.00000000 | 0.00000000 | 0.00000000 | 0.00000000 | 0.00000000 | 0.00000000
  45 | 0.00000000 | 0.00000000 | 0.00000000 | 0.00000000 | 0.00000000 | 0.00000000
  46 | 0.00000000 | 0.00000000 | 0.00000000 | 0.00000000 | 0.00000000 | 0.00000000
  47 | 0.00000000 | 0.00000000 | 0.00000000 | 0.00000000 | 0.00000000 | 0.00000000
  48 | 0.00000000 | 0.00000000 | 0.00000000 | 0.00000000 | 0.00000000 | 0.00000000
  49 | 0.00000000 | 0.00000000 | 0.00000000 | 0.00000000 | 0.00000000 | 0.00000000
  50 | 0.00000000 | 0.00000000 | 0.00000000 | 0.00000000 | 0.00000000 | 0.00000000
  51 | 0.00000000 | 0.00000000 | 0.00000000 | 0.00000000 | 0.00000000 | 0.00000000
  52 | 0.00000000 | 0.00000000 | 0.00000000 | 0.00000000 | 0.00000000 | 0.00000000
  53 | 0.00000000 | 0.00000000 | 0.00000000 | 0.00000000 | 0.00000000 | 0.00000000
  54 | 0.00000000 | 0.00000000 | 0.00000000 | 0.00000000 | 0.00000000 | 0.00000000
  55 | 0.00000000 | 0.00000000 | 0.00000000 | 0.00000000 | 0.00000000 | 0.00000000
  56 | 0.00000000 | 0.00000000 | 0.00000000 | 0.00000000 | 0.00000000 | 0.00000000
  57 | 0.00000000 | 0.00000000 | 0.00000000 | 0.00000000 | 0.00000000 | 0.00000000
  58 | 0.00000000 | 0.00000000 | 0.00000000 | 0.00000000 | 0.00000000 | 0.00000000
  59 | 0.00000000 | 0.00000000 | 0.00000000 | 0.00000000 | 0.00000000 | 0.00000000
  60 | 0.00000000 | 0.00000000 | 0.00000000 | 0.00000000 | 0.00000000 | 0.00000000
  61 | 0.00000000 | 0.00000000 | 0.00000000 | 0.00000000 | 0.00000000 | 0.00000000
  62 | 0.00004198 | 0.00018299 | 0.00000000 | 0.00083963 | -0.00004337 | 0.00012734
  63 | 0.00000000 | 0.00000000 | 0.00000000 | 0.00000000 | 0.00000000 | 0.00000000
  64 | 0.00015302 | 0.00066701 | 0.00000000 | 0.00306044 | -0.00015810 | 0.00046414
  65 | 0.00000000 | 0.00000000 | 0.00000000 | 0.00000000 | 0.00000000 | 0.00000000
  66 | 0.00015152 | 0.00051331 | 0.00000000 | 0.00226929 | -0.00008791 | 0.00039095
  67 | 0.00011534 | 0.00036823 | 0.00000000 | 0.00155159 | -0.00005641 | 0.00028710
  68 | 0.00015191 | 0.00051278 | 0.00000000 | 0.00226244 | -0.00008727 | 0.00039110
  69 | 0.00021332 | 0.00045461 | 0.00000000 | 0.00145985 | 0.00000127 | 0.00042537
  70 | 0.00039246 | 0.00088901 | 0.00000000 | 0.00356888 | -0.00002221 | 0.00080713
  71 | 0.00074710 | 0.00119604 | 0.00000000 | 0.00436999 | 0.00018922 | 0.00130499
  72 | 0.00072982 | 0.00077013 | 0.00000000 | 0.00274725 | 0.00037059 | 0.00108904
  73 | 0.00129728 | 0.00127231 | 0.00000000 | 0.00403769 | 0.00070382 | 0.00189074
  74 | 0.00198224 | 0.00252477 | 0.00000000 | 0.00877193 | 0.00080458 | 0.00315991
  75 | 0.00225157 | 0.00200265 | 0.00000000 | 0.00958248 | 0.00131745 | 0.00318569
  76 | 0.00291718 | 0.00290636 | 0.00000000 | 0.00992720 | 0.00156153 | 0.00427283
  77 | 0.00359246 | 0.00316733 | 0.00000000 | 0.01531589 | 0.00211508 | 0.00506984
  78 | 0.00576452 | 0.00449092 | 0.00000000 | 0.01412239 | 0.00366975 | 0.00785928
  79 | 0.00653891 | 0.00328590 | 0.00000000 | 0.01231527 | 0.00500622 | 0.00807159
  80 | 0.00576197 | 0.00346902 | 0.00127307 | 0.01451104 | 0.00414387 | 0.00738007
  81 | 0.00811623 | 0.00425023 | 0.00187735 | 0.01566265 | 0.00613374 | 0.01009873
  82 | 0.01036356 | 0.00384996 | 0.00188088 | 0.01559688 | 0.00856777 | 0.01215935
  83 | 0.01031144 | 0.00432219 | 0.00122775 | 0.01656442 | 0.00829538 | 0.01232750
  84 | 0.01396521 | 0.00427168 | 0.00547778 | 0.02199662 | 0.01197271 | 0.01595771
  85 | 0.01574413 | 0.00510790 | 0.00612745 | 0.02516779 | 0.01336159 | 0.01812668
  86 | 0.01944778 | 0.00489134 | 0.01058824 | 0.03266033 | 0.01716625 | 0.02172931
  87 | 0.02410090 | 0.00590347 | 0.01634559 | 0.03833516 | 0.02134727 | 0.02685454
  88 | 0.02265377 | 0.00640359 | 0.01007109 | 0.03428239 | 0.01966685 | 0.02564068
  89 | 0.02691344 | 0.00624105 | 0.01287303 | 0.03865268 | 0.02400234 | 0.02982454
  90 | 0.03068345 | 0.00601845 | 0.01730877 | 0.04377104 | 0.02787618 | 0.03349072
  91 | 0.03814721 | 0.00787894 | 0.02390438 | 0.05758881 | 0.03447213 | 0.04182230
  92 | 0.04133251 | 0.00732852 | 0.03104326 | 0.05967826 | 0.03791417 | 0.04475086
  93 | 0.04468640 | 0.00601390 | 0.03480663 | 0.05599577 | 0.04188125 | 0.04749154
  94 | 0.05504278 | 0.00850757 | 0.03877221 | 0.06912929 | 0.05107447 | 0.05901108
  95 | 0.05243756 | 0.01036542 | 0.03257497 | 0.07049180 | 0.04760267 | 0.05727245
  96 | 0.06044301 | 0.00877727 | 0.04654984 | 0.08211297 | 0.05634891 | 0.06453712
  97 | 0.06801294 | 0.01124688 | 0.05243838 | 0.10279441 | 0.06276690 | 0.07325897
  98 | 0.07795763 | 0.00976583 | 0.05390539 | 0.09249743 | 0.07340242 | 0.08251284
  99 | 0.07902741 | 0.01047504 | 0.05330600 | 0.09557702 | 0.07414140 | 0.08391343
 100 | 0.08789189 | 0.01125424 | 0.06364111 | 0.10305882 | 0.08264242 | 0.09314136
 101 | 0.09170199 | 0.01298629 | 0.07181773 | 0.11334642 | 0.08564461 | 0.09775936
 102 | 0.09529466 | 0.01248952 | 0.07650273 | 0.12132524 | 0.08946900 | 0.10112032
 103 | 0.10130109 | 0.01173519 | 0.07580321 | 0.12338594 | 0.09582728 | 0.10677489
 104 | 0.10700829 | 0.00872349 | 0.08823529 | 0.12125604 | 0.10293928 | 0.11107731
 105 | 0.11336160 | 0.01151757 | 0.09700772 | 0.13308516 | 0.10798930 | 0.11873390
 106 | 0.11262096 | 0.01354909 | 0.08820755 | 0.14083219 | 0.10630107 | 0.11894085
 107 | 0.12916113 | 0.01125937 | 0.10901564 | 0.14640884 | 0.12390927 | 0.13441299
 108 | 0.12995211 | 0.01151967 | 0.10323501 | 0.15291480 | 0.12457884 | 0.13532539
 109 | 0.13347410 | 0.00953199 | 0.11913696 | 0.15957933 | 0.12902796 | 0.13792024
 110 | 0.14282351 | 0.01012680 | 0.12794457 | 0.16553596 | 0.13809993 | 0.14754709
 111 | 0.14614811 | 0.01143949 | 0.12872194 | 0.16928044 | 0.14081223 | 0.15148399
 112 | 0.14890717 | 0.01118571 | 0.12584270 | 0.16892502 | 0.14368967 | 0.15412468
 113 | 0.15977214 | 0.01106618 | 0.13950339 | 0.17644558 | 0.15461039 | 0.16493389
 114 | 0.15685608 | 0.01467705 | 0.12735230 | 0.18021201 | 0.15001006 | 0.16370210
 115 | 0.17215814 | 0.01465972 | 0.15177426 | 0.20676533 | 0.16532021 | 0.17899608
 116 | 0.17784615 | 0.01003790 | 0.15945828 | 0.19588477 | 0.17316403 | 0.18252826
 117 | 0.18701488 | 0.01071774 | 0.17009660 | 0.21057047 | 0.18201565 | 0.19201410
 118 | 0.19128124 | 0.01163410 | 0.17080353 | 0.21174524 | 0.18585459 | 0.19670790
 119 | 0.19783057 | 0.01524208 | 0.16506477 | 0.24092010 | 0.19072100 | 0.20494015
 120 | 0.19265281 | 0.01093862 | 0.17771334 | 0.21611722 | 0.18755056 | 0.19775506
 121 | 0.20275334 | 0.01128115 | 0.18205462 | 0.22307040 | 0.19749132 | 0.20801537
 122 | 0.20873338 | 0.01222654 | 0.18335393 | 0.23522316 | 0.20303038 | 0.21443638
 123 | 0.21253922 | 0.01320120 | 0.19249592 | 0.24145035 | 0.20638160 | 0.21869684
 124 | 0.22161157 | 0.01031479 | 0.20129345 | 0.23943662 | 0.21680030 | 0.22642284
 125 | 0.22473280 | 0.01282809 | 0.19215045 | 0.24139296 | 0.21874922 | 0.23071639
 126 | 0.23603493 | 0.01061489 | 0.21878716 | 0.25555989 | 0.23108368 | 0.24098618
 127 | 0.22706669 | 0.01339437 | 0.19756002 | 0.25159744 | 0.22081897 | 0.23331441
 128 | 0.24579044 | 0.01256834 | 0.22200697 | 0.26816945 | 0.23992801 | 0.25165286
 129 | 0.24861472 | 0.01903422 | 0.21593533 | 0.27873339 | 0.23973633 | 0.25749312
 130 | 0.25380984 | 0.01430780 | 0.22615385 | 0.27201784 | 0.24713605 | 0.26048363
 131 | 0.25814186 | 0.01506491 | 0.22661597 | 0.28539071 | 0.25111492 | 0.26516879
 132 | 0.26526356 | 0.01134363 | 0.24950729 | 0.28676742 | 0.25997239 | 0.27055473
 133 | 0.26695784 | 0.01452477 | 0.23798799 | 0.28870293 | 0.26018285 | 0.27373283
 134 | 0.27182471 | 0.01024935 | 0.25806452 | 0.29716446 | 0.26704396 | 0.27660545
 135 | 0.27930383 | 0.01026312 | 0.25555974 | 0.30172098 | 0.27451666 | 0.28409100
 136 | 0.28424650 | 0.01095484 | 0.26078938 | 0.30138008 | 0.27913668 | 0.28935631
 137 | 0.28549282 | 0.01082410 | 0.25886654 | 0.30335422 | 0.28044398 | 0.29054165
 138 | 0.29009831 | 0.01376059 | 0.26153287 | 0.32851852 | 0.28367977 | 0.29651685
 139 | 0.29257732 | 0.00971142 | 0.27057133 | 0.30930822 | 0.28804749 | 0.29710715
 140 | 0.29925523 | 0.01236182 | 0.27382646 | 0.31851048 | 0.29348913 | 0.30502132
 141 | 0.30476747 | 0.00965318 | 0.27861060 | 0.32557319 | 0.30026481 | 0.30927014
 142 | 0.31199430 | 0.01216474 | 0.28982456 | 0.33286566 | 0.30632014 | 0.31766847
 143 | 0.31036625 | 0.01290120 | 0.28319209 | 0.33379598 | 0.30434857 | 0.31638394
 144 | 0.31940562 | 0.00915559 | 0.30138842 | 0.33425606 | 0.31513505 | 0.32367619
 145 | 0.32588821 | 0.01174783 | 0.29866859 | 0.33937116 | 0.32040851 | 0.33136791
 146 | 0.32832860 | 0.00968691 | 0.31210403 | 0.34448952 | 0.32381020 | 0.33284700
 147 | 0.32826633 | 0.00983097 | 0.30842439 | 0.34224422 | 0.32368073 | 0.33285192
 148 | 0.33678510 | 0.01359528 | 0.31625988 | 0.36652188 | 0.33044367 | 0.34312654
 149 | 0.34306412 | 0.01326676 | 0.31256281 | 0.36900130 | 0.33687593 | 0.34925232
 150 | 0.33897182 | 0.01024280 | 0.31649381 | 0.36295082 | 0.33419413 | 0.34374951
 151 | 0.35110585 | 0.00931808 | 0.33235486 | 0.36633019 | 0.34675949 | 0.35545221
 152 | 0.35655016 | 0.01136473 | 0.32941176 | 0.37487701 | 0.35124916 | 0.36185117
 153 | 0.35886070 | 0.01277755 | 0.33245729 | 0.38005734 | 0.35290069 | 0.36482071
 154 | 0.35799558 | 0.00861199 | 0.33746332 | 0.37660668 | 0.35397857 | 0.36201259
 155 | 0.36804703 | 0.00754363 | 0.35741688 | 0.38081009 | 0.36452835 | 0.37156571
 156 | 0.37463388 | 0.01095907 | 0.35631099 | 0.39252635 | 0.36952209 | 0.37974566
 157 | 0.37361035 | 0.00974669 | 0.35474593 | 0.39029126 | 0.36906407 | 0.37815664
 158 | 0.37886134 | 0.00869332 | 0.36563467 | 0.39954926 | 0.37480639 | 0.38291628
 159 | 0.37828474 | 0.00994985 | 0.35491984 | 0.39889875 | 0.37364369 | 0.38292578
 160 | 0.38200547 | 0.01132276 | 0.35737179 | 0.40061728 | 0.37672404 | 0.38728690
 161 | 0.38475671 | 0.01123408 | 0.36041859 | 0.40633567 | 0.37951664 | 0.38999678
 162 | 0.39008707 | 0.01172246 | 0.36830769 | 0.41918136 | 0.38461920 | 0.39555494
 163 | 0.39934517 | 0.00675336 | 0.38542310 | 0.41155235 | 0.39619510 | 0.40249523
 164 | 0.39613289 | 0.00907887 | 0.38442748 | 0.41506647 | 0.39189810 | 0.40036767
 165 | 0.40131044 | 0.01026990 | 0.38102548 | 0.42041059 | 0.39652011 | 0.40610077
 166 | 0.40873904 | 0.00746536 | 0.39448150 | 0.42198061 | 0.40525687 | 0.41222121
 167 | 0.40557359 | 0.01182452 | 0.38477738 | 0.42477621 | 0.40005811 | 0.41108906
 168 | 0.41240650 | 0.01141755 | 0.39353891 | 0.43768905 | 0.40708085 | 0.41773214
 169 | 0.41337426 | 0.01168837 | 0.39065817 | 0.43681792 | 0.40792229 | 0.41882622
 170 | 0.41448481 | 0.01134263 | 0.39411065 | 0.43839713 | 0.40919411 | 0.41977551
 171 | 0.41990402 | 0.01433132 | 0.38166311 | 0.44191546 | 0.41321926 | 0.42658878
 172 | 0.42275874 | 0.01160701 | 0.39953610 | 0.44772661 | 0.41734472 | 0.42817276
 173 | 0.43027013 | 0.00921566 | 0.41543799 | 0.44867029 | 0.42597154 | 0.43456871
 174 | 0.43246899 | 0.00846159 | 0.41620357 | 0.45300642 | 0.42852213 | 0.43641585
 175 | 0.43497972 | 0.00992578 | 0.41245593 | 0.44898542 | 0.43034990 | 0.43960954
 176 | 0.43963448 | 0.01211760 | 0.42003963 | 0.46097492 | 0.43398230 | 0.44528666
 177 | 0.44371940 | 0.01118028 | 0.42297872 | 0.46869615 | 0.43850443 | 0.44893437
 178 | 0.44332448 | 0.00809759 | 0.42219743 | 0.45499182 | 0.43954740 | 0.44710155
 179 | 0.44414315 | 0.01146871 | 0.42005571 | 0.46894236 | 0.43879364 | 0.44949266
 180 | 0.45155017 | 0.01001428 | 0.43263218 | 0.46701200 | 0.44687906 | 0.45622127
 181 | 0.45359627 | 0.01012578 | 0.42785235 | 0.46998332 | 0.44887316 | 0.45831938
 182 | 0.45511526 | 0.01101329 | 0.43279935 | 0.47736514 | 0.44997818 | 0.46025234
 183 | 0.45976166 | 0.00898097 | 0.43650794 | 0.47555924 | 0.45557254 | 0.46395078
 184 | 0.46342033 | 0.00882638 | 0.44968809 | 0.48100243 | 0.45930332 | 0.46753734
 185 | 0.46536966 | 0.01095318 | 0.44363341 | 0.48319104 | 0.46026062 | 0.47047870
 186 | 0.46827024 | 0.00893308 | 0.45031881 | 0.48399453 | 0.46410346 | 0.47243702
 187 | 0.46963922 | 0.00971035 | 0.44780146 | 0.48370861 | 0.46510989 | 0.47416855
 188 | 0.46920743 | 0.01034822 | 0.44749596 | 0.49744142 | 0.46438056 | 0.47403429
 189 | 0.47369463 | 0.01065146 | 0.45427886 | 0.49403658 | 0.46872632 | 0.47866294
 190 | 0.47328012 | 0.01058825 | 0.45067442 | 0.49486389 | 0.46834130 | 0.47821894
 191 | 0.48025832 | 0.01143096 | 0.45764518 | 0.49907822 | 0.47492642 | 0.48559022
 192 | 0.48066208 | 0.01202187 | 0.45501551 | 0.50517331 | 0.47505455 | 0.48626961
 193 | 0.48045785 | 0.01052475 | 0.46218709 | 0.49961029 | 0.47554865 | 0.48536705
 194 | 0.48845951 | 0.00736733 | 0.47587269 | 0.50012997 | 0.48502306 | 0.49189595
 195 | 0.48974821 | 0.00969473 | 0.47360445 | 0.50995520 | 0.48522616 | 0.49427025
 196 | 0.49203575 | 0.01017608 | 0.47325103 | 0.50868486 | 0.48728918 | 0.49678232
 197 | 0.49776117 | 0.00943630 | 0.48514596 | 0.52258223 | 0.49335967 | 0.50216268
 198 | 0.49984894 | 0.00856201 | 0.48543689 | 0.51515911 | 0.49585525 | 0.50384264
 199 | 0.49843263 | 0.01014468 | 0.47465668 | 0.51432161 | 0.49370071 | 0.50316455
 200 | 0.50183478 | 0.00864835 | 0.47879096 | 0.51841014 | 0.49780081 | 0.50586874
 201 | 0.50787720 | 0.00808148 | 0.48806832 | 0.51973194 | 0.50410765 | 0.51164676
 202 | 0.50836436 | 0.01107862 | 0.48192174 | 0.52903543 | 0.50319681 | 0.51353192
 203 | 0.50802738 | 0.00805386 | 0.49324822 | 0.52570879 | 0.50427071 | 0.51178406
 204 | 0.51682190 | 0.00817980 | 0.49950739 | 0.53085520 | 0.51300648 | 0.52063732
 205 | 0.51742018 | 0.00947351 | 0.49168474 | 0.53688029 | 0.51300132 | 0.52183904
 206 | 0.51772290 | 0.00701840 | 0.50148810 | 0.53187919 | 0.51444921 | 0.52099659
 207 | 0.51651863 | 0.00854540 | 0.50361326 | 0.53518783 | 0.51253269 | 0.52050458
 208 | 0.52507453 | 0.00902779 | 0.50325325 | 0.54285026 | 0.52086358 | 0.52928549
 209 | 0.52013531 | 0.00793229 | 0.50808369 | 0.53264522 | 0.51643534 | 0.52383528
 210 | 0.52546260 | 0.00711193 | 0.51234269 | 0.53874971 | 0.52214528 | 0.52877991
 211 | 0.52866582 | 0.00563489 | 0.51686719 | 0.53951149 | 0.52603746 | 0.53129418
 212 | 0.52603883 | 0.00855169 | 0.50702247 | 0.53903257 | 0.52204995 | 0.53002771
 213 | 0.53098012 | 0.01022670 | 0.51016990 | 0.55050863 | 0.52620994 | 0.53575030
 214 | 0.53467656 | 0.00781849 | 0.51767797 | 0.55411460 | 0.53102968 | 0.53832345
 215 | 0.53715268 | 0.00870477 | 0.52090633 | 0.55560641 | 0.53309240 | 0.54121297
 216 | 0.53318300 | 0.00739714 | 0.51426615 | 0.54539024 | 0.52973265 | 0.53663335
 217 | 0.54161504 | 0.00846313 | 0.52624341 | 0.55558041 | 0.53766746 | 0.54556261
 218 | 0.54090543 | 0.00774328 | 0.53105802 | 0.55678161 | 0.53729363 | 0.54451724
 219 | 0.54223883 | 0.01018202 | 0.52589286 | 0.56609932 | 0.53748949 | 0.54698817
 220 | 0.54552846 | 0.00759115 | 0.53357614 | 0.56146706 | 0.54198762 | 0.54906931
 221 | 0.54821575 | 0.00770872 | 0.53514124 | 0.56340218 | 0.54462006 | 0.55181143
 222 | 0.54989463 | 0.00894047 | 0.53715984 | 0.57296678 | 0.54572440 | 0.55406486
 223 | 0.55296100 | 0.01050812 | 0.52889391 | 0.57868020 | 0.54805956 | 0.55786245
 224 | 0.55330956 | 0.00860054 | 0.53333333 | 0.56855739 | 0.54929789 | 0.55732123
 225 | 0.55763628 | 0.00785297 | 0.54178548 | 0.56939099 | 0.55397331 | 0.56129924
 226 | 0.55804890 | 0.00936492 | 0.54315409 | 0.58043044 | 0.55368069 | 0.56241711
 227 | 0.56239548 | 0.00975373 | 0.54711864 | 0.57907026 | 0.55784592 | 0.56694505
 228 | 0.56230668 | 0.00949244 | 0.54036171 | 0.57998683 | 0.55787899 | 0.56673437
 229 | 0.56455892 | 0.00942085 | 0.54744057 | 0.59283530 | 0.56016462 | 0.56895321
 230 | 0.56582205 | 0.00852392 | 0.54667577 | 0.58051034 | 0.56184612 | 0.56979798
 231 | 0.56726749 | 0.00698656 | 0.55417213 | 0.58183784 | 0.56400865 | 0.57052633
 232 | 0.57148333 | 0.00782561 | 0.56015954 | 0.58870293 | 0.56783313 | 0.57513354
 233 | 0.57219516 | 0.00628161 | 0.56194125 | 0.58793325 | 0.56926514 | 0.57512518
 234 | 0.57388894 | 0.00713764 | 0.56058646 | 0.58555133 | 0.57055964 | 0.57721825
 235 | 0.57391462 | 0.00962257 | 0.55442765 | 0.59279661 | 0.56942623 | 0.57840301
 236 | 0.57785657 | 0.00884169 | 0.56290253 | 0.59603191 | 0.57373242 | 0.58198073
 237 | 0.58227626 | 0.00625304 | 0.56876760 | 0.59288374 | 0.57935957 | 0.58519295
 238 | 0.58143869 | 0.00607970 | 0.56548901 | 0.58988409 | 0.57860285 | 0.58427453
 239 | 0.57975050 | 0.00836224 | 0.56168265 | 0.59320630 | 0.57584998 | 0.58365101
 240 | 0.58441513 | 0.00740357 | 0.56967126 | 0.60135970 | 0.58096178 | 0.58786848
 241 | 0.58407755 | 0.00779699 | 0.57106971 | 0.60211926 | 0.58044069 | 0.58771440
 242 | 0.58778331 | 0.00610313 | 0.57681159 | 0.59870024 | 0.58493654 | 0.59063008
 243 | 0.58967031 | 0.00588034 | 0.57973695 | 0.59917864 | 0.58692746 | 0.59241316
 244 | 0.59103604 | 0.00668259 | 0.57492228 | 0.60365112 | 0.58791899 | 0.59415310
 245 | 0.58898944 | 0.00894993 | 0.57276423 | 0.60137318 | 0.58481480 | 0.59316408
 246 | 0.59176725 | 0.00821664 | 0.57670103 | 0.60444444 | 0.58793465 | 0.59559985
 247 | 0.59135085 | 0.00771374 | 0.58005303 | 0.60402547 | 0.58775283 | 0.59494888
 248 | 0.59963599 | 0.00806922 | 0.58731727 | 0.61664393 | 0.59587216 | 0.60339983
 249 | 0.59745486 | 0.00894791 | 0.57857858 | 0.61611470 | 0.59328116 | 0.60162855
 250 | 0.60094564 | 0.00945737 | 0.58383595 | 0.61258544 | 0.59653431 | 0.60535697
 251 | 0.60023851 | 0.00918702 | 0.58007541 | 0.61547595 | 0.59595328 | 0.60452374
 252 | 0.59997932 | 0.00804842 | 0.58973354 | 0.61441944 | 0.59622518 | 0.60373345
 253 | 0.60602901 | 0.00892548 | 0.59166337 | 0.62601145 | 0.60186578 | 0.61019225
 254 | 0.60333116 | 0.00731713 | 0.58840056 | 0.61303502 | 0.59991813 | 0.60674419
 255 | 0.60808040 | 0.00684740 | 0.59703819 | 0.61878344 | 0.60488647 | 0.61127432
 256 | 0.61136717 | 0.00662039 | 0.59810972 | 0.62258129 | 0.60827914 | 0.61445521
 257 | 0.61203983 | 0.00691817 | 0.59901478 | 0.62767994 | 0.60881289 | 0.61526676
 258 | 0.61204310 | 0.00811981 | 0.59397304 | 0.62740570 | 0.60825567 | 0.61583053
 259 | 0.61307751 | 0.00621690 | 0.60058027 | 0.62232006 | 0.61017768 | 0.61597735
 260 | 0.61540012 | 0.00716345 | 0.60557923 | 0.63634581 | 0.61205878 | 0.61874147
 261 | 0.61879492 | 0.00786825 | 0.60646166 | 0.63224229 | 0.61512483 | 0.62246502
 262 | 0.62328805 | 0.00897358 | 0.60414224 | 0.64170816 | 0.61910238 | 0.62747372
 263 | 0.62196587 | 0.00740028 | 0.60779817 | 0.63636364 | 0.61851406 | 0.62541769
 264 | 0.61915888 | 0.00832814 | 0.60083397 | 0.63328256 | 0.61527427 | 0.62304349
 265 | 0.62343232 | 0.01044644 | 0.59947447 | 0.63910196 | 0.61855964 | 0.62830499
 266 | 0.62381100 | 0.00616410 | 0.61153347 | 0.64128759 | 0.62093579 | 0.62668621
 267 | 0.62327675 | 0.00453939 | 0.61674249 | 0.63459085 | 0.62115938 | 0.62539412
 268 | 0.62620254 | 0.00627065 | 0.61331071 | 0.63793103 | 0.62327763 | 0.62912744
 269 | 0.62982412 | 0.00870658 | 0.60525818 | 0.64368238 | 0.62576299 | 0.63388525
 270 | 0.63028010 | 0.00810866 | 0.61555597 | 0.64578755 | 0.62649787 | 0.63406234
 271 | 0.62856500 | 0.00724908 | 0.61515491 | 0.64230910 | 0.62518371 | 0.63194629
 272 | 0.63426773 | 0.00692726 | 0.62488712 | 0.65087882 | 0.63103656 | 0.63749891
 273 | 0.63144119 | 0.00716128 | 0.61761468 | 0.64694064 | 0.62810086 | 0.63478152
 274 | 0.63379772 | 0.00807754 | 0.61909175 | 0.65168539 | 0.63003000 | 0.63756544
 275 | 0.63505104 | 0.00944098 | 0.61463060 | 0.64839181 | 0.63064736 | 0.63945473
 276 | 0.63756484 | 0.00672108 | 0.62742941 | 0.65300200 | 0.63442984 | 0.64069985
 277 | 0.63849928 | 0.00626007 | 0.62753545 | 0.65010460 | 0.63557931 | 0.64141925
 278 | 0.63850531 | 0.00906872 | 0.61516035 | 0.65181459 | 0.63427527 | 0.64273536
 279 | 0.64206900 | 0.00590129 | 0.63052351 | 0.65179524 | 0.63931637 | 0.64482162
 280 | 0.64399016 | 0.00720551 | 0.63175005 | 0.65898618 | 0.64062919 | 0.64735112
 281 | 0.64410903 | 0.00714678 | 0.62893303 | 0.65724002 | 0.64077546 | 0.64744260
 282 | 0.64659759 | 0.00648541 | 0.63228459 | 0.65523216 | 0.64357251 | 0.64962267
 283 | 0.65046326 | 0.00808499 | 0.63931034 | 0.66805123 | 0.64669207 | 0.65423446
 284 | 0.65104146 | 0.00644385 | 0.63701068 | 0.66158162 | 0.64803576 | 0.65404715
 285 | 0.65086148 | 0.00760633 | 0.63821066 | 0.66810048 | 0.64731356 | 0.65440941
 286 | 0.64742301 | 0.00605764 | 0.63341515 | 0.65803290 | 0.64459746 | 0.65024856
 287 | 0.65041238 | 0.00697105 | 0.64051380 | 0.66185925 | 0.64716078 | 0.65366398
 288 | 0.65379860 | 0.00663289 | 0.64171779 | 0.66506273 | 0.65070473 | 0.65689247
 289 | 0.65256490 | 0.00680408 | 0.64134649 | 0.67119335 | 0.64939118 | 0.65573862
 290 | 0.65411695 | 0.00624305 | 0.64314064 | 0.66763400 | 0.65120492 | 0.65702898
 291 | 0.65541995 | 0.00722106 | 0.64092001 | 0.67087528 | 0.65205173 | 0.65878817
 292 | 0.65652129 | 0.00658854 | 0.64075846 | 0.66871375 | 0.65344811 | 0.65959448
 293 | 0.65708873 | 0.00729622 | 0.64409146 | 0.66843275 | 0.65368545 | 0.66049200
 294 | 0.65737667 | 0.00438740 | 0.64936170 | 0.66565041 | 0.65533019 | 0.65942314
 295 | 0.66137131 | 0.00671199 | 0.64593698 | 0.66967325 | 0.65824054 | 0.66450208
 296 | 0.66125322 | 0.00747106 | 0.64617742 | 0.67352491 | 0.65776839 | 0.66473805
 297 | 0.66238307 | 0.00795836 | 0.64797353 | 0.67861472 | 0.65867094 | 0.66609520
 298 | 0.66443465 | 0.00804987 | 0.64776574 | 0.67943238 | 0.66067983 | 0.66818946
 299 | 0.66575396 | 0.00481122 | 0.65703372 | 0.67343204 | 0.66350980 | 0.66799813
 300 | 0.66357682 | 0.00501501 | 0.65190194 | 0.67166667 | 0.66123759 | 0.66591604
 301 | 0.66740322 | 0.00731959 | 0.64713563 | 0.67806409 | 0.66398904 | 0.67081740
 302 | 0.66822660 | 0.00700643 | 0.65480078 | 0.68500082 | 0.66495850 | 0.67149471
 303 | 0.66719593 | 0.00757511 | 0.64588949 | 0.67949777 | 0.66366257 | 0.67072929
 304 | 0.67425336 | 0.00642699 | 0.66368078 | 0.68593672 | 0.67125553 | 0.67725119
 305 | 0.67056402 | 0.00639500 | 0.65586445 | 0.67844813 | 0.66758111 | 0.67354692
 306 | 0.67112824 | 0.00771573 | 0.65570033 | 0.68643248 | 0.66752929 | 0.67472720
 307 | 0.67534824 | 0.00736037 | 0.66297623 | 0.69101662 | 0.67191505 | 0.67878144
 308 | 0.67398256 | 0.00633042 | 0.66313559 | 0.69076371 | 0.67102977 | 0.67693534
 309 | 0.67360927 | 0.00711025 | 0.65918334 | 0.68296555 | 0.67029274 | 0.67692580
 310 | 0.67578118 | 0.00616361 | 0.66233125 | 0.68860403 | 0.67290621 | 0.67865616
 311 | 0.67732030 | 0.00633857 | 0.66196027 | 0.68774641 | 0.67436372 | 0.68027689
 312 | 0.67857619 | 0.00685620 | 0.66773573 | 0.68927011 | 0.67537816 | 0.68177422
 313 | 0.67672680 | 0.00543592 | 0.66813294 | 0.68617704 | 0.67419124 | 0.67926235
 314 | 0.67965774 | 0.00539415 | 0.67289128 | 0.69422021 | 0.67714167 | 0.68217381
 315 | 0.68349334 | 0.00489536 | 0.67429109 | 0.69113640 | 0.68120993 | 0.68577676
 316 | 0.68275295 | 0.00552979 | 0.66730310 | 0.69215006 | 0.68017362 | 0.68533229
 317 | 0.68170046 | 0.00634204 | 0.67032622 | 0.69421488 | 0.67874226 | 0.68465867
 318 | 0.68650245 | 0.00692579 | 0.67247821 | 0.69979395 | 0.68327196 | 0.68973295
 319 | 0.68404248 | 0.00590337 | 0.67051282 | 0.69635311 | 0.68128889 | 0.68679607
 320 | 0.68835727 | 0.00707336 | 0.67881369 | 0.70761246 | 0.68505794 | 0.69165659
 321 | 0.68690166 | 0.00503845 | 0.67172646 | 0.69569333 | 0.68455151 | 0.68925182
 322 | 0.68835415 | 0.00456461 | 0.67994980 | 0.70024684 | 0.68622502 | 0.69048329
 323 | 0.69002910 | 0.00860131 | 0.67399721 | 0.70552427 | 0.68601707 | 0.69404113
 324 | 0.68910352 | 0.00603031 | 0.67979083 | 0.70417232 | 0.68629072 | 0.69191632
 325 | 0.69051751 | 0.00621582 | 0.67763261 | 0.70091396 | 0.68761818 | 0.69341684
 326 | 0.69179369 | 0.00535677 | 0.68436442 | 0.70545564 | 0.68929506 | 0.69429233
 327 | 0.69430233 | 0.00552260 | 0.68398792 | 0.70887628 | 0.69172635 | 0.69687831
 328 | 0.69328911 | 0.00589542 | 0.68429904 | 0.70241692 | 0.69053923 | 0.69603899
 329 | 0.69632009 | 0.00516980 | 0.68551183 | 0.70372596 | 0.69390867 | 0.69873151
 330 | 0.69594871 | 0.00505174 | 0.68733967 | 0.70666867 | 0.69359236 | 0.69830507
 331 | 0.69701485 | 0.00495003 | 0.68563236 | 0.70442531 | 0.69470594 | 0.69932376
 332 | 0.69789795 | 0.00458393 | 0.69058824 | 0.70762967 | 0.69575981 | 0.70003610
 333 | 0.69633113 | 0.00647139 | 0.68657393 | 0.71511802 | 0.69331260 | 0.69934967
 334 | 0.69972747 | 0.00485000 | 0.69120502 | 0.70973921 | 0.69746522 | 0.70198973
 335 | 0.70120488 | 0.00643464 | 0.68830022 | 0.71218206 | 0.69820348 | 0.70420627
 336 | 0.70016147 | 0.00596255 | 0.69254093 | 0.71689635 | 0.69738028 | 0.70294266
 337 | 0.70302244 | 0.00570288 | 0.68937575 | 0.71012382 | 0.70036237 | 0.70568252
 338 | 0.70486782 | 0.00627913 | 0.69452237 | 0.72139231 | 0.70193896 | 0.70779668
 339 | 0.70522234 | 0.00482863 | 0.69357690 | 0.71361295 | 0.70297006 | 0.70747462
 340 | 0.70631666 | 0.00677725 | 0.69459499 | 0.71950159 | 0.70315545 | 0.70947786
 341 | 0.70702410 | 0.00544811 | 0.69505495 | 0.71453387 | 0.70448286 | 0.70956534
 342 | 0.70782527 | 0.00647059 | 0.69584439 | 0.71699766 | 0.70480710 | 0.71084343
 343 | 0.70818559 | 0.00563069 | 0.69544578 | 0.71883596 | 0.70555920 | 0.71081199
 344 | 0.70676036 | 0.00568941 | 0.69745591 | 0.72115951 | 0.70410657 | 0.70941414
 345 | 0.70963828 | 0.00459044 | 0.70138196 | 0.72076714 | 0.70749710 | 0.71177946
 346 | 0.71019036 | 0.00745674 | 0.69670959 | 0.72214386 | 0.70671221 | 0.71366851
 347 | 0.71090637 | 0.00477006 | 0.70140600 | 0.72176852 | 0.70868141 | 0.71313134
 348 | 0.71316899 | 0.00421968 | 0.70602056 | 0.72084507 | 0.71120074 | 0.71513723
 349 | 0.71090912 | 0.00799892 | 0.69682676 | 0.72423082 | 0.70717807 | 0.71464017
 350 | 0.71398529 | 0.00479670 | 0.70453901 | 0.72167695 | 0.71174790 | 0.71622268
 351 | 0.71365927 | 0.00508629 | 0.70336788 | 0.72729840 | 0.71128681 | 0.71603174
 352 | 0.71307765 | 0.00610431 | 0.70196192 | 0.72626650 | 0.71023034 | 0.71592497
 353 | 0.71396726 | 0.00455452 | 0.70663265 | 0.72441387 | 0.71184283 | 0.71609169
 354 | 0.71749793 | 0.00728238 | 0.70416247 | 0.73219456 | 0.71410111 | 0.72089475
 355 | 0.71939116 | 0.00561187 | 0.70977465 | 0.72953937 | 0.71677354 | 0.72200879
 356 | 0.71791028 | 0.00536411 | 0.70812325 | 0.72958026 | 0.71540822 | 0.72041234
 357 | 0.71751358 | 0.00502026 | 0.70751933 | 0.72671069 | 0.71517191 | 0.71985525
 358 | 0.71957613 | 0.00546335 | 0.71095437 | 0.73360426 | 0.71702778 | 0.72212447
 359 | 0.72283361 | 0.00571294 | 0.71020521 | 0.73508748 | 0.72016884 | 0.72549838
 360 | 0.72223771 | 0.00532730 | 0.71177455 | 0.72950363 | 0.71975283 | 0.72472260
 361 | 0.72095843 | 0.00395210 | 0.71259404 | 0.72901810 | 0.71911500 | 0.72280187
 362 | 0.72145369 | 0.00616171 | 0.70575191 | 0.73128177 | 0.71857960 | 0.72432778
 363 | 0.72429627 | 0.00561842 | 0.71462898 | 0.73376092 | 0.72167559 | 0.72691695
 364 | 0.72393385 | 0.00654259 | 0.71293726 | 0.73535881 | 0.72088210 | 0.72698560
 365 | 0.72621961 | 0.00657538 | 0.71525886 | 0.73774612 | 0.72315257 | 0.72928666
 366 | 0.72508125 | 0.00460981 | 0.71695502 | 0.73280132 | 0.72293103 | 0.72723146
 367 | 0.72726847 | 0.00469498 | 0.71870276 | 0.73989596 | 0.72507852 | 0.72945841
 368 | 0.72594029 | 0.00679858 | 0.71510542 | 0.74035134 | 0.72276913 | 0.72911144
 369 | 0.72642719 | 0.00692653 | 0.71567831 | 0.73872536 | 0.72319635 | 0.72965802
 370 | 0.72998006 | 0.00438811 | 0.72035375 | 0.73558540 | 0.72793326 | 0.73202687
 371 | 0.72914412 | 0.00511532 | 0.71713631 | 0.74022231 | 0.72675811 | 0.73153013
 372 | 0.73034306 | 0.00647884 | 0.71948579 | 0.74243652 | 0.72732104 | 0.73336507
 373 | 0.72851084 | 0.00571761 | 0.71645022 | 0.73934803 | 0.72584390 | 0.73117779
 374 | 0.73394024 | 0.00472901 | 0.72319035 | 0.74343142 | 0.73173443 | 0.73614606
 375 | 0.73204153 | 0.00586864 | 0.72149707 | 0.74423592 | 0.72930414 | 0.73477892
 376 | 0.73299379 | 0.00439686 | 0.72428262 | 0.74012474 | 0.73094290 | 0.73504468
 377 | 0.73584779 | 0.00349542 | 0.72988812 | 0.74393317 | 0.73421737 | 0.73747821
 378 | 0.73167645 | 0.00455203 | 0.72261042 | 0.73973139 | 0.72955319 | 0.73379972
 379 | 0.73557174 | 0.00683810 | 0.72463768 | 0.74996751 | 0.73238214 | 0.73876133
 380 | 0.73539774 | 0.00605593 | 0.71919431 | 0.74738608 | 0.73257299 | 0.73822249
 381 | 0.73580256 | 0.00489703 | 0.72656992 | 0.74679868 | 0.73351837 | 0.73808675
 382 | 0.73648730 | 0.00449567 | 0.72977917 | 0.74478957 | 0.73439032 | 0.73858428
 383 | 0.73773619 | 0.00613844 | 0.71836521 | 0.74732391 | 0.73487295 | 0.74059943
 384 | 0.73961029 | 0.00376519 | 0.73160568 | 0.74794344 | 0.73785404 | 0.74136654
 385 | 0.73898266 | 0.00377983 | 0.73334201 | 0.74811886 | 0.73721958 | 0.74074574
 386 | 0.73853323 | 0.00560112 | 0.73056526 | 0.74777931 | 0.73592062 | 0.74114583
 387 | 0.73988295 | 0.00526501 | 0.72710765 | 0.75301127 | 0.73742712 | 0.74233879
 388 | 0.74123402 | 0.00566887 | 0.73027594 | 0.74844444 | 0.73858981 | 0.74387823
 389 | 0.73900956 | 0.00652994 | 0.72361745 | 0.74977085 | 0.73596371 | 0.74205542
 390 | 0.74168501 | 0.00372201 | 0.73384714 | 0.74883601 | 0.73994890 | 0.74342112
 391 | 0.74336530 | 0.00584650 | 0.73422784 | 0.75704989 | 0.74063824 | 0.74609236
 392 | 0.74402757 | 0.00561350 | 0.73414791 | 0.75764585 | 0.74140919 | 0.74664595
 393 | 0.74304385 | 0.00612520 | 0.72917731 | 0.75166604 | 0.74018679 | 0.74590091
 394 | 0.74500143 | 0.00594777 | 0.73739416 | 0.75611956 | 0.74222713 | 0.74777573
 395 | 0.74520605 | 0.00457314 | 0.73437303 | 0.75355450 | 0.74307293 | 0.74733916
 396 | 0.74494215 | 0.00753116 | 0.72987409 | 0.76064683 | 0.74142929 | 0.74845502
 397 | 0.74864235 | 0.00392166 | 0.74207348 | 0.75752212 | 0.74681311 | 0.75047158
 398 | 0.74896044 | 0.00634804 | 0.73530895 | 0.75895352 | 0.74599944 | 0.75192144
 399 | 0.74896073 | 0.00420026 | 0.73934650 | 0.75589638 | 0.74700154 | 0.75091991
 400 | 0.74667154 | 0.00363519 | 0.73956086 | 0.75338176 | 0.74497593 | 0.74836715
