# MÉDIAS E ESTATÍSTICAS
# Requisição 4: [1,4]
# Modo: CONJUNTO
# ============================================================
# Load | Média | DesvioPadrão | Mínimo | Máximo | IC 95% (inferior) | IC 95% (superior)
# ============================================================
   1 | 0.00000000 | 0.00000000 | 0.00000000 | 0.00000000 | 0.00000000 | 0.00000000
   2 | 0.00000000 | 0.00000000 | 0.00000000 | 0.00000000 | 0.00000000 | 0.00000000
   3 | 0.00000000 | 0.00000000 | 0.00000000 | 0.00000000 | 0.00000000 | 0.00000000
   4 | 0.00000000 | 0.00000000 | 0.00000000 | 0.00000000 | 0.00000000 | 0.00000000
   5 | 0.00000000 | 0.00000000 | 0.00000000 | 0.00000000 | 0.00000000 | 0.00000000
   6 | 0.00000000 | 0.00000000 | 0.00000000 | 0.00000000 | 0.00000000 | 0.00000000
   7 | 0.00000000 | 0.00000000 | 0.00000000 | 0.00000000 | 0.00000000 | 0.00000000
   8 | 0.00000000 | 0.00000000 | 0.00000000 | 0.00000000 | 0.00000000 | 0.00000000
   9 | 0.00000000 | 0.00000000 | 0.00000000 | 0.00000000 | 0.00000000 | 0.00000000
  10 | 0.00000000 | 0.00000000 | 0.00000000 | 0.00000000 | 0.00000000 | 0.00000000
  11 | 0.00000000 | 0.00000000 | 0.00000000 | 0.00000000 | 0.00000000 | 0.00000000
  12 | 0.00000000 | 0.00000000 | 0.00000000 | 0.00000000 | 0.00000000 | 0.00000000
  13 | 0.00000000 | 0.00000000 | 0.00000000 | 0.00000000 | 0.00000000 | 0.00000000
  14 | 0.00000000 | 0.00000000 | 0.00000000 | 0.00000000 | 0.00000000 | 0.00000000
  15 | 0.00000000 | 0.00000000 | 0.00000000 | 0.00000000 | 0.00000000 | 0.00000000
  16 | 0.00000000 | 0.00000000 | 0.00000000 | 0.00000000 | 0.00000000 | 0.00000000
  17 | 0.00000000 | 0.00000000 | 0.00000000 | 0.00000000 | 0.00000000 | 0.00000000
  18 | 0.00000000 | 0.00000000 | 0.00000000 | 0.00000000 | 0.00000000 | 0.00000000
  19 | 0.00000000 | 0.00000000 | 0.00000000 | 0.00000000 | 0.00000000 | 0.00000000
  20 | 0.00000000 | 0.00000000 | 0.00000000 | 0.00000000 | 0.00000000 | 0.00000000
  21 | 0.00000000 | 0.00000000 | 0.00000000 | 0.00000000 | 0.00000000 | 0.00000000
  22 | 0.00000000 | 0.00000000 | 0.00000000 | 0.00000000 | 0.00000000 | 0.00000000
  23 | 0.00000000 | 0.00000000 | 0.00000000 | 0.00000000 | 0.00000000 | 0.00000000
  24 | 0.00000000 | 0.00000000 | 0.00000000 | 0.00000000 | 0.00000000 | 0.00000000
  25 | 0.00000000 | 0.00000000 | 0.00000000 | 0.00000000 | 0.00000000 | 0.00000000
  26 | 0.00000000 | 0.00000000 | 0.00000000 | 0.00000000 | 0.00000000 | 0.00000000
  27 | 0.00000000 | 0.00000000 | 0.00000000 | 0.00000000 | 0.00000000 | 0.00000000
  28 | 0.00000000 | 0.00000000 | 0.00000000 | 0.00000000 | 0.00000000 | 0.00000000
  29 | 0.00000000 | 0.00000000 | 0.00000000 | 0.00000000 | 0.00000000 | 0.00000000
  30 | 0.00000000 | 0.00000000 | 0.00000000 | 0.00000000 | 0.00000000 | 0.00000000
  31 | 0.00000000 | 0.00000000 | 0.00000000 | 0.00000000 | 0.00000000 | 0.00000000
  32 | 0.00000000 | 0.00000000 | 0.00000000 | 0.00000000 | 0.00000000 | 0.00000000
  33 | 0.00000000 | 0.00000000 | 0.00000000 | 0.00000000 | 0.00000000 | 0.00000000
  34 | 0.00000000 | 0.00000000 | 0.00000000 | 0.00000000 | 0.00000000 | 0.00000000
  35 | 0.00000000 | 0.00000000 | 0.00000000 | 0.00000000 | 0.00000000 | 0.00000000
  36 | 0.00000000 | 0.00000000 | 0.00000000 | 0.00000000 | 0.00000000 | 0.00000000
  37 | 0.00000000 | 0.00000000 | 0.00000000 | 0.00000000 | 0.00000000 | 0.00000000
  38 | 0.00000000 | 0.00000000 | 0.00000000 | 0.00000000 | 0.00000000 | 0.00000000
  39 | 0.00000000 | 0.00000000 | 0.00000000 | 0.00000000 | 0.00000000 | 0.00000000
  40 | 0.00000000 | 0.00000000 | 0.00000000 | 0.00000000 | 0.00000000 | 0.00000000
  41 | 0.00000000 | 0.00000000 | 0.00000000 | 0.00000000 | 0.00000000 | 0.00000000
  42 | 0.00000000 | 0.00000000 | 0.00000000 | 0.00000000 | 0.00000000 | 0.00000000
  43 | 0.00000000 | 0.00000000 | 0.00000000 | 0.00000000 | 0.00000000 | 0.00000000
  44 | 0.00000000 | 0.00000000 | 0.00000000 | 0.00000000 | 0.00000000 | 0.00000000
  45 | 0.00000000 | 0.00000000 | 0.00000000 | 0.00000000 | 0.00000000 | 0.00000000
  46 | 0.00000000 | 0.00000000 | 0.00000000 | 0.00000000 | 0.00000000 | 0.00000000
  47 | 0.00000000 | 0.00000000 | 0.00000000 | 0.00000000 | 0.00000000 | 0.00000000
  48 | 0.00000000 | 0.00000000 | 0.00000000 | 0.00000000 | 0.00000000 | 0.00000000
  49 | 0.00000000 | 0.00000000 | 0.00000000 | 0.00000000 | 0.00000000 | 0.00000000
  50 | 0.00000000 | 0.00000000 | 0.00000000 | 0.00000000 | 0.00000000 | 0.00000000
  51 | 0.00000000 | 0.00000000 | 0.00000000 | 0.00000000 | 0.00000000 | 0.00000000
  52 | 0.00000000 | 0.00000000 | 0.00000000 | 0.00000000 | 0.00000000 | 0.00000000
  53 | 0.00000000 | 0.00000000 | 0.00000000 | 0.00000000 | 0.00000000 | 0.00000000
  54 | 0.00000000 | 0.00000000 | 0.00000000 | 0.00000000 | 0.00000000 | 0.00000000
  55 | 0.00000000 | 0.00000000 | 0.00000000 | 0.00000000 | 0.00000000 | 0.00000000
  56 | 0.00000000 | 0.00000000 | 0.00000000 | 0.00000000 | 0.00000000 | 0.00000000
  57 | 0.00000000 | 0.00000000 | 0.00000000 | 0.00000000 | 0.00000000 | 0.00000000
  58 | 0.00000000 | 0.00000000 | 0.00000000 | 0.00000000 | 0.00000000 | 0.00000000
  59 | 0.00000000 | 0.00000000 | 0.00000000 | 0.00000000 | 0.00000000 | 0.00000000
  60 | 0.00000000 | 0.00000000 | 0.00000000 | 0.00000000 | 0.00000000 | 0.00000000
  61 | 0.00000000 | 0.00000000 | 0.00000000 | 0.00000000 | 0.00000000 | 0.00000000
  62 | 0.00003943 | 0.00017188 | 0.00000000 | 0.00078864 | -0.00004074 | 0.00011960
  63 | 0.00000000 | 0.00000000 | 0.00000000 | 0.00000000 | 0.00000000 | 0.00000000
  64 | 0.00011704 | 0.00037173 | 0.00000000 | 0.00155642 | -0.00005635 | 0.00029043
  65 | 0.00003879 | 0.00016908 | 0.00000000 | 0.00077580 | -0.00004008 | 0.00011766
  66 | 0.00022797 | 0.00068742 | 0.00000000 | 0.00306044 | -0.00009267 | 0.00054861
  67 | 0.00022811 | 0.00083701 | 0.00000000 | 0.00380518 | -0.00016231 | 0.00061853
  68 | 0.00014446 | 0.00037007 | 0.00000000 | 0.00146199 | -0.00002816 | 0.00031708
  69 | 0.00014184 | 0.00035842 | 0.00000000 | 0.00138408 | -0.00002534 | 0.00030903
  70 | 0.00041900 | 0.00074042 | 0.00000000 | 0.00274725 | 0.00007363 | 0.00076436
  71 | 0.00071737 | 0.00142625 | 0.00000000 | 0.00531915 | 0.00005210 | 0.00138264
  72 | 0.00041402 | 0.00066058 | 0.00000000 | 0.00205903 | 0.00010590 | 0.00072214
  73 | 0.00147733 | 0.00152169 | 0.00000000 | 0.00541272 | 0.00076755 | 0.00218711
  74 | 0.00147656 | 0.00182724 | 0.00000000 | 0.00726073 | 0.00062426 | 0.00232886
  75 | 0.00183087 | 0.00140445 | 0.00000000 | 0.00462351 | 0.00117577 | 0.00248597
  76 | 0.00252407 | 0.00239334 | 0.00000000 | 0.00775194 | 0.00140771 | 0.00364043
  77 | 0.00386615 | 0.00281325 | 0.00000000 | 0.01257862 | 0.00255392 | 0.00517837
  78 | 0.00489041 | 0.00367137 | 0.00000000 | 0.01147959 | 0.00317792 | 0.00660290
  79 | 0.00597636 | 0.00252153 | 0.00065189 | 0.01059850 | 0.00480021 | 0.00715252
  80 | 0.00719168 | 0.00412647 | 0.00000000 | 0.01690670 | 0.00526692 | 0.00911645
  81 | 0.00816262 | 0.00308784 | 0.00000000 | 0.01194743 | 0.00672232 | 0.00960292
  82 | 0.01061605 | 0.00492685 | 0.00251256 | 0.02181818 | 0.00831795 | 0.01291416
  83 | 0.01040783 | 0.00310495 | 0.00368098 | 0.01417602 | 0.00895955 | 0.01185612
  84 | 0.01332206 | 0.00463187 | 0.00458716 | 0.02251185 | 0.01116155 | 0.01548256
  85 | 0.01641509 | 0.00569584 | 0.00881834 | 0.03282532 | 0.01375830 | 0.01907188
  86 | 0.01757693 | 0.00521946 | 0.00865052 | 0.02710333 | 0.01514235 | 0.02001152
  87 | 0.02294242 | 0.00489879 | 0.01476434 | 0.03370787 | 0.02065741 | 0.02522743
  88 | 0.02440452 | 0.00646964 | 0.01460674 | 0.03884026 | 0.02138680 | 0.02742224
  89 | 0.02834180 | 0.00730541 | 0.01279070 | 0.04150526 | 0.02493424 | 0.03174936
  90 | 0.03036113 | 0.00513833 | 0.02101293 | 0.03781740 | 0.02796439 | 0.03275788
  91 | 0.03779290 | 0.00618686 | 0.02802691 | 0.05240642 | 0.03490707 | 0.04067872
  92 | 0.04181606 | 0.00915215 | 0.03091684 | 0.06100796 | 0.03754710 | 0.04608502
  93 | 0.04318532 | 0.00692681 | 0.03133159 | 0.05603917 | 0.03995435 | 0.04641629
  94 | 0.05329534 | 0.00763675 | 0.04105889 | 0.06800211 | 0.04973323 | 0.05685746
  95 | 0.05329601 | 0.01075034 | 0.03770492 | 0.08071279 | 0.04828158 | 0.05831044
  96 | 0.06081196 | 0.00979842 | 0.04390496 | 0.08372335 | 0.05624154 | 0.06538237
  97 | 0.06767282 | 0.01213614 | 0.04954035 | 0.09572301 | 0.06201199 | 0.07333365
  98 | 0.07736704 | 0.00924400 | 0.05855162 | 0.09869452 | 0.07305523 | 0.08167884
  99 | 0.07789076 | 0.00836361 | 0.06214977 | 0.09030733 | 0.07398961 | 0.08179191
 100 | 0.08726784 | 0.01042936 | 0.06604264 | 0.10446297 | 0.08240313 | 0.09213255
 101 | 0.08874058 | 0.01311917 | 0.06889764 | 0.11271102 | 0.08262123 | 0.09485994
 102 | 0.09566830 | 0.01028953 | 0.07642031 | 0.11083622 | 0.09086881 | 0.10046779
 103 | 0.10033460 | 0.01408263 | 0.06786234 | 0.13272201 | 0.09376584 | 0.10690335
 104 | 0.10782852 | 0.01161847 | 0.08868648 | 0.13674812 | 0.10240916 | 0.11324789
 105 | 0.11050193 | 0.01117619 | 0.08166259 | 0.12539468 | 0.10528887 | 0.11571500
 106 | 0.11557001 | 0.01069419 | 0.09839925 | 0.14675615 | 0.11058177 | 0.12055825
 107 | 0.12447955 | 0.00987913 | 0.10475311 | 0.14182475 | 0.11987149 | 0.12908761
 108 | 0.13028638 | 0.01203132 | 0.10579710 | 0.15813739 | 0.12467444 | 0.13589832
 109 | 0.13369812 | 0.00848637 | 0.11363636 | 0.14913871 | 0.12973971 | 0.13765654
 110 | 0.13864255 | 0.00957308 | 0.12119794 | 0.15690559 | 0.13417724 | 0.14310785
 111 | 0.14596111 | 0.01159935 | 0.12919088 | 0.17463899 | 0.14055066 | 0.15137155
 112 | 0.14890265 | 0.01075163 | 0.12967914 | 0.17831858 | 0.14388763 | 0.15391768
 113 | 0.16387255 | 0.01126500 | 0.14189493 | 0.18718764 | 0.15861806 | 0.16912704
 114 | 0.16468736 | 0.01240978 | 0.14304348 | 0.19151671 | 0.15889890 | 0.17047583
 115 | 0.17211323 | 0.01122671 | 0.14911904 | 0.19237435 | 0.16687660 | 0.17734986
 116 | 0.17696679 | 0.01050111 | 0.15746972 | 0.19419238 | 0.17206862 | 0.18186497
 117 | 0.18791171 | 0.01037955 | 0.16687474 | 0.20923461 | 0.18307023 | 0.19275318
 118 | 0.18930509 | 0.01234153 | 0.16666667 | 0.21241554 | 0.18354846 | 0.19506172
 119 | 0.19690678 | 0.01124656 | 0.16931672 | 0.22349936 | 0.19166089 | 0.20215267
 120 | 0.19288461 | 0.01320562 | 0.17547481 | 0.22903630 | 0.18672494 | 0.19904429
 121 | 0.20671186 | 0.01335662 | 0.18232044 | 0.23581135 | 0.20048175 | 0.21294197
 122 | 0.21370975 | 0.01442768 | 0.18181818 | 0.24347127 | 0.20698004 | 0.22043945
 123 | 0.21346178 | 0.01325270 | 0.18361345 | 0.23978973 | 0.20728014 | 0.21964342
 124 | 0.21824721 | 0.00880118 | 0.20333469 | 0.23238321 | 0.21414195 | 0.22235246
 125 | 0.22537824 | 0.01814769 | 0.19006648 | 0.27180289 | 0.21691337 | 0.23384312
 126 | 0.23707126 | 0.01189005 | 0.20807834 | 0.25684796 | 0.23152522 | 0.24261730
 127 | 0.23271234 | 0.01465083 | 0.20811571 | 0.26223092 | 0.22587855 | 0.23954613
 128 | 0.24284069 | 0.01319152 | 0.20781811 | 0.27110074 | 0.23668759 | 0.24899379
 129 | 0.24913261 | 0.01272656 | 0.22747122 | 0.27515480 | 0.24319639 | 0.25506883
 130 | 0.25318270 | 0.01267729 | 0.22381136 | 0.28160060 | 0.24726946 | 0.25909594
 131 | 0.25989443 | 0.01164542 | 0.23813291 | 0.27612222 | 0.25446250 | 0.26532637
 132 | 0.26477747 | 0.01770550 | 0.23807721 | 0.31111929 | 0.25651885 | 0.27303609
 133 | 0.26905720 | 0.01321018 | 0.23990947 | 0.28766114 | 0.26289539 | 0.27521900
 134 | 0.26775957 | 0.01204370 | 0.23242630 | 0.28062192 | 0.26214186 | 0.27337728
 135 | 0.27799397 | 0.01128965 | 0.25417574 | 0.30062477 | 0.27272798 | 0.28325995
 136 | 0.28298319 | 0.00983972 | 0.26270230 | 0.29840464 | 0.27839352 | 0.28757287
 137 | 0.28996590 | 0.01318604 | 0.26844642 | 0.31624864 | 0.28381536 | 0.29611645
 138 | 0.29336237 | 0.01292057 | 0.27106895 | 0.32708628 | 0.28733565 | 0.29938909
 139 | 0.29582025 | 0.00939644 | 0.27312454 | 0.30935520 | 0.29143734 | 0.30020316
 140 | 0.30157588 | 0.01085552 | 0.27933357 | 0.31781305 | 0.29651240 | 0.30663937
 141 | 0.30362263 | 0.01064626 | 0.28561203 | 0.32361016 | 0.29865675 | 0.30858851
 142 | 0.30949877 | 0.01167664 | 0.28314768 | 0.33746459 | 0.30405227 | 0.31494526
 143 | 0.31157581 | 0.01007417 | 0.28673324 | 0.32609445 | 0.30687678 | 0.31627485
 144 | 0.32050607 | 0.00999042 | 0.30271031 | 0.34563174 | 0.31584610 | 0.32516604
 145 | 0.32660582 | 0.01263829 | 0.29870572 | 0.35079256 | 0.32071077 | 0.33250088
 146 | 0.32351245 | 0.01092650 | 0.29850226 | 0.34647234 | 0.31841585 | 0.32860905
 147 | 0.32835036 | 0.01114877 | 0.30633084 | 0.35024322 | 0.32315009 | 0.33355064
 148 | 0.33646332 | 0.01311245 | 0.31309362 | 0.36117531 | 0.33034710 | 0.34257954
 149 | 0.34381929 | 0.01300617 | 0.32329045 | 0.37218879 | 0.33775264 | 0.34988594
 150 | 0.34063912 | 0.01339614 | 0.31897151 | 0.36972789 | 0.33439057 | 0.34688766
 151 | 0.35191532 | 0.01010168 | 0.32692308 | 0.37063858 | 0.34720345 | 0.35662718
 152 | 0.35441181 | 0.01206224 | 0.32323920 | 0.37269255 | 0.34878546 | 0.36003817
 153 | 0.35912688 | 0.01561531 | 0.33399471 | 0.39798805 | 0.35184322 | 0.36641055
 154 | 0.36212360 | 0.01215941 | 0.33485046 | 0.39039530 | 0.35645192 | 0.36779529
 155 | 0.36356030 | 0.00899631 | 0.34081301 | 0.38037383 | 0.35936403 | 0.36775657
 156 | 0.37476532 | 0.01076229 | 0.34557166 | 0.39009585 | 0.36974531 | 0.37978532
 157 | 0.37179437 | 0.00981846 | 0.35136835 | 0.38684539 | 0.36721461 | 0.37637413
 158 | 0.38054717 | 0.01272852 | 0.35510727 | 0.40696951 | 0.37461004 | 0.38648431
 159 | 0.37807034 | 0.01453041 | 0.35253601 | 0.41261374 | 0.37129272 | 0.38484797
 160 | 0.38465568 | 0.01498269 | 0.35112540 | 0.41081566 | 0.37766709 | 0.39164426
 161 | 0.39143494 | 0.01132955 | 0.36824220 | 0.41897590 | 0.38615034 | 0.39671954
 162 | 0.38655598 | 0.01285768 | 0.36306135 | 0.42506068 | 0.38055859 | 0.39255336
 163 | 0.39503657 | 0.00927423 | 0.37417943 | 0.40710629 | 0.39071066 | 0.39936248
 164 | 0.39850878 | 0.00877430 | 0.38078956 | 0.41787365 | 0.39441606 | 0.40260150
 165 | 0.39788728 | 0.01145109 | 0.38106945 | 0.42304230 | 0.39254599 | 0.40322857
 166 | 0.40753105 | 0.01090988 | 0.38688908 | 0.43668639 | 0.40244220 | 0.41261990
 167 | 0.40824540 | 0.01015622 | 0.39506915 | 0.43333333 | 0.40350810 | 0.41298271
 168 | 0.41072014 | 0.00861463 | 0.39466421 | 0.42737347 | 0.40670189 | 0.41473838
 169 | 0.41387273 | 0.01011239 | 0.39499553 | 0.43244039 | 0.40915587 | 0.41858960
 170 | 0.41574289 | 0.01194689 | 0.39377618 | 0.44626866 | 0.41017034 | 0.42131544
 171 | 0.41973806 | 0.01160545 | 0.40416667 | 0.44411678 | 0.41432477 | 0.42515135
 172 | 0.42197490 | 0.01016933 | 0.39480752 | 0.44093567 | 0.41723148 | 0.42671832
 173 | 0.42801153 | 0.01186763 | 0.40150202 | 0.44545974 | 0.42247595 | 0.43354712
 174 | 0.42835496 | 0.00902993 | 0.40862309 | 0.44204774 | 0.42414300 | 0.43256691
 175 | 0.43451197 | 0.01003128 | 0.41568627 | 0.45428973 | 0.42983294 | 0.43919100
 176 | 0.43891739 | 0.00928562 | 0.42263610 | 0.45851034 | 0.43458617 | 0.44324861
 177 | 0.43647216 | 0.00883109 | 0.42077416 | 0.45984343 | 0.43235295 | 0.44059136
 178 | 0.44706724 | 0.00961292 | 0.42836799 | 0.46492986 | 0.44258335 | 0.45155113
 179 | 0.44501580 | 0.01078540 | 0.42557945 | 0.47094464 | 0.43998502 | 0.45004659
 180 | 0.45117449 | 0.00976027 | 0.43220808 | 0.47024472 | 0.44662187 | 0.45572711
 181 | 0.44981047 | 0.00907621 | 0.43509351 | 0.46719089 | 0.44557693 | 0.45404401
 182 | 0.45813963 | 0.00922937 | 0.43783784 | 0.47135843 | 0.45383465 | 0.46244461
 183 | 0.46134830 | 0.00813884 | 0.44495537 | 0.48063905 | 0.45755199 | 0.46514460
 184 | 0.46035960 | 0.00912654 | 0.44572685 | 0.47712781 | 0.45610258 | 0.46461662
 185 | 0.46239723 | 0.00785897 | 0.45067751 | 0.48593835 | 0.45873146 | 0.46606300
 186 | 0.46770269 | 0.00949753 | 0.44720497 | 0.48587127 | 0.46327262 | 0.47213275
 187 | 0.47240758 | 0.01080904 | 0.45266030 | 0.50152672 | 0.46736577 | 0.47744939
 188 | 0.47241284 | 0.00990092 | 0.44820124 | 0.48884166 | 0.46779462 | 0.47703106
 189 | 0.47157685 | 0.00990466 | 0.45659079 | 0.49001863 | 0.46695688 | 0.47619681
 190 | 0.47586997 | 0.00858120 | 0.45539906 | 0.48643666 | 0.47186733 | 0.47987262
 191 | 0.48010768 | 0.01174486 | 0.45754717 | 0.50267523 | 0.47462937 | 0.48558600
 192 | 0.48250189 | 0.01345997 | 0.45151915 | 0.50627615 | 0.47622357 | 0.48878021
 193 | 0.48283186 | 0.00781312 | 0.46397547 | 0.49393633 | 0.47918748 | 0.48647625
 194 | 0.48863384 | 0.00925682 | 0.47060340 | 0.50286309 | 0.48431605 | 0.49295163
 195 | 0.49059382 | 0.00940953 | 0.47227238 | 0.51038961 | 0.48620480 | 0.49498284
 196 | 0.49163956 | 0.01196050 | 0.47023055 | 0.51426369 | 0.48606066 | 0.49721846
 197 | 0.49909105 | 0.00793952 | 0.48380355 | 0.51482285 | 0.49538771 | 0.50279439
 198 | 0.49704086 | 0.01104159 | 0.47384615 | 0.51518119 | 0.49189058 | 0.50219114
 199 | 0.49428660 | 0.00827756 | 0.47907685 | 0.50723901 | 0.49042559 | 0.49814761
 200 | 0.49980309 | 0.00931676 | 0.47806691 | 0.51664612 | 0.49545735 | 0.50414884
 201 | 0.50422195 | 0.01067202 | 0.48689234 | 0.52562515 | 0.49924406 | 0.50919985
 202 | 0.50406159 | 0.00858060 | 0.48911139 | 0.52468370 | 0.50005922 | 0.50806396
 203 | 0.50963853 | 0.01036301 | 0.49405941 | 0.53184331 | 0.50480477 | 0.51447230
 204 | 0.51652020 | 0.00776073 | 0.49900398 | 0.53023368 | 0.51290025 | 0.52014014
 205 | 0.51492762 | 0.00970289 | 0.49781022 | 0.52806804 | 0.51040177 | 0.51945347
 206 | 0.51697097 | 0.00820281 | 0.49748020 | 0.52973888 | 0.51314482 | 0.52079712
 207 | 0.51966960 | 0.01008343 | 0.50433944 | 0.54251112 | 0.51496624 | 0.52437295
 208 | 0.51940311 | 0.00898024 | 0.50608569 | 0.53683717 | 0.51521434 | 0.52359189
 209 | 0.52241462 | 0.00659124 | 0.50969131 | 0.53234308 | 0.51934018 | 0.52548906
 210 | 0.52163368 | 0.01041811 | 0.50404377 | 0.53947684 | 0.51677422 | 0.52649315
 211 | 0.52653617 | 0.00998770 | 0.50882634 | 0.54333644 | 0.52187747 | 0.53119487
 212 | 0.52539500 | 0.01041370 | 0.50598583 | 0.55018587 | 0.52053760 | 0.53025241
 213 | 0.53021795 | 0.00785853 | 0.51585624 | 0.54729730 | 0.52655239 | 0.53388351
 214 | 0.53209985 | 0.00859697 | 0.51498386 | 0.54347305 | 0.52808985 | 0.53610986
 215 | 0.53259549 | 0.00989107 | 0.51502959 | 0.55496165 | 0.52798186 | 0.53720912
 216 | 0.53537783 | 0.00998448 | 0.51752577 | 0.55972061 | 0.53072063 | 0.54003502
 217 | 0.54283617 | 0.01011061 | 0.53092425 | 0.56323158 | 0.53812014 | 0.54755220
 218 | 0.54134003 | 0.00567415 | 0.53036625 | 0.55228311 | 0.53869336 | 0.54398671
 219 | 0.54391894 | 0.00801236 | 0.52756978 | 0.55758684 | 0.54018163 | 0.54765626
 220 | 0.54653154 | 0.00912149 | 0.52941176 | 0.56303467 | 0.54227688 | 0.55078620
 221 | 0.55149871 | 0.01020073 | 0.53334856 | 0.57195915 | 0.54674064 | 0.55625678
 222 | 0.55259606 | 0.00781247 | 0.53293823 | 0.56777727 | 0.54895198 | 0.55624013
 223 | 0.55588262 | 0.00898625 | 0.53697608 | 0.57402886 | 0.55169104 | 0.56007420
 224 | 0.55604363 | 0.00729079 | 0.53646193 | 0.57012669 | 0.55264289 | 0.55944438
 225 | 0.55848132 | 0.00983015 | 0.53745645 | 0.58318584 | 0.55389611 | 0.56306654
 226 | 0.56181677 | 0.00829548 | 0.54434046 | 0.57995974 | 0.55794740 | 0.56568614
 227 | 0.56382406 | 0.00660153 | 0.55009866 | 0.57478070 | 0.56074482 | 0.56690331
 228 | 0.55992399 | 0.00725751 | 0.54409501 | 0.57695671 | 0.55653877 | 0.56330921
 229 | 0.56721263 | 0.00597879 | 0.55516250 | 0.57636761 | 0.56442386 | 0.57000140
 230 | 0.56472650 | 0.00698641 | 0.55326087 | 0.57785836 | 0.56146773 | 0.56798527
 231 | 0.56651629 | 0.00957647 | 0.54726368 | 0.58497432 | 0.56204941 | 0.57098317
 232 | 0.57076578 | 0.00792479 | 0.55523830 | 0.59116501 | 0.56706932 | 0.57446225
 233 | 0.56952782 | 0.00654031 | 0.55780846 | 0.58442914 | 0.56647713 | 0.57257851
 234 | 0.57494326 | 0.00670232 | 0.56143382 | 0.58985112 | 0.57181700 | 0.57806951
 235 | 0.57397441 | 0.00701458 | 0.56240569 | 0.58495405 | 0.57070250 | 0.57724632
 236 | 0.57739715 | 0.00701971 | 0.56009024 | 0.58864809 | 0.57412285 | 0.58067145
 237 | 0.58107966 | 0.00956187 | 0.56177854 | 0.60108266 | 0.57661958 | 0.58553973
 238 | 0.58273227 | 0.00675180 | 0.57099957 | 0.59424460 | 0.57958294 | 0.58588161
 239 | 0.58136570 | 0.00798002 | 0.56693733 | 0.59380165 | 0.57764347 | 0.58508794
 240 | 0.58304495 | 0.01049347 | 0.56005057 | 0.60248190 | 0.57815033 | 0.58793956
 241 | 0.58461291 | 0.00554539 | 0.57642460 | 0.59629784 | 0.58202629 | 0.58719952
 242 | 0.58795324 | 0.00755037 | 0.57183849 | 0.60549518 | 0.58443142 | 0.59147507
 243 | 0.58827755 | 0.00555685 | 0.57897947 | 0.60609117 | 0.58568560 | 0.59086951
 244 | 0.59178523 | 0.00952949 | 0.56841670 | 0.60803518 | 0.58734026 | 0.59623020
 245 | 0.59436652 | 0.00951649 | 0.57492292 | 0.61254153 | 0.58992762 | 0.59880543
 246 | 0.59130565 | 0.00881586 | 0.57361140 | 0.60540000 | 0.58719354 | 0.59541775
 247 | 0.59573602 | 0.00870649 | 0.57905629 | 0.61363178 | 0.59167493 | 0.59979711
 248 | 0.59819320 | 0.00794828 | 0.58267557 | 0.61307847 | 0.59448578 | 0.60190063
 249 | 0.59897254 | 0.00705858 | 0.58306189 | 0.61468971 | 0.59568011 | 0.60226497
 250 | 0.60133685 | 0.00606754 | 0.59072417 | 0.61169781 | 0.59850669 | 0.60416702
 251 | 0.60243133 | 0.00719249 | 0.59206572 | 0.61652035 | 0.59907643 | 0.60578622
 252 | 0.60392758 | 0.01061095 | 0.58861657 | 0.62544309 | 0.59897817 | 0.60887699
 253 | 0.60413691 | 0.00592143 | 0.59283196 | 0.61693391 | 0.60137490 | 0.60689892
 254 | 0.60408712 | 0.00687508 | 0.59324696 | 0.61698003 | 0.60088029 | 0.60729396
 255 | 0.60852220 | 0.00717286 | 0.59651838 | 0.62203490 | 0.60517646 | 0.61186794
 256 | 0.60894365 | 0.00618635 | 0.59515777 | 0.62279202 | 0.60605807 | 0.61182924
 257 | 0.61107484 | 0.00835344 | 0.59562303 | 0.62717512 | 0.60717843 | 0.61497125
 258 | 0.61115058 | 0.00899166 | 0.59301649 | 0.62659095 | 0.60695648 | 0.61534469
 259 | 0.61372613 | 0.00582119 | 0.60423422 | 0.62693115 | 0.61101087 | 0.61644138
 260 | 0.61356830 | 0.00711022 | 0.59964761 | 0.62600845 | 0.61025178 | 0.61688482
 261 | 0.61984991 | 0.00625946 | 0.60471406 | 0.63093415 | 0.61693022 | 0.62276959
 262 | 0.61842485 | 0.00655955 | 0.60903998 | 0.63213127 | 0.61536519 | 0.62148451
 263 | 0.61952680 | 0.00703896 | 0.61050795 | 0.63793752 | 0.61624352 | 0.62281007
 264 | 0.61864719 | 0.00760324 | 0.60173410 | 0.63319279 | 0.61510070 | 0.62219367
 265 | 0.62376289 | 0.00702892 | 0.61191199 | 0.63428571 | 0.62048429 | 0.62704148
 266 | 0.62564645 | 0.00738474 | 0.61271568 | 0.63831375 | 0.62220188 | 0.62909101
 267 | 0.62464687 | 0.00624054 | 0.61152835 | 0.63577626 | 0.62173601 | 0.62755773
 268 | 0.61927505 | 0.00890159 | 0.60316574 | 0.63609631 | 0.61512296 | 0.62342715
 269 | 0.63053861 | 0.00629896 | 0.61334825 | 0.64186563 | 0.62760050 | 0.63347673
 270 | 0.63260874 | 0.00779333 | 0.61955928 | 0.65071507 | 0.62897359 | 0.63624389
 271 | 0.63039837 | 0.00786137 | 0.61718602 | 0.64782206 | 0.62673148 | 0.63406526
 272 | 0.63063659 | 0.01018243 | 0.61090776 | 0.64940092 | 0.62588706 | 0.63538612
 273 | 0.63160865 | 0.00660053 | 0.61758803 | 0.64462659 | 0.62852987 | 0.63468742
 274 | 0.63414235 | 0.00683810 | 0.62214984 | 0.64776173 | 0.63095276 | 0.63733193
 275 | 0.63744368 | 0.00764973 | 0.62158764 | 0.65119266 | 0.63387551 | 0.64101185
 276 | 0.63811502 | 0.00777132 | 0.62495386 | 0.65265648 | 0.63449013 | 0.64173990
 277 | 0.64064588 | 0.00730768 | 0.62170934 | 0.65549215 | 0.63723726 | 0.64405450
 278 | 0.63705460 | 0.00780781 | 0.62190493 | 0.65213475 | 0.63341270 | 0.64069650
 279 | 0.64189985 | 0.00422339 | 0.63544906 | 0.65234802 | 0.63992988 | 0.64386983
 280 | 0.64483046 | 0.00761242 | 0.63034264 | 0.66351375 | 0.64127970 | 0.64838123
 281 | 0.64235359 | 0.00747019 | 0.62895598 | 0.65781084 | 0.63886916 | 0.64583801
 282 | 0.64586437 | 0.00890780 | 0.62664298 | 0.66370581 | 0.64170939 | 0.65001936
 283 | 0.64824885 | 0.00557918 | 0.63475177 | 0.65839729 | 0.64564647 | 0.65085122
 284 | 0.64952287 | 0.00768816 | 0.63734353 | 0.66877526 | 0.64593678 | 0.65310897
 285 | 0.64761221 | 0.00671756 | 0.63053137 | 0.65788579 | 0.64447885 | 0.65074558
 286 | 0.65116164 | 0.00704928 | 0.63876106 | 0.66502463 | 0.64787355 | 0.65444974
 287 | 0.65192435 | 0.00708767 | 0.63687445 | 0.66320315 | 0.64861835 | 0.65523035
 288 | 0.65139853 | 0.00582375 | 0.63881636 | 0.66603676 | 0.64868208 | 0.65411498
 289 | 0.65266432 | 0.00675194 | 0.64149974 | 0.66846973 | 0.64951492 | 0.65581372
 290 | 0.65392929 | 0.00503310 | 0.64364261 | 0.66313632 | 0.65158163 | 0.65627695
 291 | 0.65411166 | 0.00676474 | 0.64025997 | 0.66519375 | 0.65095629 | 0.65726704
 292 | 0.65622998 | 0.00568219 | 0.64315210 | 0.66822742 | 0.65357956 | 0.65888040
 293 | 0.65843853 | 0.00773873 | 0.64712919 | 0.67371956 | 0.65482884 | 0.66204821
 294 | 0.66013238 | 0.00597804 | 0.65073154 | 0.67011709 | 0.65734396 | 0.66292080
 295 | 0.65996681 | 0.00663785 | 0.64941374 | 0.67323097 | 0.65687063 | 0.66306300
 296 | 0.65994403 | 0.00709895 | 0.64467178 | 0.67135506 | 0.65663277 | 0.66325530
 297 | 0.66125769 | 0.00525463 | 0.65016165 | 0.66918683 | 0.65880670 | 0.66370868
 298 | 0.66327290 | 0.00471978 | 0.65639136 | 0.67709886 | 0.66107139 | 0.66547442
 299 | 0.66457728 | 0.00621067 | 0.65308518 | 0.67603028 | 0.66168035 | 0.66747421
 300 | 0.66587740 | 0.00663473 | 0.65243800 | 0.67882607 | 0.66278267 | 0.66897213
 301 | 0.66761152 | 0.00848573 | 0.65080972 | 0.68417564 | 0.66365340 | 0.67156963
 302 | 0.66830868 | 0.00612661 | 0.65673362 | 0.68247694 | 0.66545096 | 0.67116640
 303 | 0.66946526 | 0.00682328 | 0.65637517 | 0.68288646 | 0.66628258 | 0.67264794
 304 | 0.66961811 | 0.00714501 | 0.65027860 | 0.68109339 | 0.66628536 | 0.67295086
 305 | 0.67269815 | 0.00716034 | 0.65998383 | 0.68628774 | 0.66935826 | 0.67603805
 306 | 0.67056520 | 0.00702285 | 0.65733223 | 0.68263568 | 0.66728943 | 0.67384096
 307 | 0.67156076 | 0.00787424 | 0.65676998 | 0.69023179 | 0.66788787 | 0.67523365
 308 | 0.67341370 | 0.00703495 | 0.66006927 | 0.68665068 | 0.67013229 | 0.67669511
 309 | 0.67704606 | 0.00481302 | 0.66715495 | 0.68674892 | 0.67480106 | 0.67929106
 310 | 0.67674444 | 0.00626697 | 0.66017670 | 0.68636148 | 0.67382125 | 0.67966763
 311 | 0.67780193 | 0.00625531 | 0.66989060 | 0.69635954 | 0.67488418 | 0.68071968
 312 | 0.67684904 | 0.00902164 | 0.65768572 | 0.69322197 | 0.67264095 | 0.68105712
 313 | 0.67700048 | 0.00650940 | 0.66291412 | 0.68684628 | 0.67396421 | 0.68003675
 314 | 0.68417122 | 0.00623524 | 0.67451479 | 0.69423440 | 0.68126283 | 0.68707961
 315 | 0.68005369 | 0.00541821 | 0.67160812 | 0.69055118 | 0.67752640 | 0.68258098
 316 | 0.68411882 | 0.00604338 | 0.66872428 | 0.69318362 | 0.68129992 | 0.68693772
 317 | 0.68320315 | 0.00521336 | 0.67274457 | 0.69605974 | 0.68077141 | 0.68563489
 318 | 0.68362367 | 0.00493989 | 0.67489513 | 0.69220034 | 0.68131949 | 0.68592785
 319 | 0.68665335 | 0.00686938 | 0.67763158 | 0.69832662 | 0.68344916 | 0.68985753
 320 | 0.68554241 | 0.00548862 | 0.67904880 | 0.70087666 | 0.68298227 | 0.68810254
 321 | 0.68901357 | 0.00574980 | 0.67803441 | 0.70271528 | 0.68633161 | 0.69169553
 322 | 0.68905646 | 0.00716737 | 0.66926677 | 0.69967356 | 0.68571329 | 0.69239963
 323 | 0.69018763 | 0.00775203 | 0.67367943 | 0.70246779 | 0.68657175 | 0.69380352
 324 | 0.69055269 | 0.00645762 | 0.68007426 | 0.70686040 | 0.68754057 | 0.69356481
 325 | 0.69221582 | 0.00663408 | 0.67929803 | 0.70637712 | 0.68912139 | 0.69531025
 326 | 0.69305603 | 0.00520803 | 0.68535092 | 0.70399397 | 0.69062678 | 0.69548529
 327 | 0.69553005 | 0.00605433 | 0.68271135 | 0.70660780 | 0.69270604 | 0.69835405
 328 | 0.69528113 | 0.00478000 | 0.68489985 | 0.70498783 | 0.69305152 | 0.69751073
 329 | 0.69525530 | 0.00557229 | 0.67766272 | 0.70353512 | 0.69265614 | 0.69785446
 330 | 0.69547642 | 0.00518394 | 0.68793259 | 0.70710598 | 0.69305840 | 0.69789443
 331 | 0.69651909 | 0.00586341 | 0.68578665 | 0.70792747 | 0.69378414 | 0.69925404
 332 | 0.69896330 | 0.00663530 | 0.68525776 | 0.70787366 | 0.69586830 | 0.70205830
 333 | 0.69894488 | 0.00567414 | 0.68313182 | 0.71167014 | 0.69629821 | 0.70159155
 334 | 0.70033022 | 0.00718101 | 0.68754717 | 0.71589909 | 0.69698068 | 0.70367976
 335 | 0.70191910 | 0.00600237 | 0.68954641 | 0.71108455 | 0.69911933 | 0.70471887
 336 | 0.70155795 | 0.00541249 | 0.69266960 | 0.71164483 | 0.69903332 | 0.70408257
 337 | 0.70322338 | 0.00657844 | 0.68989234 | 0.71351513 | 0.70015491 | 0.70629186
 338 | 0.70398576 | 0.00638978 | 0.69025887 | 0.71407096 | 0.70100528 | 0.70696623
 339 | 0.70327006 | 0.00606068 | 0.69274495 | 0.71382114 | 0.70044309 | 0.70609702
 340 | 0.70643422 | 0.00500231 | 0.69509311 | 0.71648189 | 0.70410092 | 0.70876751
 341 | 0.70527269 | 0.00404627 | 0.69640459 | 0.71238409 | 0.70338533 | 0.70716005
 342 | 0.70469473 | 0.00586308 | 0.69495514 | 0.71630688 | 0.70195993 | 0.70742952
 343 | 0.70774841 | 0.00756456 | 0.69396425 | 0.72290374 | 0.70421997 | 0.71127685
 344 | 0.70817389 | 0.00698631 | 0.69202951 | 0.71679489 | 0.70491517 | 0.71143261
 345 | 0.70823791 | 0.00569024 | 0.69444444 | 0.71764706 | 0.70558373 | 0.71089209
 346 | 0.70905741 | 0.00659907 | 0.69351556 | 0.71864745 | 0.70597931 | 0.71213551
 347 | 0.71116796 | 0.00612260 | 0.69509044 | 0.72489843 | 0.70831211 | 0.71402381
 348 | 0.70956068 | 0.00514508 | 0.70155485 | 0.72049169 | 0.70716079 | 0.71196057
 349 | 0.71200189 | 0.00541249 | 0.70132133 | 0.72046565 | 0.70947727 | 0.71452651
 350 | 0.71131814 | 0.00582366 | 0.70092791 | 0.71932581 | 0.70860173 | 0.71403455
 351 | 0.71344055 | 0.00515176 | 0.70365554 | 0.72719510 | 0.71103754 | 0.71584355
 352 | 0.71476574 | 0.00440807 | 0.70265206 | 0.72147029 | 0.71270962 | 0.71682185
 353 | 0.71600694 | 0.00578795 | 0.70666860 | 0.72533147 | 0.71330719 | 0.71870669
 354 | 0.71492732 | 0.00650651 | 0.70617744 | 0.73229805 | 0.71189240 | 0.71796224
 355 | 0.71815070 | 0.00485617 | 0.70668929 | 0.72787980 | 0.71588557 | 0.72041583
 356 | 0.71706507 | 0.00368790 | 0.70983419 | 0.72332680 | 0.71534487 | 0.71878526
 357 | 0.72122275 | 0.00579909 | 0.71201969 | 0.73116937 | 0.71851780 | 0.72392770
 358 | 0.71948446 | 0.00528103 | 0.70751154 | 0.72882542 | 0.71702116 | 0.72194776
 359 | 0.72089294 | 0.00544784 | 0.71293200 | 0.73197731 | 0.71835183 | 0.72343405
 360 | 0.71934151 | 0.00497573 | 0.70973154 | 0.73065744 | 0.71702061 | 0.72166241
 361 | 0.72166177 | 0.00471722 | 0.71519162 | 0.73510653 | 0.71946145 | 0.72386208
 362 | 0.72148876 | 0.00496313 | 0.71189979 | 0.73067227 | 0.71917374 | 0.72380378
 363 | 0.72411798 | 0.00787882 | 0.70847933 | 0.74459613 | 0.72044295 | 0.72779301
 364 | 0.72243600 | 0.00587000 | 0.70752206 | 0.73282443 | 0.71969797 | 0.72517402
 365 | 0.72418615 | 0.00702421 | 0.71060211 | 0.73526557 | 0.72090974 | 0.72746255
 366 | 0.72681849 | 0.00536469 | 0.71664859 | 0.73733426 | 0.72431617 | 0.72932082
 367 | 0.72520259 | 0.00670771 | 0.71198691 | 0.73630694 | 0.72207382 | 0.72833136
 368 | 0.72428466 | 0.00571715 | 0.71469701 | 0.73422330 | 0.72161793 | 0.72695139
 369 | 0.72852469 | 0.00816341 | 0.71622746 | 0.74559059 | 0.72471692 | 0.73233246
 370 | 0.72874505 | 0.00764641 | 0.71968056 | 0.74586013 | 0.72517843 | 0.73231167
 371 | 0.72988373 | 0.00536308 | 0.72196262 | 0.74094595 | 0.72738216 | 0.73238531
 372 | 0.73021055 | 0.00618358 | 0.71742671 | 0.74364773 | 0.72732626 | 0.73309484
 373 | 0.72827097 | 0.00576751 | 0.72074433 | 0.74057679 | 0.72558076 | 0.73096119
 374 | 0.73198298 | 0.00575122 | 0.72133136 | 0.74459856 | 0.72930036 | 0.73466560
 375 | 0.73289662 | 0.00434690 | 0.72314840 | 0.74033801 | 0.73086903 | 0.73492420
 376 | 0.73303379 | 0.00632420 | 0.72089964 | 0.74394464 | 0.73008391 | 0.73598368
 377 | 0.73521797 | 0.00520596 | 0.72738255 | 0.74525673 | 0.73278968 | 0.73764625
 378 | 0.73204529 | 0.00454825 | 0.72323934 | 0.74055482 | 0.72992379 | 0.73416679
 379 | 0.73284340 | 0.00496334 | 0.72432649 | 0.74395448 | 0.73052828 | 0.73515852
 380 | 0.73494694 | 0.00532587 | 0.72645383 | 0.74628045 | 0.73246272 | 0.73743116
 381 | 0.73404724 | 0.00505389 | 0.72182128 | 0.74755658 | 0.73168988 | 0.73640459
 382 | 0.73502420 | 0.00632005 | 0.72325822 | 0.74879416 | 0.73207626 | 0.73797215
 383 | 0.73837040 | 0.00326233 | 0.73178071 | 0.74338795 | 0.73684870 | 0.73989209
 384 | 0.73794292 | 0.00557737 | 0.73012112 | 0.75023361 | 0.73534139 | 0.74054445
 385 | 0.73657336 | 0.00483923 | 0.72677238 | 0.74650058 | 0.73431613 | 0.73883059
 386 | 0.74130980 | 0.00425868 | 0.73300907 | 0.74693771 | 0.73932336 | 0.74329624
 387 | 0.74186811 | 0.00412170 | 0.73486763 | 0.74939390 | 0.73994557 | 0.74379065
 388 | 0.74047810 | 0.00449322 | 0.73247256 | 0.74958005 | 0.73838226 | 0.74257393
 389 | 0.74255166 | 0.00628887 | 0.73200102 | 0.75903462 | 0.73961825 | 0.74548506
 390 | 0.74171054 | 0.00438074 | 0.73384178 | 0.74993685 | 0.73966717 | 0.74375391
 391 | 0.74217663 | 0.00523457 | 0.73269476 | 0.75289624 | 0.73973500 | 0.74461826
 392 | 0.74591487 | 0.00480960 | 0.73658907 | 0.75804605 | 0.74367146 | 0.74815828
 393 | 0.74199359 | 0.00439378 | 0.73206292 | 0.74778363 | 0.73994414 | 0.74404304
 394 | 0.74317942 | 0.00521705 | 0.72879621 | 0.75102906 | 0.74074596 | 0.74561288
 395 | 0.74405676 | 0.00607629 | 0.73433487 | 0.75306613 | 0.74122251 | 0.74689101
 396 | 0.74830608 | 0.00502291 | 0.73898219 | 0.75801242 | 0.74596318 | 0.75064899
 397 | 0.74457119 | 0.00555525 | 0.72793935 | 0.75587976 | 0.74197998 | 0.74716240
 398 | 0.74646921 | 0.00471598 | 0.73893246 | 0.75705016 | 0.74426947 | 0.74866895
 399 | 0.74728684 | 0.00373386 | 0.74097954 | 0.75561345 | 0.74554520 | 0.74902847
 400 | 0.74838101 | 0.00550353 | 0.74144067 | 0.75997475 | 0.74581392 | 0.75094809
