# MÉDIAS E ESTATÍSTICAS
# Requisição 1: [0,6]
# Modo: CONJUNTO
# ============================================================
# Load | Média | DesvioPadrão | Mínimo | Máximo | IC 95% (inferior) | IC 95% (superior)
# ============================================================
   1 | 0.00000000 | 0.00000000 | 0.00000000 | 0.00000000 | 0.00000000 | 0.00000000
   2 | 0.00000000 | 0.00000000 | 0.00000000 | 0.00000000 | 0.00000000 | 0.00000000
   3 | 0.00000000 | 0.00000000 | 0.00000000 | 0.00000000 | 0.00000000 | 0.00000000
   4 | 0.00000000 | 0.00000000 | 0.00000000 | 0.00000000 | 0.00000000 | 0.00000000
   5 | 0.00000000 | 0.00000000 | 0.00000000 | 0.00000000 | 0.00000000 | 0.00000000
   6 | 0.00000000 | 0.00000000 | 0.00000000 | 0.00000000 | 0.00000000 | 0.00000000
   7 | 0.00000000 | 0.00000000 | 0.00000000 | 0.00000000 | 0.00000000 | 0.00000000
   8 | 0.00000000 | 0.00000000 | 0.00000000 | 0.00000000 | 0.00000000 | 0.00000000
   9 | 0.00000000 | 0.00000000 | 0.00000000 | 0.00000000 | 0.00000000 | 0.00000000
  10 | 0.00000000 | 0.00000000 | 0.00000000 | 0.00000000 | 0.00000000 | 0.00000000
  11 | 0.00000000 | 0.00000000 | 0.00000000 | 0.00000000 | 0.00000000 | 0.00000000
  12 | 0.00000000 | 0.00000000 | 0.00000000 | 0.00000000 | 0.00000000 | 0.00000000
  13 | 0.00000000 | 0.00000000 | 0.00000000 | 0.00000000 | 0.00000000 | 0.00000000
  14 | 0.00000000 | 0.00000000 | 0.00000000 | 0.00000000 | 0.00000000 | 0.00000000
  15 | 0.00000000 | 0.00000000 | 0.00000000 | 0.00000000 | 0.00000000 | 0.00000000
  16 | 0.00000000 | 0.00000000 | 0.00000000 | 0.00000000 | 0.00000000 | 0.00000000
  17 | 0.00000000 | 0.00000000 | 0.00000000 | 0.00000000 | 0.00000000 | 0.00000000
  18 | 0.00000000 | 0.00000000 | 0.00000000 | 0.00000000 | 0.00000000 | 0.00000000
  19 | 0.00000000 | 0.00000000 | 0.00000000 | 0.00000000 | 0.00000000 | 0.00000000
  20 | 0.00000000 | 0.00000000 | 0.00000000 | 0.00000000 | 0.00000000 | 0.00000000
  21 | 0.00000000 | 0.00000000 | 0.00000000 | 0.00000000 | 0.00000000 | 0.00000000
  22 | 0.00000000 | 0.00000000 | 0.00000000 | 0.00000000 | 0.00000000 | 0.00000000
  23 | 0.00000000 | 0.00000000 | 0.00000000 | 0.00000000 | 0.00000000 | 0.00000000
  24 | 0.00000000 | 0.00000000 | 0.00000000 | 0.00000000 | 0.00000000 | 0.00000000
  25 | 0.00000000 | 0.00000000 | 0.00000000 | 0.00000000 | 0.00000000 | 0.00000000
  26 | 0.00000000 | 0.00000000 | 0.00000000 | 0.00000000 | 0.00000000 | 0.00000000
  27 | 0.00000000 | 0.00000000 | 0.00000000 | 0.00000000 | 0.00000000 | 0.00000000
  28 | 0.00000000 | 0.00000000 | 0.00000000 | 0.00000000 | 0.00000000 | 0.00000000
  29 | 0.00000000 | 0.00000000 | 0.00000000 | 0.00000000 | 0.00000000 | 0.00000000
  30 | 0.00000000 | 0.00000000 | 0.00000000 | 0.00000000 | 0.00000000 | 0.00000000
  31 | 0.00000000 | 0.00000000 | 0.00000000 | 0.00000000 | 0.00000000 | 0.00000000
  32 | 0.00000000 | 0.00000000 | 0.00000000 | 0.00000000 | 0.00000000 | 0.00000000
  33 | 0.00000000 | 0.00000000 | 0.00000000 | 0.00000000 | 0.00000000 | 0.00000000
  34 | 0.00000000 | 0.00000000 | 0.00000000 | 0.00000000 | 0.00000000 | 0.00000000
  35 | 0.00000000 | 0.00000000 | 0.00000000 | 0.00000000 | 0.00000000 | 0.00000000
  36 | 0.00000000 | 0.00000000 | 0.00000000 | 0.00000000 | 0.00000000 | 0.00000000
  37 | 0.00000000 | 0.00000000 | 0.00000000 | 0.00000000 | 0.00000000 | 0.00000000
  38 | 0.00000000 | 0.00000000 | 0.00000000 | 0.00000000 | 0.00000000 | 0.00000000
  39 | 0.00000000 | 0.00000000 | 0.00000000 | 0.00000000 | 0.00000000 | 0.00000000
  40 | 0.00000000 | 0.00000000 | 0.00000000 | 0.00000000 | 0.00000000 | 0.00000000
  41 | 0.00000000 | 0.00000000 | 0.00000000 | 0.00000000 | 0.00000000 | 0.00000000
  42 | 0.00000000 | 0.00000000 | 0.00000000 | 0.00000000 | 0.00000000 | 0.00000000
  43 | 0.00000000 | 0.00000000 | 0.00000000 | 0.00000000 | 0.00000000 | 0.00000000
  44 | 0.00000000 | 0.00000000 | 0.00000000 | 0.00000000 | 0.00000000 | 0.00000000
  45 | 0.00000000 | 0.00000000 | 0.00000000 | 0.00000000 | 0.00000000 | 0.00000000
  46 | 0.00000000 | 0.00000000 | 0.00000000 | 0.00000000 | 0.00000000 | 0.00000000
  47 | 0.00000000 | 0.00000000 | 0.00000000 | 0.00000000 | 0.00000000 | 0.00000000
  48 | 0.00000000 | 0.00000000 | 0.00000000 | 0.00000000 | 0.00000000 | 0.00000000
  49 | 0.00000000 | 0.00000000 | 0.00000000 | 0.00000000 | 0.00000000 | 0.00000000
  50 | 0.00000000 | 0.00000000 | 0.00000000 | 0.00000000 | 0.00000000 | 0.00000000
  51 | 0.00000000 | 0.00000000 | 0.00000000 | 0.00000000 | 0.00000000 | 0.00000000
  52 | 0.00000000 | 0.00000000 | 0.00000000 | 0.00000000 | 0.00000000 | 0.00000000
  53 | 0.00000000 | 0.00000000 | 0.00000000 | 0.00000000 | 0.00000000 | 0.00000000
  54 | 0.00000000 | 0.00000000 | 0.00000000 | 0.00000000 | 0.00000000 | 0.00000000
  55 | 0.00000000 | 0.00000000 | 0.00000000 | 0.00000000 | 0.00000000 | 0.00000000
  56 | 0.00000000 | 0.00000000 | 0.00000000 | 0.00000000 | 0.00000000 | 0.00000000
  57 | 0.00000000 | 0.00000000 | 0.00000000 | 0.00000000 | 0.00000000 | 0.00000000
  58 | 0.00000000 | 0.00000000 | 0.00000000 | 0.00000000 | 0.00000000 | 0.00000000
  59 | 0.00000000 | 0.00000000 | 0.00000000 | 0.00000000 | 0.00000000 | 0.00000000
  60 | 0.00000000 | 0.00000000 | 0.00000000 | 0.00000000 | 0.00000000 | 0.00000000
  61 | 0.00000000 | 0.00000000 | 0.00000000 | 0.00000000 | 0.00000000 | 0.00000000
  62 | 0.00003894 | 0.00016974 | 0.00000000 | 0.00077882 | -0.00004023 | 0.00011811
  63 | 0.00000000 | 0.00000000 | 0.00000000 | 0.00000000 | 0.00000000 | 0.00000000
  64 | 0.00000000 | 0.00000000 | 0.00000000 | 0.00000000 | 0.00000000 | 0.00000000
  65 | 0.00003840 | 0.00016739 | 0.00000000 | 0.00076805 | -0.00003968 | 0.00011648
  66 | 0.00015144 | 0.00051553 | 0.00000000 | 0.00228484 | -0.00008902 | 0.00039191
  67 | 0.00034618 | 0.00096248 | 0.00000000 | 0.00387597 | -0.00010276 | 0.00079512
  68 | 0.00011494 | 0.00050102 | 0.00000000 | 0.00229885 | -0.00011876 | 0.00034864
  69 | 0.00040082 | 0.00074706 | 0.00000000 | 0.00221893 | 0.00005236 | 0.00074928
  70 | 0.00035283 | 0.00052449 | 0.00000000 | 0.00143472 | 0.00010818 | 0.00059747
  71 | 0.00041646 | 0.00077003 | 0.00000000 | 0.00208768 | 0.00005728 | 0.00077564
  72 | 0.00058696 | 0.00073609 | 0.00000000 | 0.00279330 | 0.00024361 | 0.00093031
  73 | 0.00084774 | 0.00094257 | 0.00000000 | 0.00325521 | 0.00040808 | 0.00128739
  74 | 0.00222056 | 0.00239014 | 0.00000000 | 0.00815217 | 0.00110570 | 0.00333542
  75 | 0.00184133 | 0.00194480 | 0.00000000 | 0.00732357 | 0.00093420 | 0.00274847
  76 | 0.00227422 | 0.00214153 | 0.00000000 | 0.00721785 | 0.00127531 | 0.00327313
  77 | 0.00352875 | 0.00255883 | 0.00000000 | 0.00930851 | 0.00233520 | 0.00472230
  78 | 0.00566618 | 0.00403544 | 0.00063654 | 0.01485149 | 0.00378388 | 0.00754849
  79 | 0.00513487 | 0.00253549 | 0.00000000 | 0.01033435 | 0.00395220 | 0.00631753
  80 | 0.00666666 | 0.00372713 | 0.00132013 | 0.01728395 | 0.00492816 | 0.00840516
  81 | 0.00872051 | 0.00422275 | 0.00310945 | 0.01820465 | 0.00675083 | 0.01069018
  82 | 0.00991343 | 0.00375855 | 0.00481638 | 0.01877650 | 0.00816028 | 0.01166658
  83 | 0.01111976 | 0.00386366 | 0.00317460 | 0.01827040 | 0.00931758 | 0.01292194
  84 | 0.01337555 | 0.00513805 | 0.00249844 | 0.02163462 | 0.01097893 | 0.01577216
  85 | 0.01680854 | 0.00615628 | 0.00802292 | 0.03088153 | 0.01393698 | 0.01968010
  86 | 0.01838890 | 0.00394156 | 0.01014925 | 0.02439024 | 0.01655039 | 0.02022742
  87 | 0.02494021 | 0.00627607 | 0.01318807 | 0.04159734 | 0.02201277 | 0.02786764
  88 | 0.02420520 | 0.00511483 | 0.01250744 | 0.03154762 | 0.02181942 | 0.02659098
  89 | 0.02784721 | 0.00720800 | 0.01534091 | 0.04660088 | 0.02448508 | 0.03120934
  90 | 0.03015939 | 0.00722278 | 0.01825677 | 0.04844856 | 0.02679037 | 0.03352841
  91 | 0.03873736 | 0.00683345 | 0.02858714 | 0.04994451 | 0.03554994 | 0.04192478
  92 | 0.04224659 | 0.00908837 | 0.02936550 | 0.06294472 | 0.03800737 | 0.04648580
  93 | 0.04427605 | 0.00726760 | 0.03146067 | 0.06209850 | 0.04088613 | 0.04766598
  94 | 0.05633144 | 0.00814469 | 0.03964528 | 0.07177290 | 0.05253240 | 0.06013049
  95 | 0.05412527 | 0.00847609 | 0.04073873 | 0.07045010 | 0.05017165 | 0.05807889
  96 | 0.06029899 | 0.01018922 | 0.03836185 | 0.08618052 | 0.05554629 | 0.06505169
  97 | 0.06647192 | 0.00834510 | 0.05125467 | 0.08337649 | 0.06257940 | 0.07036444
  98 | 0.07678422 | 0.01057507 | 0.05635246 | 0.09410548 | 0.07185155 | 0.08171690
  99 | 0.07830480 | 0.01027707 | 0.05782652 | 0.09246753 | 0.07351112 | 0.08309847
 100 | 0.08834461 | 0.01343693 | 0.06183932 | 0.11706837 | 0.08207704 | 0.09461218
 101 | 0.09107697 | 0.00978702 | 0.07598636 | 0.10523763 | 0.08651188 | 0.09564207
 102 | 0.09390843 | 0.01056994 | 0.07578009 | 0.11416185 | 0.08897815 | 0.09883871
 103 | 0.10183024 | 0.01141304 | 0.07790927 | 0.11792677 | 0.09650670 | 0.10715378
 104 | 0.10738677 | 0.00834888 | 0.09400480 | 0.12206573 | 0.10349249 | 0.11128105
 105 | 0.11499537 | 0.01116163 | 0.09956917 | 0.13933303 | 0.10978910 | 0.12020165
 106 | 0.11392759 | 0.01046669 | 0.09846725 | 0.13657407 | 0.10904546 | 0.11880971
 107 | 0.12512844 | 0.01288470 | 0.10018639 | 0.15004617 | 0.11911845 | 0.13113843
 108 | 0.12950871 | 0.01147626 | 0.10734463 | 0.14513109 | 0.12415568 | 0.13486174
 109 | 0.13538682 | 0.01139606 | 0.11761949 | 0.15632402 | 0.13007120 | 0.14070244
 110 | 0.14086364 | 0.01037559 | 0.12165229 | 0.16009070 | 0.13602401 | 0.14570327
 111 | 0.14590108 | 0.01017194 | 0.12810104 | 0.17061404 | 0.14115645 | 0.15064572
 112 | 0.15036047 | 0.01164513 | 0.13115488 | 0.17636684 | 0.14492867 | 0.15579226
 113 | 0.16586623 | 0.01127442 | 0.14183124 | 0.19029210 | 0.16060735 | 0.17112511
 114 | 0.16197177 | 0.01181155 | 0.13665158 | 0.18008004 | 0.15646235 | 0.16748119
 115 | 0.17155433 | 0.01214668 | 0.14101996 | 0.19285121 | 0.16588858 | 0.17722007
 116 | 0.17925979 | 0.01167127 | 0.15175439 | 0.20593293 | 0.17381580 | 0.18470378
 117 | 0.18814702 | 0.01175278 | 0.16535759 | 0.21205821 | 0.18266501 | 0.19362903
 118 | 0.19210471 | 0.01454240 | 0.16075845 | 0.21893004 | 0.18532150 | 0.19888793
 119 | 0.19824456 | 0.01460647 | 0.16580977 | 0.23389964 | 0.19143146 | 0.20505765
 120 | 0.19387443 | 0.01225704 | 0.16279070 | 0.21807629 | 0.18815721 | 0.19959165
 121 | 0.20172439 | 0.01303951 | 0.17886855 | 0.22566007 | 0.19564220 | 0.20780659
 122 | 0.21146410 | 0.01363651 | 0.18459658 | 0.24748322 | 0.20510344 | 0.21782477
 123 | 0.21314637 | 0.01286575 | 0.18331278 | 0.23880597 | 0.20714522 | 0.21914752
 124 | 0.21988594 | 0.01044790 | 0.19714286 | 0.24103184 | 0.21501259 | 0.22475930
 125 | 0.22816733 | 0.01170794 | 0.19813614 | 0.24410377 | 0.22270624 | 0.23362843
 126 | 0.23210119 | 0.01024817 | 0.21253515 | 0.24757674 | 0.22732100 | 0.23688139
 127 | 0.23228343 | 0.01336898 | 0.21017084 | 0.27040427 | 0.22604755 | 0.23851930
 128 | 0.24377728 | 0.01030212 | 0.21109771 | 0.25996873 | 0.23897192 | 0.24858264
 129 | 0.24521169 | 0.01386218 | 0.21758509 | 0.26831120 | 0.23874576 | 0.25167762
 130 | 0.25221494 | 0.01106424 | 0.23365571 | 0.26941657 | 0.24705409 | 0.25737579
 131 | 0.25991335 | 0.01448124 | 0.23522727 | 0.28938671 | 0.25315867 | 0.26666804
 132 | 0.26154521 | 0.01325242 | 0.23835404 | 0.28603186 | 0.25536371 | 0.26772672
 133 | 0.26942904 | 0.01338678 | 0.24879496 | 0.29802313 | 0.26318486 | 0.27567322
 134 | 0.27101120 | 0.01236749 | 0.23923077 | 0.28780300 | 0.26524246 | 0.27677994
 135 | 0.27766086 | 0.01313454 | 0.25168036 | 0.30490483 | 0.27153433 | 0.28378738
 136 | 0.28091225 | 0.00979005 | 0.25851560 | 0.29795158 | 0.27634575 | 0.28547876
 137 | 0.28636235 | 0.01426363 | 0.26620790 | 0.32325414 | 0.27970917 | 0.29301553
 138 | 0.29057823 | 0.01374906 | 0.25771325 | 0.31203671 | 0.28416507 | 0.29699140
 139 | 0.29548519 | 0.00950915 | 0.27677279 | 0.31035702 | 0.29104971 | 0.29992067
 140 | 0.29859922 | 0.01003989 | 0.27765727 | 0.31953291 | 0.29391618 | 0.30328226
 141 | 0.30574345 | 0.01037317 | 0.27509967 | 0.32782853 | 0.30090495 | 0.31058195
 142 | 0.31405849 | 0.01012226 | 0.29785714 | 0.33623088 | 0.30933703 | 0.31877996
 143 | 0.31453015 | 0.00973108 | 0.29891304 | 0.33356211 | 0.30999115 | 0.31906916
 144 | 0.31833368 | 0.00984169 | 0.29932696 | 0.33718166 | 0.31374308 | 0.32292427
 145 | 0.32188394 | 0.01191926 | 0.29708600 | 0.34062180 | 0.31632427 | 0.32744360
 146 | 0.32613814 | 0.01127970 | 0.29407760 | 0.34032879 | 0.32087680 | 0.33139949
 147 | 0.32911965 | 0.01187161 | 0.30485704 | 0.35441326 | 0.32358221 | 0.33465709
 148 | 0.33609056 | 0.00942276 | 0.32001332 | 0.35559921 | 0.33169537 | 0.34048575
 149 | 0.34138999 | 0.01219862 | 0.31091585 | 0.35857096 | 0.33570002 | 0.34707996
 150 | 0.34411500 | 0.00874675 | 0.32611549 | 0.36675550 | 0.34003513 | 0.34819487
 151 | 0.34896732 | 0.01179956 | 0.32890252 | 0.37524884 | 0.34346349 | 0.35447115
 152 | 0.35305815 | 0.01081276 | 0.32755748 | 0.37010444 | 0.34801461 | 0.35810169
 153 | 0.35640548 | 0.01086851 | 0.33852140 | 0.37731629 | 0.35133593 | 0.36147503
 154 | 0.36351415 | 0.01248498 | 0.33753316 | 0.39572368 | 0.35769061 | 0.36933769
 155 | 0.36547957 | 0.01013652 | 0.34765497 | 0.38888889 | 0.36075145 | 0.37020769
 156 | 0.37146341 | 0.01029819 | 0.35032468 | 0.39782609 | 0.36665988 | 0.37626693
 157 | 0.37288796 | 0.01014401 | 0.35017477 | 0.39108441 | 0.36815634 | 0.37761957
 158 | 0.37996540 | 0.00976907 | 0.36272670 | 0.40080972 | 0.37540868 | 0.38452212
 159 | 0.37726524 | 0.01097039 | 0.35712040 | 0.39875195 | 0.37214816 | 0.38238231
 160 | 0.38257837 | 0.01210396 | 0.36338028 | 0.41187442 | 0.37693255 | 0.38822419
 161 | 0.38927386 | 0.01130950 | 0.36655030 | 0.40540541 | 0.38399861 | 0.39454910
 162 | 0.38718613 | 0.01582563 | 0.35734158 | 0.42661506 | 0.37980436 | 0.39456790
 163 | 0.39685240 | 0.00663552 | 0.38357922 | 0.41026420 | 0.39375731 | 0.39994749
 164 | 0.39775802 | 0.00915144 | 0.38227147 | 0.41624815 | 0.39348939 | 0.40202665
 165 | 0.39931874 | 0.00855848 | 0.38283133 | 0.41474378 | 0.39532669 | 0.40331079
 166 | 0.40990747 | 0.01195168 | 0.37928903 | 0.43667467 | 0.40433269 | 0.41548226
 167 | 0.40783138 | 0.01195967 | 0.38759232 | 0.43025656 | 0.40225287 | 0.41340990
 168 | 0.41451009 | 0.00942290 | 0.39194790 | 0.43101415 | 0.41011484 | 0.41890535
 169 | 0.41596169 | 0.01341198 | 0.39719769 | 0.44065805 | 0.40970575 | 0.42221762
 170 | 0.41438248 | 0.01357343 | 0.39017694 | 0.44311900 | 0.40805124 | 0.42071372
 171 | 0.41946316 | 0.01154510 | 0.39199529 | 0.43568815 | 0.41407802 | 0.42484831
 172 | 0.42099208 | 0.01207346 | 0.39159812 | 0.45018556 | 0.41536049 | 0.42662367
 173 | 0.42805979 | 0.01168903 | 0.40854900 | 0.45574230 | 0.42260751 | 0.43351206
 174 | 0.43334753 | 0.00843091 | 0.41827616 | 0.45496009 | 0.42941499 | 0.43728008
 175 | 0.43809444 | 0.00909102 | 0.42215402 | 0.45277149 | 0.43385399 | 0.44233489
 176 | 0.43806074 | 0.01197155 | 0.41095890 | 0.45467186 | 0.43247669 | 0.44364480
 177 | 0.43901031 | 0.00991630 | 0.42100840 | 0.46313429 | 0.43438492 | 0.44363571
 178 | 0.44186348 | 0.01080583 | 0.41750648 | 0.46164614 | 0.43682317 | 0.44690379
 179 | 0.44587242 | 0.01152480 | 0.42690888 | 0.46722925 | 0.44049674 | 0.45124809
 180 | 0.44757227 | 0.00905747 | 0.43450028 | 0.47314949 | 0.44334747 | 0.45179707
 181 | 0.45338086 | 0.00991275 | 0.43785387 | 0.47780535 | 0.44875712 | 0.45800460
 182 | 0.45482381 | 0.00621311 | 0.44529540 | 0.46854305 | 0.45192574 | 0.45772187
 183 | 0.45749114 | 0.00847648 | 0.43598804 | 0.47188264 | 0.45353734 | 0.46144494
 184 | 0.46234018 | 0.00904960 | 0.44523161 | 0.48202010 | 0.45811905 | 0.46656131
 185 | 0.45817651 | 0.01267632 | 0.42510776 | 0.47584734 | 0.45226372 | 0.46408929
 186 | 0.46981827 | 0.00904567 | 0.45076283 | 0.48459310 | 0.46559897 | 0.47403757
 187 | 0.46966639 | 0.00568033 | 0.45764463 | 0.48126018 | 0.46701683 | 0.47231595
 188 | 0.46927065 | 0.01110759 | 0.45279383 | 0.48744261 | 0.46408958 | 0.47445171
 189 | 0.47511392 | 0.01133055 | 0.45734979 | 0.49468933 | 0.46982885 | 0.48039898
 190 | 0.47259458 | 0.00779638 | 0.45589012 | 0.48779221 | 0.46895801 | 0.47623116
 191 | 0.47969455 | 0.00816719 | 0.46803534 | 0.49301345 | 0.47588501 | 0.48350408
 192 | 0.48190426 | 0.00883706 | 0.46329787 | 0.49829620 | 0.47778227 | 0.48602625
 193 | 0.48637614 | 0.00634206 | 0.46943951 | 0.49656267 | 0.48341792 | 0.48933435
 194 | 0.48809147 | 0.01044408 | 0.46678682 | 0.50901133 | 0.48321989 | 0.49296304
 195 | 0.49043637 | 0.01057646 | 0.47171294 | 0.50895522 | 0.48550305 | 0.49536970
 196 | 0.49375429 | 0.00891920 | 0.47935601 | 0.52127127 | 0.48959398 | 0.49791459
 197 | 0.49799677 | 0.00776403 | 0.48595506 | 0.51235669 | 0.49437529 | 0.50161825
 198 | 0.49909421 | 0.01185575 | 0.47663071 | 0.52371342 | 0.49356417 | 0.50462424
 199 | 0.50434362 | 0.00871226 | 0.48764161 | 0.51956849 | 0.50027984 | 0.50840740
 200 | 0.50399384 | 0.00719510 | 0.48834853 | 0.51205890 | 0.50063773 | 0.50734994
 201 | 0.50454914 | 0.00839906 | 0.48685516 | 0.51903553 | 0.50063145 | 0.50846683
 202 | 0.50797126 | 0.00986866 | 0.49150874 | 0.52386722 | 0.50336809 | 0.51257444
 203 | 0.51130688 | 0.00948034 | 0.49430411 | 0.53229665 | 0.50688484 | 0.51572893
 204 | 0.51494384 | 0.00885565 | 0.50135168 | 0.53916256 | 0.51081318 | 0.51907450
 205 | 0.51594346 | 0.00982515 | 0.48995590 | 0.53344522 | 0.51136058 | 0.52052634
 206 | 0.51743381 | 0.00910119 | 0.49951737 | 0.53927711 | 0.51318862 | 0.52167900
 207 | 0.51786648 | 0.00781036 | 0.50409639 | 0.53393450 | 0.51422338 | 0.52150957
 208 | 0.52227853 | 0.01172311 | 0.50230303 | 0.54235706 | 0.51681036 | 0.52774670
 209 | 0.52323002 | 0.00689453 | 0.51137464 | 0.53532220 | 0.52001411 | 0.52644593
 210 | 0.52327784 | 0.01001760 | 0.50388350 | 0.53803596 | 0.51860519 | 0.52795049
 211 | 0.53034147 | 0.00842121 | 0.50909091 | 0.54433735 | 0.52641346 | 0.53426949
 212 | 0.52945807 | 0.01102282 | 0.49459725 | 0.54823529 | 0.52431655 | 0.53459960
 213 | 0.52900425 | 0.01105880 | 0.50755215 | 0.55306741 | 0.52384594 | 0.53416256
 214 | 0.53530078 | 0.01007444 | 0.52135148 | 0.55547866 | 0.53060162 | 0.53999994
 215 | 0.53470315 | 0.00601696 | 0.52033294 | 0.54565851 | 0.53189658 | 0.53750973
 216 | 0.53385778 | 0.00856420 | 0.51580426 | 0.54616663 | 0.52986306 | 0.53785250
 217 | 0.54150741 | 0.00828697 | 0.52516975 | 0.56203558 | 0.53764200 | 0.54537281
 218 | 0.54219789 | 0.00863382 | 0.52124517 | 0.55751812 | 0.53817070 | 0.54622509
 219 | 0.54582003 | 0.00924824 | 0.52758544 | 0.56518740 | 0.54150625 | 0.55013381
 220 | 0.54688358 | 0.00817482 | 0.52506294 | 0.56186840 | 0.54307049 | 0.55069667
 221 | 0.55123000 | 0.00891230 | 0.53305400 | 0.56262559 | 0.54707291 | 0.55538709
 222 | 0.55241865 | 0.01040876 | 0.53717391 | 0.58282069 | 0.54756355 | 0.55727375
 223 | 0.55199168 | 0.00741903 | 0.53641798 | 0.56626506 | 0.54853112 | 0.55545224
 224 | 0.55538560 | 0.01021357 | 0.52746021 | 0.57205915 | 0.55062155 | 0.56014966
 225 | 0.55698649 | 0.00863080 | 0.54296612 | 0.57436011 | 0.55296071 | 0.56101227
 226 | 0.56106813 | 0.00773167 | 0.54864399 | 0.57490975 | 0.55746174 | 0.56467452
 227 | 0.55869487 | 0.00757027 | 0.54119766 | 0.57538126 | 0.55516376 | 0.56222597
 228 | 0.56231820 | 0.00835390 | 0.54409501 | 0.58189559 | 0.55842157 | 0.56621482
 229 | 0.56629479 | 0.00870063 | 0.54551600 | 0.58333333 | 0.56223644 | 0.57035315
 230 | 0.56380609 | 0.00634401 | 0.55278819 | 0.57745866 | 0.56084697 | 0.56676522
 231 | 0.56520765 | 0.01034046 | 0.54479578 | 0.58527215 | 0.56038440 | 0.57003089
 232 | 0.56953531 | 0.00789918 | 0.55611354 | 0.58282476 | 0.56585079 | 0.57321984
 233 | 0.57185286 | 0.00885818 | 0.55232681 | 0.58948044 | 0.56772101 | 0.57598470
 234 | 0.57336747 | 0.00982240 | 0.55429185 | 0.59063702 | 0.56878587 | 0.57794906
 235 | 0.57776574 | 0.01125510 | 0.55776014 | 0.59634931 | 0.57251586 | 0.58301561
 236 | 0.57755864 | 0.00822959 | 0.56455004 | 0.59459459 | 0.57372000 | 0.58139729
 237 | 0.57780728 | 0.00552876 | 0.56870948 | 0.59006081 | 0.57522843 | 0.58038614
 238 | 0.58136157 | 0.00778356 | 0.56644695 | 0.59359967 | 0.57773098 | 0.58499217
 239 | 0.58204656 | 0.00637186 | 0.56947756 | 0.59568225 | 0.57907445 | 0.58501868
 240 | 0.58455846 | 0.00642014 | 0.57266217 | 0.59764805 | 0.58156383 | 0.58755309
 241 | 0.58638284 | 0.00721086 | 0.57427984 | 0.60069873 | 0.58301938 | 0.58974630
 242 | 0.58868832 | 0.00873005 | 0.57612245 | 0.60614638 | 0.58461624 | 0.59276039
 243 | 0.58792954 | 0.00773506 | 0.57265127 | 0.59991674 | 0.58432157 | 0.59153751
 244 | 0.58961439 | 0.01040687 | 0.56939281 | 0.60446835 | 0.58476017 | 0.59446861
 245 | 0.59132058 | 0.00844028 | 0.57378418 | 0.60790641 | 0.58738366 | 0.59525750
 246 | 0.58994304 | 0.00666988 | 0.57824112 | 0.60420842 | 0.58683192 | 0.59305416
 247 | 0.59596402 | 0.00873807 | 0.57583920 | 0.61073826 | 0.59188821 | 0.60003984
 248 | 0.59753837 | 0.00754591 | 0.58588093 | 0.61338963 | 0.59401863 | 0.60105811
 249 | 0.60143402 | 0.00781799 | 0.58615791 | 0.61490683 | 0.59778736 | 0.60508067
 250 | 0.59848375 | 0.00657172 | 0.58209546 | 0.61267041 | 0.59541842 | 0.60154909
 251 | 0.60082233 | 0.00738203 | 0.57919529 | 0.60971692 | 0.59737903 | 0.60426563
 252 | 0.60110993 | 0.00928324 | 0.58710066 | 0.62271357 | 0.59677982 | 0.60544004
 253 | 0.60281216 | 0.00511818 | 0.59423153 | 0.61286480 | 0.60042482 | 0.60519950
 254 | 0.60520520 | 0.00598998 | 0.59056529 | 0.61526232 | 0.60241121 | 0.60799920
 255 | 0.60850215 | 0.00733948 | 0.59264961 | 0.62317390 | 0.60507870 | 0.61192561
 256 | 0.60878743 | 0.00781106 | 0.59401031 | 0.62589510 | 0.60514401 | 0.61243085
 257 | 0.61072002 | 0.00748796 | 0.59791994 | 0.62578740 | 0.60722731 | 0.61421273
 258 | 0.61130445 | 0.00733169 | 0.59852456 | 0.62221792 | 0.60788463 | 0.61472427
 259 | 0.61564099 | 0.00912785 | 0.60151251 | 0.63736264 | 0.61138337 | 0.61989862
 260 | 0.61606851 | 0.00822230 | 0.60136852 | 0.62707236 | 0.61223327 | 0.61990375
 261 | 0.61459013 | 0.00556195 | 0.60261158 | 0.62301434 | 0.61199580 | 0.61718447
 262 | 0.61816642 | 0.00949019 | 0.59488636 | 0.63146880 | 0.61373977 | 0.62259306
 263 | 0.61951145 | 0.00841228 | 0.60674581 | 0.63702848 | 0.61558760 | 0.62343531
 264 | 0.61945838 | 0.00527488 | 0.61052226 | 0.63398814 | 0.61699794 | 0.62191881
 265 | 0.62231571 | 0.00789053 | 0.61029556 | 0.64108773 | 0.61863522 | 0.62599620
 266 | 0.62462380 | 0.00803422 | 0.60993041 | 0.63989541 | 0.62087629 | 0.62837131
 267 | 0.62412765 | 0.00677323 | 0.61287296 | 0.63982569 | 0.62096832 | 0.62728698
 268 | 0.62495762 | 0.00745490 | 0.61246000 | 0.63545024 | 0.62148033 | 0.62843491
 269 | 0.63255992 | 0.00596234 | 0.62118392 | 0.64371708 | 0.62977882 | 0.63534101
 270 | 0.62840868 | 0.00737812 | 0.61470098 | 0.64649739 | 0.62496720 | 0.63185015
 271 | 0.62744692 | 0.01010796 | 0.61303538 | 0.64780108 | 0.62273212 | 0.63216172
 272 | 0.63169209 | 0.00987760 | 0.61344226 | 0.65024721 | 0.62708474 | 0.63629944
 273 | 0.63013883 | 0.00837734 | 0.61021356 | 0.64510840 | 0.62623127 | 0.63404639
 274 | 0.63116859 | 0.00649463 | 0.61075592 | 0.64003673 | 0.62813922 | 0.63419797
 275 | 0.63286074 | 0.00848042 | 0.62082657 | 0.64896326 | 0.62890510 | 0.63681638
 276 | 0.63770549 | 0.00649578 | 0.62727109 | 0.65135085 | 0.63467558 | 0.64073541
 277 | 0.63792928 | 0.00835767 | 0.62544996 | 0.66264626 | 0.63403090 | 0.64182766
 278 | 0.63725545 | 0.00838596 | 0.61869328 | 0.65235358 | 0.63334387 | 0.64116703
 279 | 0.64049016 | 0.00608474 | 0.63162529 | 0.65501792 | 0.63765197 | 0.64332835
 280 | 0.64424050 | 0.00546946 | 0.63521453 | 0.66010381 | 0.64168930 | 0.64679169
 281 | 0.64211159 | 0.00598027 | 0.62637760 | 0.65327696 | 0.63932213 | 0.64490105
 282 | 0.64450010 | 0.00684835 | 0.63385827 | 0.65517860 | 0.64130573 | 0.64769446
 283 | 0.64628533 | 0.00673539 | 0.63626629 | 0.65971480 | 0.64314365 | 0.64942701
 284 | 0.64642702 | 0.00811173 | 0.63374778 | 0.66480447 | 0.64264335 | 0.65021069
 285 | 0.64944613 | 0.00587038 | 0.63848858 | 0.66171389 | 0.64670792 | 0.65218433
 286 | 0.64948122 | 0.00648551 | 0.63922691 | 0.66472868 | 0.64645610 | 0.65250635
 287 | 0.65245638 | 0.00576420 | 0.63701881 | 0.66358500 | 0.64976770 | 0.65514505
 288 | 0.65221130 | 0.00548996 | 0.64489083 | 0.66380789 | 0.64965055 | 0.65477206
 289 | 0.65498990 | 0.00615506 | 0.64021720 | 0.66462689 | 0.65211891 | 0.65786089
 290 | 0.65336173 | 0.00622918 | 0.64102116 | 0.66632249 | 0.65045617 | 0.65626729
 291 | 0.65638947 | 0.00703336 | 0.64257168 | 0.66769547 | 0.65310881 | 0.65967014
 292 | 0.65884939 | 0.00586107 | 0.64750825 | 0.67014298 | 0.65611553 | 0.66158325
 293 | 0.65916223 | 0.00719833 | 0.64617486 | 0.67164179 | 0.65580461 | 0.66251985
 294 | 0.65863286 | 0.00571784 | 0.65062867 | 0.66846816 | 0.65596581 | 0.66129991
 295 | 0.65978579 | 0.00643695 | 0.64832259 | 0.67031119 | 0.65678331 | 0.66278826
 296 | 0.66359026 | 0.00665376 | 0.64999128 | 0.67551162 | 0.66048666 | 0.66669386
 297 | 0.66383293 | 0.00809114 | 0.64889919 | 0.68041061 | 0.66005887 | 0.66760699
 298 | 0.66383985 | 0.00656914 | 0.64978048 | 0.67850983 | 0.66077572 | 0.66690398
 299 | 0.66443906 | 0.00615554 | 0.65444937 | 0.67749028 | 0.66156785 | 0.66731027
 300 | 0.66146866 | 0.00823820 | 0.64743695 | 0.67584710 | 0.65762600 | 0.66531131
 301 | 0.66584545 | 0.00791973 | 0.65271343 | 0.68150968 | 0.66215134 | 0.66953956
 302 | 0.66788007 | 0.00620186 | 0.65472421 | 0.67824968 | 0.66498725 | 0.67077289
 303 | 0.67008124 | 0.00674888 | 0.65851240 | 0.68214922 | 0.66693327 | 0.67322921
 304 | 0.67283170 | 0.00580631 | 0.66455591 | 0.68474521 | 0.67012339 | 0.67554002
 305 | 0.66954520 | 0.00465929 | 0.66182432 | 0.67923915 | 0.66737190 | 0.67171849
 306 | 0.67370062 | 0.00821378 | 0.66225593 | 0.68870656 | 0.66986936 | 0.67753189
 307 | 0.67239508 | 0.00681079 | 0.65837506 | 0.69080780 | 0.66921824 | 0.67557193
 308 | 0.67380220 | 0.00733824 | 0.66044899 | 0.68539508 | 0.67037932 | 0.67722508
 309 | 0.67703536 | 0.00571942 | 0.66790562 | 0.68556870 | 0.67436757 | 0.67970315
 310 | 0.67757909 | 0.00633742 | 0.66522088 | 0.68812682 | 0.67462304 | 0.68053514
 311 | 0.67945901 | 0.00737708 | 0.66923324 | 0.69732468 | 0.67601802 | 0.68290000
 312 | 0.67972084 | 0.00880166 | 0.66709327 | 0.69863014 | 0.67561536 | 0.68382632
 313 | 0.68001931 | 0.00729620 | 0.66841330 | 0.69293348 | 0.67661604 | 0.68342258
 314 | 0.68147420 | 0.00585984 | 0.67223548 | 0.69213802 | 0.67874091 | 0.68420749
 315 | 0.68168878 | 0.00559597 | 0.67156550 | 0.69080423 | 0.67907858 | 0.68429899
 316 | 0.68335727 | 0.00566917 | 0.67010637 | 0.69677914 | 0.68071292 | 0.68600162
 317 | 0.68394274 | 0.00718372 | 0.67129187 | 0.69832839 | 0.68059194 | 0.68729354
 318 | 0.68555856 | 0.00578313 | 0.67737890 | 0.69516435 | 0.68286105 | 0.68825606
 319 | 0.68639846 | 0.00756779 | 0.67157400 | 0.69836529 | 0.68286851 | 0.68992841
 320 | 0.68743747 | 0.00686585 | 0.67373013 | 0.70187289 | 0.68423494 | 0.69064001
 321 | 0.68795115 | 0.00598848 | 0.67264297 | 0.70293663 | 0.68515786 | 0.69074444
 322 | 0.68879946 | 0.00769298 | 0.67249042 | 0.70129460 | 0.68521111 | 0.69238780
 323 | 0.68939647 | 0.00471363 | 0.67967403 | 0.69757880 | 0.68719783 | 0.69159511
 324 | 0.68841391 | 0.00504511 | 0.67958180 | 0.69791827 | 0.68606065 | 0.69076718
 325 | 0.69051512 | 0.00566657 | 0.67968509 | 0.70173791 | 0.68787199 | 0.69315826
 326 | 0.69251156 | 0.00505374 | 0.67996870 | 0.70102306 | 0.69015427 | 0.69486884
 327 | 0.69274696 | 0.00488856 | 0.68348834 | 0.70174087 | 0.69046672 | 0.69502719
 328 | 0.69528529 | 0.00636239 | 0.68454837 | 0.70460085 | 0.69231759 | 0.69825299
 329 | 0.69471465 | 0.00582563 | 0.68526921 | 0.70766190 | 0.69199732 | 0.69743198
 330 | 0.69518770 | 0.00566498 | 0.68554419 | 0.70573381 | 0.69254531 | 0.69783010
 331 | 0.69652217 | 0.00653051 | 0.68399760 | 0.70887397 | 0.69347605 | 0.69956829
 332 | 0.69775755 | 0.00695211 | 0.68460139 | 0.71011878 | 0.69451478 | 0.70100032
 333 | 0.69865162 | 0.00615041 | 0.68713018 | 0.71357316 | 0.69578281 | 0.70152044
 334 | 0.70184674 | 0.00425261 | 0.69141841 | 0.70748703 | 0.69986314 | 0.70383035
 335 | 0.69951168 | 0.00618995 | 0.68944193 | 0.71031146 | 0.69662441 | 0.70239894
 336 | 0.70220480 | 0.00581722 | 0.69430285 | 0.71746881 | 0.69949139 | 0.70491820
 337 | 0.70165230 | 0.00555662 | 0.68878856 | 0.71054589 | 0.69906045 | 0.70424415
 338 | 0.70549312 | 0.00625999 | 0.69442390 | 0.71866171 | 0.70257319 | 0.70841306
 339 | 0.70437039 | 0.00576169 | 0.69520142 | 0.71566618 | 0.70168288 | 0.70705789
 340 | 0.70642721 | 0.00552837 | 0.69432121 | 0.71543291 | 0.70384854 | 0.70900589
 341 | 0.70660490 | 0.00462013 | 0.69816807 | 0.71837988 | 0.70444987 | 0.70875993
 342 | 0.70558245 | 0.00459796 | 0.69357906 | 0.71369233 | 0.70343776 | 0.70772714
 343 | 0.70622056 | 0.00384814 | 0.69851990 | 0.71331159 | 0.70442561 | 0.70801550
 344 | 0.70608857 | 0.00567963 | 0.69280669 | 0.71680528 | 0.70343934 | 0.70873780
 345 | 0.70831741 | 0.00672485 | 0.69448842 | 0.71923693 | 0.70518064 | 0.71145417
 346 | 0.70951364 | 0.00589814 | 0.69787420 | 0.71961266 | 0.70676249 | 0.71226479
 347 | 0.71091860 | 0.00580371 | 0.70174419 | 0.72125535 | 0.70821150 | 0.71362571
 348 | 0.71294713 | 0.00528312 | 0.70344333 | 0.72282995 | 0.71048285 | 0.71541141
 349 | 0.71081710 | 0.00573884 | 0.70188029 | 0.71993483 | 0.70814025 | 0.71349395
 350 | 0.71101078 | 0.00575749 | 0.69840586 | 0.72345965 | 0.70832523 | 0.71369632
 351 | 0.71268651 | 0.00526310 | 0.70189432 | 0.72222222 | 0.71023157 | 0.71514145
 352 | 0.71433788 | 0.00679818 | 0.70542747 | 0.73077462 | 0.71116691 | 0.71750885
 353 | 0.71700809 | 0.00407525 | 0.70802817 | 0.72393931 | 0.71510721 | 0.71890897
 354 | 0.71939265 | 0.00507042 | 0.71351428 | 0.73322999 | 0.71702758 | 0.72175771
 355 | 0.71625840 | 0.00496412 | 0.70674079 | 0.72388594 | 0.71394292 | 0.71857389
 356 | 0.72104237 | 0.00426442 | 0.71465149 | 0.73031496 | 0.71905326 | 0.72303148
 357 | 0.71883794 | 0.00556714 | 0.71025533 | 0.73285497 | 0.71624118 | 0.72143469
 358 | 0.71886905 | 0.00541476 | 0.70969537 | 0.73110526 | 0.71634336 | 0.72139473
 359 | 0.71924360 | 0.00675876 | 0.69972337 | 0.72830666 | 0.71609101 | 0.72239618
 360 | 0.72026913 | 0.00467678 | 0.71102450 | 0.72714624 | 0.71808767 | 0.72245059
 361 | 0.72125170 | 0.00776396 | 0.70886598 | 0.73833809 | 0.71763025 | 0.72487315
 362 | 0.72188457 | 0.00594912 | 0.70992259 | 0.73202793 | 0.71910964 | 0.72465950
 363 | 0.72347836 | 0.00537946 | 0.71526072 | 0.73288425 | 0.72096914 | 0.72598757
 364 | 0.72496737 | 0.00420124 | 0.71878005 | 0.73423239 | 0.72300773 | 0.72692701
 365 | 0.72587764 | 0.00632247 | 0.71569957 | 0.73828446 | 0.72292857 | 0.72882672
 366 | 0.72599876 | 0.00481564 | 0.71416713 | 0.73599890 | 0.72375253 | 0.72824498
 367 | 0.72613483 | 0.00544353 | 0.71628358 | 0.73737374 | 0.72359573 | 0.72867393
 368 | 0.72638471 | 0.00669098 | 0.71383989 | 0.73690638 | 0.72326375 | 0.72950568
 369 | 0.72649890 | 0.00689485 | 0.71340376 | 0.74125971 | 0.72328284 | 0.72971496
 370 | 0.72850531 | 0.00475342 | 0.72103457 | 0.73589985 | 0.72628811 | 0.73072252
 371 | 0.72662845 | 0.00452897 | 0.71932682 | 0.73762110 | 0.72451594 | 0.72874096
 372 | 0.72961954 | 0.00587542 | 0.72020378 | 0.73727249 | 0.72687899 | 0.73236010
 373 | 0.72910583 | 0.00642395 | 0.71793456 | 0.74436906 | 0.72610942 | 0.73210224
 374 | 0.73050080 | 0.00568936 | 0.71877434 | 0.74313387 | 0.72784703 | 0.73315457
 375 | 0.73294922 | 0.00462584 | 0.72206610 | 0.74003190 | 0.73079153 | 0.73510691
 376 | 0.73108995 | 0.00630600 | 0.71999481 | 0.74305832 | 0.72814855 | 0.73403134
 377 | 0.73130198 | 0.00583375 | 0.71578381 | 0.74205779 | 0.72858087 | 0.73402310
 378 | 0.73526953 | 0.00501901 | 0.72386853 | 0.74246215 | 0.73292844 | 0.73761061
 379 | 0.73461582 | 0.00670510 | 0.72171254 | 0.74866866 | 0.73148827 | 0.73774338
 380 | 0.73732767 | 0.00526077 | 0.72714097 | 0.74769676 | 0.73487382 | 0.73978153
 381 | 0.73731150 | 0.00484559 | 0.72854344 | 0.74629196 | 0.73505131 | 0.73957170
 382 | 0.73621701 | 0.00481083 | 0.72717761 | 0.74388623 | 0.73397303 | 0.73846099
 383 | 0.73982044 | 0.00558195 | 0.72694754 | 0.74893452 | 0.73721677 | 0.74242410
 384 | 0.73695475 | 0.00557157 | 0.72902121 | 0.74760511 | 0.73435592 | 0.73955358
 385 | 0.73903068 | 0.00534006 | 0.72664764 | 0.74857808 | 0.73653984 | 0.74152151
 386 | 0.74035034 | 0.00519679 | 0.72700335 | 0.75123810 | 0.73792633 | 0.74277435
 387 | 0.73933943 | 0.00559057 | 0.72921800 | 0.74986986 | 0.73673174 | 0.74194711
 388 | 0.73823599 | 0.00608078 | 0.72429113 | 0.74916517 | 0.73539965 | 0.74107233
 389 | 0.74172254 | 0.00507822 | 0.72956948 | 0.75160438 | 0.73935383 | 0.74409124
 390 | 0.74442188 | 0.00442956 | 0.73475649 | 0.75164807 | 0.74235574 | 0.74648802
 391 | 0.74280586 | 0.00637123 | 0.73059711 | 0.76232439 | 0.73983404 | 0.74577768
 392 | 0.74377326 | 0.00416316 | 0.73568116 | 0.75149055 | 0.74183138 | 0.74571514
 393 | 0.74246840 | 0.00550602 | 0.73193384 | 0.75238459 | 0.73990015 | 0.74503665
 394 | 0.74501798 | 0.00548214 | 0.73563074 | 0.75465720 | 0.74246088 | 0.74757509
 395 | 0.74603641 | 0.00544151 | 0.73857639 | 0.75735201 | 0.74349825 | 0.74857457
 396 | 0.74675234 | 0.00533706 | 0.73598485 | 0.75780463 | 0.74426290 | 0.74924178
 397 | 0.74583920 | 0.00418907 | 0.73769463 | 0.75406940 | 0.74388524 | 0.74779317
 398 | 0.74711775 | 0.00419073 | 0.74125700 | 0.75619475 | 0.74516301 | 0.74907248
 399 | 0.74653672 | 0.00468305 | 0.73640857 | 0.75380904 | 0.74435234 | 0.74872110
 400 | 0.74705401 | 0.00556081 | 0.73698113 | 0.75728155 | 0.74446021 | 0.74964782
