# Resultados para rota [2,6] 
# Formato: Load Probabilidade_Media Desvio_Padrao
1 0.000000 0.000000
2 0.000000 0.000000
3 0.000000 0.000000
4 0.000000 0.000000
5 0.000000 0.000000
6 0.000000 0.000000
7 0.000000 0.000000
8 0.000000 0.000000
9 0.000000 0.000000
10 0.000000 0.000000
11 0.000000 0.000000
12 0.000000 0.000000
13 0.005790 0.017672
14 0.005538 0.019384
15 0.013818 0.036133
16 0.007734 0.024162
17 0.010127 0.027824
18 0.025682 0.048480
19 0.031592 0.047682
20 0.027140 0.038728
21 0.022622 0.060642
22 0.055426 0.083361
23 0.059737 0.071641
24 0.051070 0.070750
25 0.035134 0.057003
26 0.076808 0.072944
27 0.065585 0.051942
28 0.097985 0.090925
29 0.092898 0.086627
30 0.090583 0.079069
31 0.119211 0.089049
32 0.118502 0.084276
33 0.135565 0.095329
34 0.131226 0.087688
35 0.143061 0.099110
36 0.174437 0.084024
37 0.158582 0.104252
38 0.187613 0.072446
39 0.237027 0.058090
40 0.193403 0.101053
41 0.177734 0.103312
42 0.252899 0.061762
43 0.211133 0.123860
44 0.209778 0.084195
45 0.226996 0.083434
46 0.204935 0.092774
47 0.230458 0.085142
48 0.244757 0.079101
49 0.280647 0.080842
50 0.270063 0.070272
51 0.307559 0.045508
52 0.295630 0.097212
53 0.318295 0.076769
54 0.300473 0.077553
55 0.300030 0.079180
56 0.288749 0.098186
57 0.289231 0.090856
58 0.292233 0.095425
59 0.312599 0.052282
60 0.353152 0.057718
61 0.325009 0.049811
62 0.325577 0.046854
63 0.355739 0.054621
64 0.350566 0.057539
65 0.362760 0.067202
66 0.347867 0.069597
67 0.345421 0.063068
68 0.379882 0.050259
69 0.369338 0.063728
70 0.397736 0.074217
71 0.378479 0.055084
72 0.384886 0.063349
73 0.412834 0.060011
74 0.383183 0.059082
75 0.388392 0.058974
76 0.401404 0.067490
77 0.370457 0.070143
78 0.393068 0.060002
79 0.396055 0.072999
80 0.392761 0.058303
81 0.402466 0.055200
82 0.415307 0.052264
83 0.411464 0.078236
84 0.448612 0.060690
85 0.445018 0.054946
86 0.396435 0.064029
87 0.413944 0.093676
88 0.434347 0.057993
89 0.429613 0.046158
90 0.432649 0.053171
91 0.438048 0.065356
92 0.441256 0.058218
93 0.430100 0.056520
94 0.440833 0.075932
95 0.456438 0.048603
96 0.463954 0.041241
97 0.444176 0.058633
98 0.444321 0.060617
99 0.446519 0.050109
100 0.449478 0.057650
101 0.487242 0.048977
102 0.460214 0.043899
103 0.461672 0.070887
104 0.479449 0.048131
105 0.453086 0.042181
106 0.483473 0.056995
107 0.486918 0.053011
108 0.474106 0.050824
109 0.483084 0.062342
110 0.484558 0.041098
111 0.473915 0.040277
112 0.472529 0.054801
113 0.487634 0.056238
114 0.482773 0.065896
115 0.482181 0.057824
116 0.481174 0.049494
117 0.479512 0.042508
118 0.487181 0.058227
119 0.495981 0.040433
120 0.499310 0.043760
121 0.497564 0.062732
122 0.506786 0.062143
123 0.504373 0.058788
124 0.502691 0.049599
125 0.503860 0.059871
126 0.492158 0.048660
127 0.500282 0.054474
128 0.509887 0.034114
129 0.508086 0.046414
130 0.483167 0.043321
131 0.498350 0.054166
132 0.500432 0.051397
133 0.537736 0.036154
134 0.513658 0.046440
135 0.508556 0.039570
136 0.509087 0.049940
137 0.521610 0.047523
138 0.507111 0.058175
139 0.504989 0.048056
140 0.525907 0.040440
141 0.524937 0.049083
142 0.519496 0.051332
143 0.518399 0.050288
144 0.519173 0.042626
145 0.520459 0.057662
146 0.510777 0.048911
147 0.522064 0.037986
148 0.539843 0.036918
149 0.511153 0.049848
150 0.543040 0.043801
151 0.538988 0.034511
152 0.529468 0.049419
153 0.539069 0.047325
154 0.525506 0.038766
155 0.534383 0.045334
156 0.552751 0.041608
157 0.529942 0.046910
158 0.544629 0.045725
159 0.538706 0.043798
160 0.537300 0.049864
161 0.555547 0.042240
162 0.526352 0.039081
163 0.538010 0.038328
164 0.544376 0.044849
165 0.555147 0.033112
166 0.566547 0.049403
167 0.555335 0.041333
168 0.552321 0.027619
169 0.556725 0.037830
170 0.525992 0.033227
171 0.541953 0.033721
172 0.559087 0.030649
173 0.568322 0.042236
174 0.548607 0.040978
175 0.558908 0.047811
176 0.565799 0.037168
177 0.544894 0.057468
178 0.560381 0.054359
179 0.558262 0.037227
180 0.567093 0.037769
181 0.547371 0.047337
182 0.572961 0.038862
183 0.574325 0.032664
184 0.556579 0.038906
185 0.567330 0.038930
186 0.564218 0.042430
187 0.562653 0.041522
188 0.555601 0.035543
189 0.561456 0.037727
190 0.561153 0.036551
191 0.561980 0.043919
192 0.547014 0.051104
193 0.570320 0.037935
194 0.581976 0.050742
195 0.562004 0.036719
196 0.561120 0.040936
197 0.565028 0.040554
198 0.567153 0.037566
199 0.577650 0.030248
200 0.575427 0.032025
