# Resultados para rota [0,12] 
# Formato: Load Probabilidade_Media Desvio_Padrao
1 0.039992 0.061638
2 0.088500 0.097252
3 0.071751 0.072529
4 0.169959 0.096576
5 0.185986 0.091174
6 0.193210 0.090042
7 0.236561 0.095104
8 0.247937 0.110718
9 0.278486 0.073165
10 0.299599 0.069550
11 0.296577 0.097096
12 0.329697 0.084628
13 0.361231 0.092855
14 0.366859 0.105937
15 0.356664 0.090367
16 0.385089 0.065974
17 0.413000 0.072507
18 0.451650 0.079796
19 0.450466 0.064417
20 0.421033 0.060761
21 0.465456 0.071221
22 0.426910 0.068555
23 0.490618 0.063245
24 0.506128 0.069577
25 0.516327 0.075765
26 0.493976 0.075366
27 0.519314 0.062679
28 0.487519 0.066233
29 0.522015 0.064853
30 0.540860 0.057067
31 0.520221 0.073448
32 0.539225 0.050144
33 0.539427 0.067151
34 0.563380 0.044307
35 0.556947 0.069274
36 0.564542 0.062906
37 0.558658 0.058959
38 0.586586 0.047738
39 0.582912 0.051426
40 0.581511 0.053435
41 0.598564 0.066095
42 0.615454 0.060845
43 0.599026 0.041380
44 0.622797 0.051635
45 0.625144 0.047305
46 0.625980 0.048050
47 0.630727 0.038617
48 0.620078 0.037346
49 0.624947 0.048338
50 0.634401 0.047184
51 0.636183 0.068087
52 0.613295 0.044786
53 0.635993 0.048205
54 0.629763 0.039700
55 0.639586 0.049270
56 0.658830 0.043518
57 0.656086 0.058425
58 0.643224 0.058228
59 0.641659 0.057954
60 0.643967 0.051178
61 0.655329 0.050266
62 0.653668 0.046438
63 0.666265 0.047621
64 0.669377 0.030192
65 0.661210 0.045450
66 0.682349 0.042094
67 0.681767 0.044410
68 0.673771 0.050856
69 0.672832 0.037687
70 0.679541 0.055857
71 0.669824 0.026905
72 0.680837 0.038167
73 0.680476 0.038342
74 0.685402 0.034219
75 0.690656 0.034335
76 0.683624 0.043861
77 0.695577 0.034849
78 0.683200 0.029142
79 0.688449 0.027745
80 0.721908 0.036455
81 0.690693 0.035647
82 0.705003 0.040771
83 0.707689 0.036845
84 0.695884 0.033397
85 0.692019 0.035603
86 0.719981 0.031399
87 0.693061 0.042561
88 0.712338 0.032586
89 0.730493 0.036512
90 0.721359 0.028994
91 0.714547 0.041233
92 0.705768 0.034031
93 0.717033 0.036699
94 0.723316 0.046907
95 0.707228 0.049146
96 0.705768 0.029574
97 0.713534 0.036237
98 0.735828 0.035296
99 0.719538 0.036722
100 0.731349 0.029183
101 0.719724 0.037792
102 0.728709 0.032028
103 0.723873 0.043593
104 0.727243 0.028118
105 0.733608 0.034448
106 0.723624 0.043328
107 0.731662 0.035712
108 0.729518 0.036382
109 0.730406 0.041028
110 0.733134 0.042806
111 0.727198 0.033239
112 0.728925 0.045199
113 0.745813 0.027270
114 0.739973 0.031233
115 0.730608 0.046922
116 0.727601 0.035090
117 0.738294 0.036843
118 0.732686 0.037688
119 0.742747 0.043600
120 0.744079 0.031660
121 0.745874 0.029739
122 0.744434 0.025281
123 0.744482 0.046398
124 0.746893 0.024875
125 0.731725 0.041409
126 0.745239 0.022117
127 0.750516 0.024710
128 0.739588 0.037081
129 0.739801 0.031277
130 0.750371 0.029756
131 0.750890 0.039593
132 0.755030 0.036443
133 0.743534 0.030422
134 0.743130 0.037903
135 0.758403 0.041139
136 0.753464 0.035293
137 0.762054 0.032803
138 0.756099 0.033112
139 0.757812 0.017716
140 0.754059 0.027264
141 0.757621 0.023763
142 0.749599 0.029288
143 0.760320 0.033087
144 0.767956 0.022386
145 0.757019 0.041437
146 0.762344 0.027338
147 0.755265 0.026670
148 0.746483 0.035984
149 0.774993 0.025303
150 0.757876 0.021668
151 0.773632 0.029506
152 0.749111 0.035808
153 0.767515 0.024648
154 0.761043 0.028381
155 0.766295 0.023779
156 0.753680 0.039373
157 0.772974 0.027050
158 0.760183 0.035621
159 0.766540 0.029277
160 0.767091 0.028056
161 0.769750 0.030087
162 0.771535 0.030953
163 0.771582 0.029055
164 0.766199 0.023939
165 0.766725 0.029808
166 0.769896 0.030080
167 0.764554 0.018073
168 0.760085 0.030535
169 0.773412 0.026973
170 0.777944 0.020887
171 0.775186 0.023130
172 0.770731 0.024808
173 0.766241 0.027934
174 0.778909 0.025611
175 0.771050 0.032104
176 0.774509 0.028581
177 0.774857 0.032734
178 0.778470 0.032927
179 0.778812 0.030912
180 0.774489 0.020093
181 0.769845 0.023966
182 0.792306 0.030120
183 0.771236 0.029947
184 0.771057 0.029084
185 0.780852 0.022603
186 0.787504 0.032914
187 0.784208 0.026127
188 0.775890 0.034058
189 0.787631 0.027771
190 0.775566 0.025377
191 0.783878 0.029142
192 0.771307 0.019472
193 0.779937 0.021786
194 0.781938 0.028708
195 0.781213 0.026442
196 0.775788 0.027419
197 0.788607 0.025204
198 0.790929 0.028017
199 0.782328 0.027353
200 0.779857 0.019163
