# [2 -> 6]
# Melhor rota: índice 1
# Simulaçőes: 20, Chamadas/load: 1000
# Formato: Load Probabilidade_Bloqueio_Média
# ==================================================
1 0.000000
2 0.000000
3 0.000000
4 0.000000
5 0.000000
6 0.000000
7 0.000000
8 0.000000
9 0.000000
10 0.000000
11 0.000000
12 0.000000
13 0.000000
14 0.000000
15 0.000000
16 0.000000
17 0.000000
18 0.000150
19 0.000000
20 0.000100
21 0.000300
22 0.000000
23 0.000150
24 0.000750
25 0.000650
26 0.002300
27 0.004000
28 0.007200
29 0.006600
30 0.016750
31 0.018850
32 0.025350
33 0.029150
34 0.046550
35 0.050600
36 0.059150
37 0.070100
38 0.086200
39 0.101750
40 0.110150
41 0.122150
42 0.120850
43 0.138800
44 0.177000
45 0.162100
46 0.186000
47 0.200250
48 0.210950
49 0.222150
50 0.215300
51 0.239500
52 0.250300
53 0.267400
54 0.283250
55 0.286750
56 0.300650
57 0.300750
58 0.313000
59 0.334400
60 0.332400
61 0.344650
62 0.356000
63 0.371000
64 0.373800
65 0.376800
66 0.390600
67 0.405000
68 0.403450
69 0.409500
70 0.430900
71 0.428600
72 0.430950
73 0.434100
74 0.434600
75 0.441850
76 0.457450
77 0.455100
78 0.477900
79 0.486950
80 0.487400
81 0.483000
82 0.500800
83 0.507050
84 0.512900
85 0.512200
86 0.517000
87 0.518900
88 0.533900
89 0.512050
90 0.539900
91 0.532450
92 0.546100
93 0.543500
94 0.548400
95 0.550800
96 0.566500
97 0.563450
98 0.566050
99 0.569300
100 0.587450
101 0.579750
102 0.584250
103 0.592850
104 0.594200
105 0.588550
106 0.603000
107 0.601900
108 0.606750
109 0.600850
110 0.604000
111 0.614450
112 0.611450
113 0.618950
114 0.621700
115 0.620200
116 0.637200
117 0.629500
118 0.635600
119 0.636750
120 0.631550
121 0.645450
122 0.649850
123 0.646950
124 0.647950
125 0.652200
126 0.647150
127 0.654750
128 0.657100
129 0.656150
130 0.654900
131 0.661950
132 0.672400
133 0.669000
134 0.673900
135 0.673200
136 0.679700
137 0.669550
138 0.684650
139 0.682450
140 0.685400
141 0.679650
142 0.689750
143 0.695800
144 0.691500
145 0.694150
146 0.696400
147 0.693800
148 0.701600
149 0.704000
150 0.702000
151 0.700000
152 0.707750
153 0.706750
154 0.711100
155 0.706350
156 0.710900
157 0.716200
158 0.715500
159 0.721350
160 0.719550
161 0.717150
162 0.718150
163 0.720750
164 0.727300
165 0.726050
166 0.726300
167 0.722550
168 0.732700
169 0.727000
170 0.738250
171 0.731150
172 0.735500
173 0.736100
174 0.732550
175 0.736550
176 0.738250
177 0.743500
178 0.746200
179 0.745100
180 0.742550
181 0.748200
182 0.752350
183 0.750250
184 0.746200
185 0.749150
186 0.752100
187 0.752300
188 0.748750
189 0.752600
190 0.753550
191 0.750700
192 0.758200
193 0.760350
194 0.758000
195 0.755250
196 0.766000
197 0.763700
198 0.764800
199 0.763550
200 0.765350
