# MÉDIAS E ESTATÍSTICAS - PSO
# Requisição 4: [4,11]
# Chamadas por load: 1000
# ============================================================
# Load | Média | DesvioPadrão | Mínimo | Máximo | IC 95% (inferior) | IC 95% (superior)
# ============================================================
   1 | 0.79875000 | 0.01446980 | 0.76875000 | 0.82500000 | 0.79200065 | 0.80549935
   2 | 0.80562500 | 0.01396144 | 0.78125000 | 0.83750000 | 0.79911277 | 0.81213723
   3 | 0.79625000 | 0.00870524 | 0.78125000 | 0.81875000 | 0.79218949 | 0.80031051
   4 | 0.79812500 | 0.01569982 | 0.77500000 | 0.84375000 | 0.79080192 | 0.80544808
   5 | 0.79937500 | 0.01579903 | 0.76875000 | 0.84375000 | 0.79200564 | 0.80674436
   6 | 0.80031250 | 0.01272838 | 0.78125000 | 0.82500000 | 0.79437543 | 0.80624957
   7 | 0.80093750 | 0.01344477 | 0.78125000 | 0.83750000 | 0.79466627 | 0.80720873
   8 | 0.80031250 | 0.01054659 | 0.78125000 | 0.81875000 | 0.79539311 | 0.80523189
   9 | 0.79718750 | 0.01647382 | 0.77500000 | 0.83750000 | 0.78950339 | 0.80487161
  10 | 0.79718750 | 0.01241770 | 0.76250000 | 0.81250000 | 0.79139534 | 0.80297966
  11 | 0.80218750 | 0.01645009 | 0.77500000 | 0.83750000 | 0.79451446 | 0.80986054
  12 | 0.79906250 | 0.01358926 | 0.77500000 | 0.83750000 | 0.79272387 | 0.80540113
  13 | 0.79562500 | 0.00990186 | 0.78125000 | 0.81875000 | 0.79100634 | 0.80024366
  14 | 0.79843750 | 0.01167178 | 0.78125000 | 0.82500000 | 0.79299327 | 0.80388173
  15 | 0.79968750 | 0.00936979 | 0.78125000 | 0.81875000 | 0.79531702 | 0.80405798
  16 | 0.79500000 | 0.01319920 | 0.77500000 | 0.82500000 | 0.78884332 | 0.80115668
  17 | 0.79343750 | 0.01418006 | 0.77500000 | 0.82500000 | 0.78682330 | 0.80005170
  18 | 0.80250000 | 0.01761125 | 0.76875000 | 0.83750000 | 0.79428534 | 0.81071466
  19 | 0.79937500 | 0.01184206 | 0.77500000 | 0.81875000 | 0.79385134 | 0.80489866
  20 | 0.79781250 | 0.01050948 | 0.77500000 | 0.81250000 | 0.79291042 | 0.80271458
  21 | 0.80156250 | 0.01323983 | 0.77500000 | 0.82500000 | 0.79538687 | 0.80773813
  22 | 0.79312500 | 0.01167596 | 0.78125000 | 0.83125000 | 0.78767882 | 0.79857118
  23 | 0.79562500 | 0.01066170 | 0.77500000 | 0.81875000 | 0.79065192 | 0.80059808
  24 | 0.79531250 | 0.01309148 | 0.76875000 | 0.81875000 | 0.78920606 | 0.80141894
  25 | 0.80093750 | 0.01013098 | 0.78125000 | 0.82500000 | 0.79621197 | 0.80566303
  26 | 0.79656250 | 0.01126301 | 0.78125000 | 0.81875000 | 0.79130894 | 0.80181606
  27 | 0.79906250 | 0.01428983 | 0.77500000 | 0.83750000 | 0.79239710 | 0.80572790
  28 | 0.80343750 | 0.01611422 | 0.76875000 | 0.83125000 | 0.79592112 | 0.81095388
  29 | 0.79781250 | 0.01122828 | 0.77500000 | 0.81875000 | 0.79257514 | 0.80304986
  30 | 0.79500000 | 0.01195695 | 0.78125000 | 0.81875000 | 0.78942275 | 0.80057725
  31 | 0.79843750 | 0.01115848 | 0.78125000 | 0.81875000 | 0.79323270 | 0.80364230
  32 | 0.79718750 | 0.01431714 | 0.77500000 | 0.81875000 | 0.79050936 | 0.80386564
  33 | 0.80062500 | 0.01382084 | 0.77500000 | 0.82500000 | 0.79417836 | 0.80707164
  34 | 0.79406250 | 0.01524219 | 0.76875000 | 0.83125000 | 0.78695288 | 0.80117212
  35 | 0.79375000 | 0.01169268 | 0.77500000 | 0.81875000 | 0.78829602 | 0.79920398
  36 | 0.79968750 | 0.01016946 | 0.78125000 | 0.81250000 | 0.79494402 | 0.80443098
  37 | 0.79406250 | 0.01485279 | 0.76875000 | 0.83125000 | 0.78713451 | 0.80099049
  38 | 0.79843750 | 0.01183794 | 0.77500000 | 0.83125000 | 0.79291577 | 0.80395923
  39 | 0.79562500 | 0.01102200 | 0.76875000 | 0.81250000 | 0.79048386 | 0.80076614
  40 | 0.79562500 | 0.01102200 | 0.76875000 | 0.81250000 | 0.79048386 | 0.80076614
  41 | 0.80218750 | 0.01584532 | 0.77500000 | 0.83750000 | 0.79479655 | 0.80957845
  42 | 0.80093750 | 0.01254290 | 0.78125000 | 0.82500000 | 0.79508694 | 0.80678806
  43 | 0.80187500 | 0.01084334 | 0.78125000 | 0.81875000 | 0.79681719 | 0.80693281
  44 | 0.79750000 | 0.01403122 | 0.77500000 | 0.83750000 | 0.79095523 | 0.80404477
  45 | 0.79531250 | 0.01353165 | 0.76875000 | 0.83125000 | 0.78900075 | 0.80162425
  46 | 0.79812500 | 0.00929129 | 0.78750000 | 0.81250000 | 0.79379113 | 0.80245887
  47 | 0.80125000 | 0.01227930 | 0.78125000 | 0.81875000 | 0.79552240 | 0.80697760
  48 | 0.80000000 | 0.01064337 | 0.78125000 | 0.81875000 | 0.79503547 | 0.80496453
  49 | 0.79781250 | 0.01415249 | 0.78125000 | 0.82500000 | 0.79121116 | 0.80441384
  50 | 0.79562500 | 0.01137088 | 0.77500000 | 0.81250000 | 0.79032112 | 0.80092888
  51 | 0.79843750 | 0.01167178 | 0.78125000 | 0.81250000 | 0.79299327 | 0.80388173
  52 | 0.79656250 | 0.01288091 | 0.77500000 | 0.81875000 | 0.79055428 | 0.80257072
  53 | 0.80031250 | 0.01225940 | 0.78125000 | 0.83125000 | 0.79459418 | 0.80603082
  54 | 0.80062500 | 0.01248437 | 0.78125000 | 0.82500000 | 0.79480175 | 0.80644825
  55 | 0.79968750 | 0.01524219 | 0.77500000 | 0.82500000 | 0.79257788 | 0.80679712
  56 | 0.80125000 | 0.01195695 | 0.78125000 | 0.82500000 | 0.79567275 | 0.80682725
  57 | 0.80312500 | 0.01390537 | 0.78125000 | 0.83125000 | 0.79663893 | 0.80961107
  58 | 0.79687500 | 0.01273222 | 0.77500000 | 0.81875000 | 0.79093614 | 0.80281386
  59 | 0.79531250 | 0.01381731 | 0.76875000 | 0.82500000 | 0.78886750 | 0.80175750
  60 | 0.79687500 | 0.01109265 | 0.76875000 | 0.81250000 | 0.79170090 | 0.80204910
  61 | 0.79718750 | 0.01160465 | 0.78125000 | 0.82500000 | 0.79177458 | 0.80260042
  62 | 0.79812500 | 0.01084334 | 0.77500000 | 0.81250000 | 0.79306719 | 0.80318281
  63 | 0.79875000 | 0.01243734 | 0.78125000 | 0.82500000 | 0.79294868 | 0.80455132
  64 | 0.79843750 | 0.01232297 | 0.77500000 | 0.83125000 | 0.79268953 | 0.80418547
  65 | 0.79843750 | 0.01150323 | 0.77500000 | 0.81875000 | 0.79307189 | 0.80380311
  66 | 0.79625000 | 0.00935414 | 0.78125000 | 0.81250000 | 0.79188682 | 0.80061318
  67 | 0.80187500 | 0.01440215 | 0.78125000 | 0.83125000 | 0.79515721 | 0.80859279
  68 | 0.80312500 | 0.01418351 | 0.78125000 | 0.83750000 | 0.79650919 | 0.80974081
  69 | 0.79812500 | 0.01493475 | 0.77500000 | 0.83125000 | 0.79115878 | 0.80509122
  70 | 0.80312500 | 0.01404513 | 0.77500000 | 0.83125000 | 0.79657374 | 0.80967626
  71 | 0.79750000 | 0.00976281 | 0.78125000 | 0.81875000 | 0.79294620 | 0.80205380
  72 | 0.80093750 | 0.01285055 | 0.78750000 | 0.83750000 | 0.79494344 | 0.80693156
  73 | 0.79593750 | 0.01373223 | 0.77500000 | 0.83125000 | 0.78953219 | 0.80234281
  74 | 0.79500000 | 0.01274755 | 0.76875000 | 0.82500000 | 0.78905399 | 0.80094601
  75 | 0.79781250 | 0.01300165 | 0.78125000 | 0.82500000 | 0.79174796 | 0.80387704
  76 | 0.79781250 | 0.01344477 | 0.76875000 | 0.82500000 | 0.79154127 | 0.80408373
  77 | 0.79781250 | 0.01173852 | 0.78125000 | 0.83125000 | 0.79233714 | 0.80328786
  78 | 0.79906250 | 0.00993632 | 0.78125000 | 0.81875000 | 0.79442777 | 0.80369723
  79 | 0.80031250 | 0.01611422 | 0.78125000 | 0.83750000 | 0.79279612 | 0.80782888
  80 | 0.79437500 | 0.01279343 | 0.77500000 | 0.81875000 | 0.78840758 | 0.80034242
  81 | 0.80375000 | 0.01256234 | 0.78125000 | 0.83125000 | 0.79789037 | 0.80960963
  82 | 0.80125000 | 0.01305038 | 0.78125000 | 0.83125000 | 0.79516273 | 0.80733727
  83 | 0.80125000 | 0.01419727 | 0.78125000 | 0.83750000 | 0.79462777 | 0.80787223
  84 | 0.79125000 | 0.00996086 | 0.77500000 | 0.80625000 | 0.78660382 | 0.79589618
  85 | 0.79656250 | 0.01376065 | 0.77500000 | 0.83125000 | 0.79014393 | 0.80298107
  86 | 0.80031250 | 0.01035974 | 0.78125000 | 0.82500000 | 0.79548026 | 0.80514474
  87 | 0.79843750 | 0.01005357 | 0.77500000 | 0.81250000 | 0.79374808 | 0.80312692
  88 | 0.80187500 | 0.01480340 | 0.77500000 | 0.83750000 | 0.79497005 | 0.80877995
  89 | 0.79968750 | 0.01445291 | 0.77500000 | 0.83125000 | 0.79294603 | 0.80642897
  90 | 0.79812500 | 0.01812500 | 0.76250000 | 0.83125000 | 0.78967071 | 0.80657929
  91 | 0.80031250 | 0.00936979 | 0.78750000 | 0.81875000 | 0.79594202 | 0.80468298
  92 | 0.79843750 | 0.01628302 | 0.77500000 | 0.83750000 | 0.79084239 | 0.80603261
  93 | 0.78968750 | 0.01157094 | 0.77500000 | 0.81250000 | 0.78429031 | 0.79508469
  94 | 0.80125000 | 0.01377838 | 0.77500000 | 0.83125000 | 0.79482316 | 0.80767684
  95 | 0.79625000 | 0.01375000 | 0.77500000 | 0.83750000 | 0.78983640 | 0.80266360
  96 | 0.79531250 | 0.01062040 | 0.78125000 | 0.81250000 | 0.79035868 | 0.80026632
  97 | 0.79531250 | 0.01098205 | 0.77500000 | 0.81250000 | 0.79018999 | 0.80043501
  98 | 0.79468750 | 0.01173852 | 0.77500000 | 0.81250000 | 0.78921214 | 0.80016286
  99 | 0.79937500 | 0.01116286 | 0.78125000 | 0.82500000 | 0.79416815 | 0.80458185
 100 | 0.80187500 | 0.01467087 | 0.77500000 | 0.82500000 | 0.79503186 | 0.80871814
 101 | 0.79531250 | 0.01183794 | 0.77500000 | 0.81875000 | 0.78979077 | 0.80083423
 102 | 0.80000000 | 0.01369306 | 0.78125000 | 0.82500000 | 0.79361296 | 0.80638704
 103 | 0.80343750 | 0.01332804 | 0.78125000 | 0.83125000 | 0.79722072 | 0.80965428
 104 | 0.80343750 | 0.01035974 | 0.78125000 | 0.83125000 | 0.79860526 | 0.80826974
 105 | 0.80000000 | 0.01383496 | 0.76875000 | 0.82500000 | 0.79354677 | 0.80645323
 106 | 0.79875000 | 0.01056971 | 0.77500000 | 0.81875000 | 0.79381982 | 0.80368018
 107 | 0.79718750 | 0.00894318 | 0.78125000 | 0.81250000 | 0.79301601 | 0.80135899
 108 | 0.79593750 | 0.01329870 | 0.77500000 | 0.83125000 | 0.78973440 | 0.80214060
 109 | 0.80031250 | 0.01332804 | 0.76875000 | 0.82500000 | 0.79409572 | 0.80652928
 110 | 0.79593750 | 0.01013098 | 0.77500000 | 0.81250000 | 0.79121197 | 0.80066303
 111 | 0.79562500 | 0.01137088 | 0.77500000 | 0.81250000 | 0.79032112 | 0.80092888
 112 | 0.80125000 | 0.01274755 | 0.78125000 | 0.82500000 | 0.79530399 | 0.80719601
 113 | 0.79687500 | 0.01404513 | 0.76875000 | 0.82500000 | 0.79032374 | 0.80342626
 114 | 0.80000000 | 0.01311011 | 0.78125000 | 0.83125000 | 0.79388487 | 0.80611513
 115 | 0.80250000 | 0.01444278 | 0.77500000 | 0.83125000 | 0.79576326 | 0.80923674
 116 | 0.79906250 | 0.01173852 | 0.78125000 | 0.81875000 | 0.79358714 | 0.80453786
 117 | 0.80843750 | 0.01559685 | 0.78750000 | 0.83750000 | 0.80116245 | 0.81571255
 118 | 0.79718750 | 0.01472071 | 0.77500000 | 0.83750000 | 0.79032112 | 0.80405388
 119 | 0.80312500 | 0.01273222 | 0.77500000 | 0.83750000 | 0.79718614 | 0.80906386
 120 | 0.80312500 | 0.01194061 | 0.78750000 | 0.83125000 | 0.79755538 | 0.80869462
 121 | 0.79718750 | 0.00915897 | 0.77500000 | 0.81250000 | 0.79291536 | 0.80145964
 122 | 0.79687500 | 0.00978280 | 0.78125000 | 0.81875000 | 0.79231187 | 0.80143812
 123 | 0.79625000 | 0.01316957 | 0.77500000 | 0.82500000 | 0.79010714 | 0.80239286
 124 | 0.80062500 | 0.01367879 | 0.77500000 | 0.82500000 | 0.79424461 | 0.80700539
 125 | 0.79875000 | 0.01881240 | 0.76875000 | 0.83125000 | 0.78997507 | 0.80752493
 126 | 0.79187500 | 0.01066170 | 0.76875000 | 0.81250000 | 0.78690192 | 0.79684808
 127 | 0.79812500 | 0.01187500 | 0.77500000 | 0.81875000 | 0.79258598 | 0.80366402
 128 | 0.79875000 | 0.01486922 | 0.78125000 | 0.83125000 | 0.79181434 | 0.80568566
 129 | 0.80593750 | 0.01209904 | 0.78125000 | 0.83750000 | 0.80029398 | 0.81158102
 130 | 0.79375000 | 0.01383496 | 0.77500000 | 0.81875000 | 0.78729677 | 0.80020323
 131 | 0.79781250 | 0.01344477 | 0.78125000 | 0.83750000 | 0.79154127 | 0.80408373
 132 | 0.79468750 | 0.01344477 | 0.78125000 | 0.82500000 | 0.78841627 | 0.80095873
 133 | 0.79437500 | 0.01279343 | 0.76875000 | 0.81875000 | 0.78840758 | 0.80034242
 134 | 0.79531250 | 0.01043488 | 0.78125000 | 0.81875000 | 0.79044522 | 0.80017978
 135 | 0.79937500 | 0.01150747 | 0.77500000 | 0.81875000 | 0.79400741 | 0.80474259
 136 | 0.80031250 | 0.01143511 | 0.78125000 | 0.81875000 | 0.79497866 | 0.80564634
 137 | 0.79843750 | 0.01200179 | 0.78125000 | 0.82500000 | 0.79283934 | 0.80403566
 138 | 0.79500000 | 0.01377838 | 0.77500000 | 0.82500000 | 0.78857316 | 0.80142684
 139 | 0.80375000 | 0.01071652 | 0.78750000 | 0.82500000 | 0.79875135 | 0.80874865
 140 | 0.80062500 | 0.01542370 | 0.78125000 | 0.83125000 | 0.79343071 | 0.80781929
 141 | 0.79625000 | 0.01192424 | 0.77500000 | 0.81875000 | 0.79068801 | 0.80181199
 142 | 0.79562500 | 0.00929129 | 0.77500000 | 0.81250000 | 0.79129113 | 0.79995887
 143 | 0.80718750 | 0.01300165 | 0.78750000 | 0.83125000 | 0.80112296 | 0.81325204
 144 | 0.80031250 | 0.00751951 | 0.78750000 | 0.81250000 | 0.79680507 | 0.80381993
 145 | 0.79593750 | 0.00932801 | 0.77500000 | 0.81250000 | 0.79158651 | 0.80028849
 146 | 0.80250000 | 0.01360721 | 0.77500000 | 0.82500000 | 0.79615300 | 0.80884700
 147 | 0.80031250 | 0.01225940 | 0.78125000 | 0.82500000 | 0.79459418 | 0.80603082
 148 | 0.79718750 | 0.01458743 | 0.77500000 | 0.83750000 | 0.79038329 | 0.80399171
 149 | 0.80187500 | 0.01251562 | 0.78125000 | 0.83125000 | 0.79603717 | 0.80771283
 150 | 0.79937500 | 0.01503901 | 0.77500000 | 0.83750000 | 0.79236015 | 0.80638985
 151 | 0.79750000 | 0.01107503 | 0.77500000 | 0.81875000 | 0.79233412 | 0.80266588
 152 | 0.79781250 | 0.01344477 | 0.77500000 | 0.82500000 | 0.79154127 | 0.80408373
 153 | 0.80187500 | 0.00929129 | 0.78750000 | 0.81875000 | 0.79754113 | 0.80620887
 154 | 0.79625000 | 0.00824432 | 0.78125000 | 0.81250000 | 0.79240449 | 0.80009551
 155 | 0.79843750 | 0.01232297 | 0.78125000 | 0.81875000 | 0.79268953 | 0.80418547
 156 | 0.79781250 | 0.00953509 | 0.77500000 | 0.81250000 | 0.79336492 | 0.80226008
 157 | 0.79625000 | 0.01224745 | 0.76875000 | 0.81875000 | 0.79053725 | 0.80196275
 158 | 0.79750000 | 0.01444278 | 0.76875000 | 0.83750000 | 0.79076326 | 0.80423674
 159 | 0.79781250 | 0.01050948 | 0.77500000 | 0.81875000 | 0.79291042 | 0.80271458
 160 | 0.80062500 | 0.00788095 | 0.78125000 | 0.81250000 | 0.79694898 | 0.80430102
 161 | 0.79968750 | 0.01108825 | 0.78125000 | 0.81875000 | 0.79451546 | 0.80485954
 162 | 0.80031250 | 0.01241770 | 0.77500000 | 0.81875000 | 0.79452034 | 0.80610466
 163 | 0.80687500 | 0.01652413 | 0.76875000 | 0.83125000 | 0.79916742 | 0.81458258
 164 | 0.79906250 | 0.01140090 | 0.78125000 | 0.81875000 | 0.79374462 | 0.80438038
 165 | 0.79218750 | 0.01150323 | 0.76875000 | 0.81250000 | 0.78682189 | 0.79755311
 166 | 0.79937500 | 0.01279343 | 0.77500000 | 0.81875000 | 0.79340758 | 0.80534242
 167 | 0.79781250 | 0.01140090 | 0.77500000 | 0.82500000 | 0.79249462 | 0.80313038
 168 | 0.80250000 | 0.01910088 | 0.76875000 | 0.84375000 | 0.79359051 | 0.81140949
 169 | 0.79656250 | 0.01108825 | 0.76875000 | 0.81875000 | 0.79139046 | 0.80173454
 170 | 0.80000000 | 0.01518120 | 0.77500000 | 0.83750000 | 0.79291882 | 0.80708118
 171 | 0.80125000 | 0.00960143 | 0.78125000 | 0.81875000 | 0.79677147 | 0.80572853
 172 | 0.80531250 | 0.01442586 | 0.78750000 | 0.84375000 | 0.79858365 | 0.81204135
 173 | 0.80250000 | 0.01192424 | 0.78125000 | 0.82500000 | 0.79693801 | 0.80806199
 174 | 0.80000000 | 0.00838525 | 0.78125000 | 0.81250000 | 0.79608875 | 0.80391125
 175 | 0.79968750 | 0.01659195 | 0.76875000 | 0.84375000 | 0.79194829 | 0.80742671
 176 | 0.79843750 | 0.01423505 | 0.76875000 | 0.83125000 | 0.79179765 | 0.80507735
 177 | 0.79718750 | 0.00977780 | 0.78125000 | 0.81875000 | 0.79262670 | 0.80174830
 178 | 0.79593750 | 0.01825118 | 0.76875000 | 0.84375000 | 0.78742435 | 0.80445065
 179 | 0.79875000 | 0.01243734 | 0.76875000 | 0.81875000 | 0.79294868 | 0.80455132
 180 | 0.79937500 | 0.01150747 | 0.77500000 | 0.81875000 | 0.79400741 | 0.80474259
 181 | 0.80062500 | 0.01324351 | 0.78125000 | 0.83125000 | 0.79444765 | 0.80680235
 182 | 0.79687500 | 0.01511673 | 0.77500000 | 0.83750000 | 0.78982389 | 0.80392611
 183 | 0.79406250 | 0.01108825 | 0.78125000 | 0.82500000 | 0.78889046 | 0.79923454
 184 | 0.79593750 | 0.01254290 | 0.78125000 | 0.83125000 | 0.79008694 | 0.80178806
 185 | 0.80000000 | 0.01100426 | 0.78125000 | 0.81875000 | 0.79486713 | 0.80513287
 186 | 0.79656250 | 0.00802219 | 0.78125000 | 0.81250000 | 0.79282060 | 0.80030440
 187 | 0.79937500 | 0.01640551 | 0.77500000 | 0.83125000 | 0.79172275 | 0.80702725
 188 | 0.80156250 | 0.01338653 | 0.78125000 | 0.82500000 | 0.79531844 | 0.80780656
 189 | 0.79500000 | 0.00875000 | 0.78125000 | 0.81250000 | 0.79091862 | 0.79908138
 190 | 0.79750000 | 0.01331705 | 0.77500000 | 0.83125000 | 0.79128835 | 0.80371165
 191 | 0.79687500 | 0.01036445 | 0.78125000 | 0.82500000 | 0.79204057 | 0.80170943
 192 | 0.79875000 | 0.01612936 | 0.77500000 | 0.84375000 | 0.79122656 | 0.80627344
 193 | 0.79500000 | 0.01019344 | 0.78125000 | 0.81875000 | 0.79024533 | 0.79975467
 194 | 0.79875000 | 0.00755190 | 0.78125000 | 0.81250000 | 0.79522746 | 0.80227254
 195 | 0.80000000 | 0.01677051 | 0.76250000 | 0.83125000 | 0.79217750 | 0.80782250
 196 | 0.80093750 | 0.01069371 | 0.77500000 | 0.81875000 | 0.79594948 | 0.80592552
 197 | 0.80312500 | 0.01418351 | 0.77500000 | 0.83750000 | 0.79650919 | 0.80974081
 198 | 0.79718750 | 0.01347379 | 0.76875000 | 0.81875000 | 0.79090274 | 0.80347226
 199 | 0.80031250 | 0.01177176 | 0.76875000 | 0.81875000 | 0.79482164 | 0.80580336
 200 | 0.80000000 | 0.01100426 | 0.78125000 | 0.82500000 | 0.79486713 | 0.80513287
