# Resultados para rota [5,10] (DE com fitness AGP)
# Formato: Load Probabilidade_Media Desvio_Padrao
1 0.000000 0.000000
2 0.000000 0.000000
3 0.000000 0.000000
4 0.000000 0.000000
5 0.000000 0.000000
6 0.000000 0.000000
7 0.000000 0.000000
8 0.000000 0.000000
9 0.000000 0.000000
10 0.000000 0.000000
11 0.000000 0.000000
12 0.000000 0.000000
13 0.000000 0.000000
14 0.000000 0.000000
15 0.002462 0.007426
16 0.001163 0.005068
17 0.000000 0.000000
18 0.012188 0.021509
19 0.016396 0.030690
20 0.014901 0.024989
21 0.068398 0.069257
22 0.050906 0.057721
23 0.057904 0.052717
24 0.067575 0.057441
25 0.077681 0.059501
26 0.127164 0.076433
27 0.113595 0.077994
28 0.122397 0.078751
29 0.183464 0.061563
30 0.142849 0.081481
31 0.160561 0.061169
32 0.202561 0.061456
33 0.200378 0.066652
34 0.223365 0.056938
35 0.193672 0.062169
36 0.242946 0.059936
37 0.244420 0.061186
38 0.252348 0.070837
39 0.304149 0.062811
40 0.231378 0.075616
41 0.269732 0.045892
42 0.292476 0.069245
43 0.260475 0.056045
44 0.319313 0.063128
45 0.293166 0.056774
46 0.321010 0.041580
47 0.337127 0.041718
48 0.327951 0.072395
49 0.339268 0.066413
50 0.352381 0.041820
51 0.370334 0.047371
52 0.368607 0.053192
53 0.355676 0.061034
54 0.366915 0.065022
55 0.384586 0.042413
56 0.388262 0.042966
57 0.419331 0.045974
58 0.402832 0.059278
59 0.409773 0.060580
60 0.421413 0.065068
61 0.397041 0.048952
62 0.433084 0.046291
63 0.437309 0.053929
64 0.417586 0.058364
65 0.429628 0.052136
66 0.426277 0.056984
67 0.445300 0.048133
68 0.471298 0.048756
69 0.451723 0.059446
70 0.454216 0.056941
71 0.472651 0.040330
72 0.462236 0.055855
73 0.448468 0.047933
74 0.471885 0.051084
75 0.465399 0.042780
76 0.467664 0.048175
77 0.483965 0.047319
78 0.480877 0.040534
79 0.504231 0.040346
80 0.500349 0.044312
81 0.480951 0.041291
82 0.505269 0.044998
83 0.488710 0.057332
84 0.501567 0.047779
85 0.510650 0.033674
86 0.512368 0.050874
87 0.516906 0.046740
88 0.510999 0.033513
89 0.514996 0.051997
90 0.530077 0.043318
91 0.531869 0.047341
92 0.535252 0.049800
93 0.514585 0.037374
94 0.521680 0.043267
95 0.536933 0.040083
96 0.542548 0.046166
97 0.541747 0.044119
98 0.521841 0.046132
99 0.540189 0.048917
100 0.540822 0.045387
101 0.538935 0.054581
102 0.555311 0.045752
103 0.541693 0.042778
104 0.558087 0.044223
105 0.554395 0.042068
106 0.533590 0.058780
107 0.559800 0.044133
108 0.552005 0.038733
109 0.566057 0.038270
110 0.558713 0.032565
111 0.558636 0.057942
112 0.576270 0.043161
113 0.588733 0.037613
114 0.573894 0.035315
115 0.561630 0.043380
116 0.583632 0.042003
117 0.561712 0.048322
118 0.573453 0.031453
119 0.571020 0.044693
120 0.580180 0.035575
121 0.580814 0.041411
122 0.593425 0.034552
123 0.577512 0.043753
124 0.583671 0.044589
125 0.588947 0.040097
126 0.580230 0.034267
127 0.610197 0.044007
128 0.587630 0.031387
129 0.584727 0.035231
130 0.596192 0.044587
131 0.595969 0.041186
132 0.595099 0.036867
133 0.602333 0.029878
134 0.611483 0.041631
135 0.599238 0.032793
136 0.607185 0.034676
137 0.593258 0.029514
138 0.612718 0.036710
139 0.611353 0.037177
140 0.600011 0.037920
141 0.603629 0.028243
142 0.606782 0.034740
143 0.609529 0.025616
144 0.604701 0.036161
145 0.619217 0.037212
146 0.610849 0.032009
147 0.627396 0.050208
148 0.615991 0.041800
149 0.613568 0.042298
150 0.611492 0.032559
151 0.610530 0.040231
152 0.623339 0.028853
153 0.613137 0.035034
154 0.618038 0.043602
155 0.639887 0.026769
156 0.621277 0.027588
157 0.635297 0.033653
158 0.608757 0.035536
159 0.628819 0.028758
160 0.631535 0.032448
161 0.617701 0.035438
162 0.636762 0.027039
163 0.630865 0.031779
164 0.629102 0.039123
165 0.640484 0.038926
166 0.632561 0.030573
167 0.639748 0.034029
168 0.642616 0.030922
169 0.635243 0.034150
170 0.652248 0.035059
171 0.643808 0.031027
172 0.643789 0.028462
173 0.632225 0.025828
174 0.655168 0.031684
175 0.641920 0.031204
176 0.635873 0.034409
177 0.642853 0.041119
178 0.648513 0.032393
179 0.651843 0.034170
180 0.662037 0.037057
181 0.646612 0.033912
182 0.652616 0.030475
183 0.639981 0.025819
184 0.648308 0.026913
185 0.655535 0.027906
186 0.656661 0.031496
187 0.644369 0.030814
188 0.654026 0.033203
189 0.657271 0.025723
190 0.662450 0.027559
191 0.652235 0.028460
192 0.658942 0.028233
193 0.654845 0.038038
194 0.658089 0.028437
195 0.659941 0.026688
196 0.647672 0.031224
197 0.673626 0.029159
198 0.664677 0.025263
199 0.670561 0.026864
200 0.658131 0.030721
201 0.674655 0.025172
202 0.662581 0.028116
203 0.655243 0.025699
204 0.662924 0.043289
205 0.661248 0.025835
206 0.675892 0.034752
207 0.676782 0.029474
208 0.664443 0.040177
209 0.660022 0.030222
210 0.660395 0.030364
211 0.658402 0.022717
212 0.681563 0.034661
213 0.666291 0.026275
214 0.676188 0.039286
215 0.675367 0.027253
216 0.680715 0.020730
217 0.679259 0.022090
218 0.670243 0.020817
219 0.682712 0.031590
220 0.678236 0.027529
221 0.673633 0.028033
222 0.674494 0.028887
223 0.675334 0.017970
224 0.667173 0.021543
225 0.675285 0.023833
226 0.677913 0.026252
227 0.686505 0.034111
228 0.680797 0.031875
229 0.687346 0.031337
230 0.672950 0.020200
231 0.674548 0.026568
232 0.678316 0.026650
233 0.685504 0.028597
234 0.692453 0.028562
235 0.687201 0.028882
236 0.682080 0.027397
237 0.683335 0.023686
238 0.692026 0.030516
239 0.679217 0.026392
240 0.665362 0.021686
241 0.691341 0.029100
242 0.679040 0.021439
243 0.679921 0.026063
244 0.681606 0.027356
245 0.677723 0.028439
246 0.690441 0.016072
247 0.692295 0.019629
248 0.697123 0.021448
249 0.690059 0.034485
250 0.685299 0.028672
251 0.680487 0.031258
252 0.696835 0.029680
253 0.688377 0.021738
254 0.694614 0.024919
255 0.698970 0.028423
256 0.684128 0.025210
257 0.701855 0.034926
258 0.692226 0.022570
259 0.691432 0.018465
260 0.688903 0.023739
261 0.694234 0.025128
262 0.697800 0.022137
263 0.696015 0.026830
264 0.681633 0.027100
265 0.697722 0.021147
266 0.697181 0.023079
267 0.686183 0.030454
268 0.693219 0.027056
269 0.688808 0.024800
270 0.697524 0.022135
271 0.697006 0.028760
272 0.692733 0.017084
273 0.699984 0.029378
274 0.700339 0.022635
275 0.700857 0.022791
276 0.703426 0.030263
277 0.694657 0.025260
278 0.690249 0.024462
279 0.710611 0.022571
280 0.699286 0.024417
281 0.695049 0.015827
282 0.699612 0.026589
283 0.697403 0.027058
284 0.706119 0.024750
285 0.712255 0.026154
286 0.705971 0.024927
287 0.697711 0.023500
288 0.713467 0.019966
289 0.707024 0.029111
290 0.704673 0.020755
291 0.702520 0.021318
292 0.717813 0.022740
293 0.712760 0.027951
294 0.700494 0.021312
295 0.721133 0.017272
296 0.706659 0.024853
297 0.712355 0.019138
298 0.704985 0.021132
299 0.708840 0.021642
300 0.706965 0.024190
301 0.714906 0.026375
302 0.713972 0.027021
303 0.715736 0.024743
304 0.710750 0.025717
305 0.697679 0.025054
306 0.703885 0.030864
307 0.710620 0.020566
308 0.721036 0.026731
309 0.712111 0.025183
310 0.710805 0.020982
311 0.713633 0.024357
312 0.709225 0.024910
313 0.714787 0.023491
314 0.709933 0.014761
315 0.717243 0.026624
316 0.715180 0.014993
317 0.714619 0.027839
318 0.703619 0.017786
319 0.710076 0.022223
320 0.716040 0.020126
321 0.721853 0.017931
322 0.719508 0.022072
323 0.717697 0.015089
324 0.717853 0.026044
325 0.705285 0.024495
326 0.713831 0.020418
327 0.712978 0.021865
328 0.715161 0.021042
329 0.714193 0.020036
330 0.708707 0.026085
331 0.720164 0.029819
332 0.719771 0.016828
333 0.721202 0.023284
334 0.717161 0.022166
335 0.715609 0.021441
336 0.725651 0.026584
337 0.720984 0.021536
338 0.709861 0.030659
339 0.722284 0.017655
340 0.724262 0.022755
341 0.721861 0.021522
342 0.730297 0.017890
343 0.724397 0.021936
344 0.717737 0.022390
345 0.718243 0.022231
346 0.718708 0.025947
347 0.726279 0.017171
348 0.719437 0.017087
349 0.716469 0.022988
350 0.728052 0.012351
351 0.722960 0.018184
352 0.729010 0.016881
353 0.730270 0.024685
354 0.721235 0.020852
355 0.731207 0.026135
356 0.717736 0.018758
357 0.733709 0.020148
358 0.717467 0.026209
359 0.737023 0.021652
360 0.716375 0.020173
361 0.728934 0.020839
362 0.731249 0.022662
363 0.728180 0.024338
364 0.719684 0.021114
365 0.725286 0.026927
366 0.718277 0.017496
367 0.728099 0.013080
368 0.724464 0.022629
369 0.724693 0.023148
370 0.726541 0.022765
371 0.726007 0.015058
372 0.731353 0.026691
373 0.726813 0.022355
374 0.728458 0.023194
375 0.724635 0.016109
376 0.725227 0.015698
377 0.726475 0.025280
378 0.732759 0.023367
379 0.734390 0.021380
380 0.730646 0.017807
381 0.729529 0.020901
382 0.726258 0.014067
383 0.726426 0.019276
384 0.731075 0.025662
385 0.720396 0.018929
386 0.730022 0.019536
387 0.726430 0.022451
388 0.738352 0.020339
389 0.726031 0.017341
390 0.732245 0.016776
391 0.722056 0.024264
392 0.722574 0.015706
393 0.731769 0.026582
394 0.727858 0.021238
395 0.726398 0.018134
396 0.732811 0.024353
397 0.733191 0.014898
398 0.744262 0.016698
399 0.735581 0.026331
400 0.732012 0.023556
