# Resultados para rota [0,12] (DE com fitness AGP)
# Formato: Load Probabilidade_Media Desvio_Padrao
1 0.000000 0.000000
2 0.000000 0.000000
3 0.000000 0.000000
4 0.000000 0.000000
5 0.000000 0.000000
6 0.000000 0.000000
7 0.000000 0.000000
8 0.000000 0.000000
9 0.000000 0.000000
10 0.000000 0.000000
11 0.000000 0.000000
12 0.000000 0.000000
13 0.000000 0.000000
14 0.002439 0.010631
15 0.000000 0.000000
16 0.004382 0.014590
17 0.006735 0.018716
18 0.011417 0.034338
19 0.038517 0.054086
20 0.039970 0.053169
21 0.045834 0.068305
22 0.049038 0.050544
23 0.060687 0.061728
24 0.091324 0.069055
25 0.133752 0.074077
26 0.091713 0.066541
27 0.131444 0.083801
28 0.126478 0.066884
29 0.135757 0.076507
30 0.169391 0.092270
31 0.179647 0.082629
32 0.187381 0.072888
33 0.193628 0.058237
34 0.216674 0.072291
35 0.229477 0.065966
36 0.242675 0.056885
37 0.251878 0.052510
38 0.235144 0.051193
39 0.232609 0.069990
40 0.298474 0.056247
41 0.282383 0.053678
42 0.288057 0.074318
43 0.335725 0.050912
44 0.305848 0.078779
45 0.330945 0.052457
46 0.304664 0.062122
47 0.338294 0.059392
48 0.319473 0.060133
49 0.350778 0.042697
50 0.346057 0.064491
51 0.339396 0.062262
52 0.358399 0.055320
53 0.380720 0.067097
54 0.384880 0.073142
55 0.363470 0.055019
56 0.379604 0.062168
57 0.358822 0.044315
58 0.396851 0.055435
59 0.417068 0.058882
60 0.395076 0.050681
61 0.427126 0.039388
62 0.426268 0.056544
63 0.427476 0.061510
64 0.423835 0.049877
65 0.421296 0.052727
66 0.434656 0.028842
67 0.451353 0.042397
68 0.451432 0.053432
69 0.432174 0.053433
70 0.437485 0.049192
71 0.449430 0.037886
72 0.457170 0.039498
73 0.469516 0.056892
74 0.463806 0.046096
75 0.469136 0.038733
76 0.473613 0.036976
77 0.480145 0.037591
78 0.502107 0.050435
79 0.481798 0.048897
80 0.493228 0.046193
81 0.505475 0.056628
82 0.476567 0.049482
83 0.474899 0.047844
84 0.518511 0.041614
85 0.511445 0.049268
86 0.512248 0.051490
87 0.521228 0.034085
88 0.506873 0.049390
89 0.506463 0.054064
90 0.507353 0.070180
91 0.504076 0.053780
92 0.517440 0.025358
93 0.527641 0.040717
94 0.532328 0.043059
95 0.535653 0.046135
96 0.538260 0.037618
97 0.545599 0.038778
98 0.528414 0.042878
99 0.552104 0.028940
100 0.527147 0.042189
101 0.552078 0.042437
102 0.535079 0.035847
103 0.561041 0.044398
104 0.557103 0.045507
105 0.562670 0.040627
106 0.552230 0.054395
107 0.561180 0.048662
108 0.569795 0.040106
109 0.575707 0.046904
110 0.562056 0.044167
111 0.565337 0.039093
112 0.564574 0.040378
113 0.544228 0.043409
114 0.565966 0.035215
115 0.569454 0.045444
116 0.569660 0.041150
117 0.576628 0.035317
118 0.584875 0.043017
119 0.586897 0.026980
120 0.581520 0.045047
121 0.591624 0.040944
122 0.574862 0.046629
123 0.581458 0.037820
124 0.578833 0.042721
125 0.591523 0.035960
126 0.583221 0.053738
127 0.588984 0.043707
128 0.586817 0.040994
129 0.597945 0.036218
130 0.587313 0.056569
131 0.600599 0.038757
132 0.585481 0.030773
133 0.603233 0.036315
134 0.600402 0.028021
135 0.612471 0.039562
136 0.608947 0.036232
137 0.606189 0.040246
138 0.612239 0.029318
139 0.600112 0.038377
140 0.619685 0.041475
141 0.598550 0.037152
142 0.603432 0.038860
143 0.617225 0.029213
144 0.620049 0.032808
145 0.611211 0.033273
146 0.627525 0.038772
147 0.619376 0.035966
148 0.621344 0.021666
149 0.626871 0.039626
150 0.629586 0.032330
151 0.632136 0.030427
152 0.617005 0.027994
153 0.632570 0.033433
154 0.632932 0.032236
155 0.620511 0.050038
156 0.625732 0.038955
157 0.619644 0.027291
158 0.623173 0.021677
159 0.625548 0.039115
160 0.633023 0.034858
161 0.645534 0.033807
162 0.636854 0.025284
163 0.629756 0.036670
164 0.635723 0.027060
165 0.629617 0.026273
166 0.626793 0.028736
167 0.641140 0.028977
168 0.635852 0.032963
169 0.646849 0.029518
170 0.643687 0.031062
171 0.640626 0.028200
172 0.649223 0.032766
173 0.643751 0.023044
174 0.649805 0.018368
175 0.657384 0.035050
176 0.658812 0.029897
177 0.642386 0.028928
178 0.648830 0.031029
179 0.656028 0.024187
180 0.657928 0.025768
181 0.638382 0.024390
182 0.663919 0.030978
183 0.647404 0.019610
184 0.659773 0.022306
185 0.654048 0.030173
186 0.651506 0.031590
187 0.663372 0.029275
188 0.653545 0.028019
189 0.651387 0.026072
190 0.651102 0.023713
191 0.651996 0.026361
192 0.656779 0.019730
193 0.645298 0.028546
194 0.663866 0.029781
195 0.678613 0.024960
196 0.651705 0.033039
197 0.657347 0.031207
198 0.661014 0.034859
199 0.654955 0.025051
200 0.664812 0.023351
201 0.670224 0.029140
202 0.667801 0.025638
203 0.658099 0.042153
204 0.667951 0.036797
205 0.661217 0.033103
206 0.664337 0.038806
207 0.659338 0.033083
208 0.671708 0.029005
209 0.661528 0.028307
210 0.672380 0.028876
211 0.657446 0.031033
212 0.662948 0.027063
213 0.672658 0.036935
214 0.673600 0.028703
215 0.664855 0.020176
216 0.667180 0.026013
217 0.691242 0.034053
218 0.677941 0.026968
219 0.670264 0.030560
220 0.679325 0.023674
221 0.664390 0.032828
222 0.668786 0.036141
223 0.669027 0.030458
224 0.678464 0.024394
225 0.673800 0.035248
226 0.686127 0.030405
227 0.673539 0.026858
228 0.668125 0.034023
229 0.680784 0.028605
230 0.683500 0.030448
231 0.690344 0.021331
232 0.676913 0.028098
233 0.682162 0.033473
234 0.680778 0.034485
235 0.675511 0.025661
236 0.690611 0.025754
237 0.682800 0.027385
238 0.683690 0.025040
239 0.690955 0.021829
240 0.696760 0.031152
241 0.674827 0.022829
242 0.693271 0.026074
243 0.697786 0.027042
244 0.688083 0.018738
245 0.683498 0.020647
246 0.687315 0.032039
247 0.681436 0.030085
248 0.693677 0.030125
249 0.692457 0.037304
250 0.692816 0.028948
251 0.692428 0.020650
252 0.690186 0.025887
253 0.690783 0.025143
254 0.692828 0.022394
255 0.687652 0.035579
256 0.705259 0.018074
257 0.696297 0.020500
258 0.687893 0.027515
259 0.692446 0.020297
260 0.696045 0.025283
261 0.698409 0.032361
262 0.694405 0.021944
263 0.687542 0.024461
264 0.694833 0.022032
265 0.696159 0.019815
266 0.693604 0.028830
267 0.705441 0.026625
268 0.702721 0.033826
269 0.697881 0.026087
270 0.700256 0.022837
271 0.697478 0.017387
272 0.701839 0.021901
273 0.700336 0.018981
274 0.697975 0.025969
275 0.702569 0.028022
276 0.697172 0.027580
277 0.700333 0.019766
278 0.693172 0.023109
279 0.705859 0.022157
280 0.699125 0.029428
281 0.709189 0.025942
282 0.704904 0.024035
283 0.708337 0.027933
284 0.699060 0.025863
285 0.696176 0.018853
286 0.704679 0.022138
287 0.697053 0.031067
288 0.702544 0.021971
289 0.707607 0.018812
290 0.696048 0.026322
291 0.706682 0.023507
292 0.696807 0.026627
293 0.717121 0.019643
294 0.712078 0.029526
295 0.700675 0.029395
296 0.719852 0.023972
297 0.705266 0.025440
298 0.711514 0.017962
299 0.705117 0.021370
300 0.710544 0.019421
301 0.718169 0.025804
302 0.705450 0.023341
303 0.713433 0.021907
304 0.707156 0.023962
305 0.719094 0.021015
306 0.712328 0.027096
307 0.712214 0.022785
308 0.707579 0.027201
309 0.714463 0.026284
310 0.711576 0.026575
311 0.717165 0.020514
312 0.716383 0.017163
313 0.702645 0.022146
314 0.708801 0.020601
315 0.721484 0.023855
316 0.706397 0.023093
317 0.721519 0.026939
318 0.715027 0.014834
319 0.713454 0.018924
320 0.716272 0.022379
321 0.714101 0.020439
322 0.711685 0.019688
323 0.712961 0.017607
324 0.721549 0.019334
325 0.710801 0.023471
326 0.723241 0.020637
327 0.718199 0.024474
328 0.715632 0.021682
329 0.710000 0.019961
330 0.725614 0.016948
331 0.720662 0.018377
332 0.710256 0.022732
333 0.718581 0.017273
334 0.709424 0.023707
335 0.732935 0.015765
336 0.717642 0.023856
337 0.720465 0.028921
338 0.729371 0.017018
339 0.722991 0.021377
340 0.715575 0.024476
341 0.713686 0.018745
342 0.719102 0.020069
343 0.714415 0.022161
344 0.715075 0.021130
345 0.726129 0.015392
346 0.724822 0.017945
347 0.717629 0.021647
348 0.714643 0.019002
349 0.725302 0.021859
350 0.713636 0.023036
351 0.715791 0.020688
352 0.718922 0.020720
353 0.721301 0.025899
354 0.730227 0.021088
355 0.716844 0.026227
356 0.732929 0.021184
357 0.722684 0.022690
358 0.720827 0.026050
359 0.725262 0.021800
360 0.716220 0.022100
361 0.725731 0.021228
362 0.723996 0.016102
363 0.729442 0.020048
364 0.720583 0.021598
365 0.724806 0.016370
366 0.729906 0.024354
367 0.725950 0.016829
368 0.737097 0.024023
369 0.727691 0.016312
370 0.722272 0.023740
371 0.722437 0.020762
372 0.729396 0.020214
373 0.727452 0.021560
374 0.717182 0.024097
375 0.723057 0.018694
376 0.734250 0.022466
377 0.728244 0.022272
378 0.730123 0.016061
379 0.728778 0.020177
380 0.729766 0.020736
381 0.729159 0.019160
382 0.732997 0.021952
383 0.732907 0.015832
384 0.723961 0.025027
385 0.722938 0.024471
386 0.724921 0.026009
387 0.727799 0.023345
388 0.729450 0.016950
389 0.730550 0.024984
390 0.732519 0.022649
391 0.735308 0.023216
392 0.729229 0.024116
393 0.729652 0.020313
394 0.732816 0.019663
395 0.731300 0.015817
396 0.728472 0.016276
397 0.729308 0.020861
398 0.732491 0.027788
399 0.724570 0.021341
400 0.730300 0.027821
