# Resultados para rota [3,8] (DE com fitness AGP)
# Formato: Load Probabilidade_Media Desvio_Padrao
1 0.000000 0.000000
2 0.000000 0.000000
3 0.000000 0.000000
4 0.000000 0.000000
5 0.000000 0.000000
6 0.000000 0.000000
7 0.000000 0.000000
8 0.000000 0.000000
9 0.000000 0.000000
10 0.000000 0.000000
11 0.000000 0.000000
12 0.000000 0.000000
13 0.000000 0.000000
14 0.000000 0.000000
15 0.002174 0.009476
16 0.002500 0.010897
17 0.000000 0.000000
18 0.015614 0.028581
19 0.018060 0.034431
20 0.022257 0.037898
21 0.054317 0.050046
22 0.076407 0.077419
23 0.061104 0.063085
24 0.077719 0.068456
25 0.079267 0.064930
26 0.112491 0.078721
27 0.119927 0.082246
28 0.136116 0.082676
29 0.186659 0.049424
30 0.122864 0.074616
31 0.162470 0.065681
32 0.200329 0.073075
33 0.212475 0.067546
34 0.233121 0.060260
35 0.240038 0.076519
36 0.241354 0.048338
37 0.239431 0.054918
38 0.243705 0.059579
39 0.274725 0.049470
40 0.236890 0.059500
41 0.276204 0.054638
42 0.274455 0.057658
43 0.271025 0.054935
44 0.282795 0.052880
45 0.291434 0.044302
46 0.328711 0.055853
47 0.356007 0.063409
48 0.339026 0.085198
49 0.315365 0.065390
50 0.341088 0.064704
51 0.363813 0.053743
52 0.375427 0.056762
53 0.369791 0.059532
54 0.374074 0.057167
55 0.379446 0.051116
56 0.377476 0.052074
57 0.389139 0.050862
58 0.411635 0.041067
59 0.403988 0.061481
60 0.398645 0.067671
61 0.410382 0.057484
62 0.434107 0.048657
63 0.433411 0.046761
64 0.444930 0.046647
65 0.441327 0.046557
66 0.432327 0.058453
67 0.435888 0.049321
68 0.420034 0.057906
69 0.455173 0.060475
70 0.438782 0.052094
71 0.461177 0.059865
72 0.472288 0.036065
73 0.465291 0.058847
74 0.474307 0.045139
75 0.475528 0.045385
76 0.474281 0.064619
77 0.483997 0.044246
78 0.483655 0.040043
79 0.486522 0.059644
80 0.492310 0.044705
81 0.480397 0.060748
82 0.513988 0.056476
83 0.496384 0.064379
84 0.500459 0.040877
85 0.531066 0.044439
86 0.518146 0.035585
87 0.495934 0.056469
88 0.517777 0.061285
89 0.512048 0.040270
90 0.512567 0.038994
91 0.524490 0.044914
92 0.535748 0.050608
93 0.549059 0.051706
94 0.522565 0.040827
95 0.514654 0.049135
96 0.530494 0.034121
97 0.532823 0.044326
98 0.545660 0.041820
99 0.549799 0.043035
100 0.537969 0.036341
101 0.545755 0.038467
102 0.535302 0.057354
103 0.564819 0.044502
104 0.538315 0.046729
105 0.535138 0.036828
106 0.568054 0.034191
107 0.547631 0.048913
108 0.578106 0.040947
109 0.574216 0.049324
110 0.566176 0.042698
111 0.557996 0.053446
112 0.567268 0.045884
113 0.566532 0.037354
114 0.576758 0.045651
115 0.582313 0.040011
116 0.574168 0.049235
117 0.579251 0.046862
118 0.583428 0.030739
119 0.574645 0.045062
120 0.582591 0.038930
121 0.580164 0.036123
122 0.586495 0.042338
123 0.574561 0.039531
124 0.595975 0.036266
125 0.597554 0.049256
126 0.592314 0.031548
127 0.592733 0.035816
128 0.598648 0.036448
129 0.611272 0.048596
130 0.594469 0.041155
131 0.597252 0.039767
132 0.604634 0.031333
133 0.595305 0.035043
134 0.595192 0.025749
135 0.601286 0.040003
136 0.614100 0.032038
137 0.610259 0.036857
138 0.615383 0.033217
139 0.603552 0.029934
140 0.615686 0.042550
141 0.622468 0.041965
142 0.616447 0.030098
143 0.625310 0.030353
144 0.625004 0.031941
145 0.625609 0.033609
146 0.621582 0.035291
147 0.617540 0.030256
148 0.613179 0.024692
149 0.621005 0.035383
150 0.629297 0.026491
151 0.612675 0.043231
152 0.622368 0.036828
153 0.630663 0.036643
154 0.621820 0.029304
155 0.623273 0.028165
156 0.635405 0.029381
157 0.623371 0.029913
158 0.632459 0.043749
159 0.640068 0.034151
160 0.635210 0.029698
161 0.630044 0.033955
162 0.621678 0.033910
163 0.642778 0.038312
164 0.633226 0.039511
165 0.644549 0.028812
166 0.642252 0.033636
167 0.639747 0.034476
168 0.644563 0.031840
169 0.631878 0.036872
170 0.616197 0.026925
171 0.633572 0.041750
172 0.644390 0.026045
173 0.649933 0.035268
174 0.629822 0.037919
175 0.645378 0.034041
176 0.647680 0.029974
177 0.648549 0.030518
178 0.651815 0.031345
179 0.649521 0.030844
180 0.641953 0.038496
181 0.654636 0.026994
182 0.659600 0.032532
183 0.654408 0.030505
184 0.653044 0.034550
185 0.652585 0.032524
186 0.660355 0.025684
187 0.649580 0.025460
188 0.665364 0.031442
189 0.658674 0.024517
190 0.658268 0.037855
191 0.657576 0.034058
192 0.660274 0.037244
193 0.659184 0.027152
194 0.651993 0.037972
195 0.654164 0.031302
196 0.664820 0.028895
197 0.657496 0.029654
198 0.658833 0.032929
199 0.670437 0.028467
200 0.660887 0.026825
201 0.666844 0.030573
202 0.666167 0.033859
203 0.667952 0.030971
204 0.658191 0.034586
205 0.672566 0.025782
206 0.665168 0.035155
207 0.668167 0.032500
208 0.663259 0.029768
209 0.678934 0.026706
210 0.670853 0.039400
211 0.669646 0.030010
212 0.658804 0.027635
213 0.672061 0.032001
214 0.672235 0.030510
215 0.675431 0.027607
216 0.679923 0.023154
217 0.671602 0.027205
218 0.668913 0.034746
219 0.683596 0.033431
220 0.676220 0.024448
221 0.673941 0.031842
222 0.673607 0.020666
223 0.677646 0.024964
224 0.678708 0.023261
225 0.675390 0.033645
226 0.673265 0.027936
227 0.690676 0.023693
228 0.689102 0.025135
229 0.673380 0.026341
230 0.674063 0.018693
231 0.667650 0.024211
232 0.689175 0.027090
233 0.681258 0.022847
234 0.674389 0.020509
235 0.674525 0.028597
236 0.679973 0.021558
237 0.690954 0.036206
238 0.680355 0.033306
239 0.690562 0.024836
240 0.675090 0.027509
241 0.690991 0.026741
242 0.687263 0.031051
243 0.691000 0.019760
244 0.678288 0.025158
245 0.690053 0.023249
246 0.688326 0.029410
247 0.687243 0.025021
248 0.693545 0.026491
249 0.690508 0.029011
250 0.701612 0.020568
251 0.687217 0.023317
252 0.684944 0.033631
253 0.686107 0.026861
254 0.694898 0.025476
255 0.682093 0.021711
256 0.694345 0.028137
257 0.688940 0.026873
258 0.700981 0.028235
259 0.695846 0.025214
260 0.699745 0.026791
261 0.688304 0.030204
262 0.695487 0.024630
263 0.694951 0.019249
264 0.706255 0.031673
265 0.697049 0.028972
266 0.692348 0.029084
267 0.692327 0.029452
268 0.707951 0.025771
269 0.691020 0.026213
270 0.712719 0.024244
271 0.692952 0.019172
272 0.702982 0.021292
273 0.698908 0.020744
274 0.706602 0.022291
275 0.707113 0.022666
276 0.701956 0.021542
277 0.695387 0.026181
278 0.714103 0.020034
279 0.693881 0.028125
280 0.704357 0.017659
281 0.707795 0.023747
282 0.708552 0.021003
283 0.695253 0.018803
284 0.703584 0.019233
285 0.708052 0.018919
286 0.706927 0.026590
287 0.706075 0.021735
288 0.703391 0.022325
289 0.706526 0.021951
290 0.717881 0.024212
291 0.701608 0.029110
292 0.711370 0.022468
293 0.704479 0.027661
294 0.713330 0.016664
295 0.703440 0.021788
296 0.705809 0.020501
297 0.710408 0.020655
298 0.697920 0.018734
299 0.703865 0.034779
300 0.712013 0.020056
301 0.699836 0.027734
302 0.711343 0.026686
303 0.703875 0.021248
304 0.711007 0.027188
305 0.708780 0.024610
306 0.708076 0.019757
307 0.706922 0.023797
308 0.709691 0.023717
309 0.715643 0.028503
310 0.713837 0.024830
311 0.712934 0.029150
312 0.710066 0.024232
313 0.711309 0.022335
314 0.721262 0.024974
315 0.705910 0.029126
316 0.710619 0.022326
317 0.709727 0.022085
318 0.715965 0.028681
319 0.718787 0.020310
320 0.722605 0.017763
321 0.716314 0.025722
322 0.709984 0.032738
323 0.712247 0.022567
324 0.712759 0.022184
325 0.718023 0.024349
326 0.710212 0.019620
327 0.717125 0.013215
328 0.723530 0.017195
329 0.713463 0.020723
330 0.711703 0.024123
331 0.719529 0.023276
332 0.716420 0.024800
333 0.724574 0.020182
334 0.725510 0.020282
335 0.708792 0.027010
336 0.722299 0.018017
337 0.720956 0.027244
338 0.720721 0.022491
339 0.720260 0.017987
340 0.722946 0.018653
341 0.723762 0.024271
342 0.718513 0.019852
343 0.723331 0.024496
344 0.719045 0.015679
345 0.722369 0.026890
346 0.720524 0.017382
347 0.732634 0.022147
348 0.720430 0.016055
349 0.719859 0.023199
350 0.724113 0.029223
351 0.719933 0.016178
352 0.734004 0.018614
353 0.728138 0.021365
354 0.727988 0.023338
355 0.722143 0.022126
356 0.726625 0.024625
357 0.723757 0.023850
358 0.727469 0.023308
359 0.722718 0.024336
360 0.722631 0.024325
361 0.729373 0.021850
362 0.720813 0.021015
363 0.729987 0.018154
364 0.723654 0.015451
365 0.724205 0.022843
366 0.723066 0.019451
367 0.729816 0.019976
368 0.733977 0.025816
369 0.714815 0.024297
370 0.726851 0.026211
371 0.725326 0.015588
372 0.724955 0.023024
373 0.721645 0.020722
374 0.734262 0.023895
375 0.724447 0.021942
376 0.731657 0.015781
377 0.725505 0.021777
378 0.720916 0.020245
379 0.726861 0.017545
380 0.732329 0.018953
381 0.729646 0.021207
382 0.732359 0.022785
383 0.729680 0.021520
384 0.725754 0.017250
385 0.723929 0.029656
386 0.736857 0.021341
387 0.719233 0.025223
388 0.732656 0.017348
389 0.732250 0.015270
390 0.736010 0.018958
391 0.733212 0.026325
392 0.738080 0.021566
393 0.725146 0.023221
394 0.727146 0.022622
395 0.734116 0.025285
396 0.742056 0.016564
397 0.720132 0.023275
398 0.730827 0.020279
399 0.729365 0.019818
400 0.739841 0.021896
