# Resultados para rota [2,6] (DE com fitness AGP)
# Formato: Load Probabilidade_Media Desvio_Padrao
1 0.000000 0.000000
2 0.000000 0.000000
3 0.000000 0.000000
4 0.000000 0.000000
5 0.000000 0.000000
6 0.000000 0.000000
7 0.000000 0.000000
8 0.000000 0.000000
9 0.000000 0.000000
10 0.000000 0.000000
11 0.000000 0.000000
12 0.000000 0.000000
13 0.000000 0.000000
14 0.000000 0.000000
15 0.000000 0.000000
16 0.000000 0.000000
17 0.000000 0.000000
18 0.000000 0.000000
19 0.000000 0.000000
20 0.000000 0.000000
21 0.000000 0.000000
22 0.000000 0.000000
23 0.000000 0.000000
24 0.000000 0.000000
25 0.000000 0.000000
26 0.000000 0.000000
27 0.000000 0.000000
28 0.000000 0.000000
29 0.000000 0.000000
30 0.000000 0.000000
31 0.000000 0.000000
32 0.000000 0.000000
33 0.000000 0.000000
34 0.000000 0.000000
35 0.000000 0.000000
36 0.000000 0.000000
37 0.000000 0.000000
38 0.000000 0.000000
39 0.000000 0.000000
40 0.000000 0.000000
41 0.000000 0.000000
42 0.000000 0.000000
43 0.000000 0.000000
44 0.000000 0.000000
45 0.000000 0.000000
46 0.000000 0.000000
47 0.000000 0.000000
48 0.000000 0.000000
49 0.000000 0.000000
50 0.000000 0.000000
51 0.000000 0.000000
52 0.000000 0.000000
53 0.000000 0.000000
54 0.000000 0.000000
55 0.008914 0.030173
56 0.008094 0.026396
57 0.001136 0.004953
58 0.001010 0.004403
59 0.004140 0.015634
60 0.007217 0.022592
61 0.002801 0.008492
62 0.002729 0.009656
63 0.009969 0.024040
64 0.003636 0.013564
65 0.007751 0.020144
66 0.020191 0.041793
67 0.011232 0.023512
68 0.024472 0.039981
69 0.010014 0.021105
70 0.012227 0.018269
71 0.019028 0.038503
72 0.023211 0.038273
73 0.024238 0.033805
74 0.025510 0.031775
75 0.027539 0.047166
76 0.031547 0.047077
77 0.054002 0.061045
78 0.020136 0.040032
79 0.040865 0.054068
80 0.050267 0.052901
81 0.058709 0.048260
82 0.036431 0.043008
83 0.053998 0.061926
84 0.048730 0.048080
85 0.055576 0.053476
86 0.062966 0.053955
87 0.072642 0.060238
88 0.090913 0.056394
89 0.103363 0.065702
90 0.097961 0.061400
91 0.080212 0.059757
92 0.088021 0.078299
93 0.090920 0.054594
94 0.123975 0.064853
95 0.127597 0.071038
96 0.121408 0.064400
97 0.092296 0.049268
98 0.130928 0.062991
99 0.114162 0.067951
100 0.134650 0.063659
101 0.120980 0.058444
102 0.133898 0.057847
103 0.127115 0.065720
104 0.153725 0.056162
105 0.153686 0.070523
106 0.167473 0.077220
107 0.135000 0.067398
108 0.151034 0.075672
109 0.160894 0.065973
110 0.164064 0.081260
111 0.196676 0.077164
112 0.194260 0.063672
113 0.188010 0.056860
114 0.179759 0.039389
115 0.187691 0.073044
116 0.186216 0.061129
117 0.200947 0.054181
118 0.198932 0.069496
119 0.192483 0.062149
120 0.183032 0.053457
121 0.221290 0.048087
122 0.199281 0.058720
123 0.213402 0.062770
124 0.205763 0.067534
125 0.194051 0.052820
126 0.233561 0.053907
127 0.204146 0.063813
128 0.224845 0.072616
129 0.227968 0.049660
130 0.245218 0.078310
131 0.222040 0.063973
132 0.237523 0.066276
133 0.247195 0.054711
134 0.239917 0.050659
135 0.224103 0.061250
136 0.214838 0.063546
137 0.248427 0.064115
138 0.248258 0.051870
139 0.260254 0.044894
140 0.240649 0.060590
141 0.251948 0.048077
142 0.277405 0.054389
143 0.240230 0.054129
144 0.259450 0.039106
145 0.257631 0.053251
146 0.265738 0.053632
147 0.248058 0.048284
148 0.269739 0.047883
149 0.296830 0.042653
150 0.282798 0.063558
151 0.290470 0.052290
152 0.286303 0.059951
153 0.311379 0.054718
154 0.252252 0.062667
155 0.299817 0.057641
156 0.273746 0.058482
157 0.291020 0.053665
158 0.315351 0.043457
159 0.267533 0.053131
160 0.306205 0.062386
161 0.325781 0.044870
162 0.301175 0.042978
163 0.308945 0.063021
164 0.289194 0.048303
165 0.308394 0.051737
166 0.308028 0.057424
167 0.301976 0.039873
168 0.313068 0.054230
169 0.316217 0.068700
170 0.323300 0.044213
171 0.316355 0.044797
172 0.315193 0.037998
173 0.313143 0.037854
174 0.312715 0.048867
175 0.323724 0.040238
176 0.299428 0.051348
177 0.328130 0.039759
178 0.313408 0.058336
179 0.320811 0.044394
180 0.300607 0.049688
181 0.322463 0.048843
182 0.320394 0.048715
183 0.326968 0.044029
184 0.340101 0.051197
185 0.333143 0.029707
186 0.330145 0.048618
187 0.319458 0.056164
188 0.325953 0.045846
189 0.314344 0.046707
190 0.325163 0.050883
191 0.345088 0.046365
192 0.337482 0.048468
193 0.354432 0.046515
194 0.350207 0.053001
195 0.352154 0.042672
196 0.363226 0.047825
197 0.340042 0.048862
198 0.354623 0.048053
199 0.359620 0.051332
200 0.355677 0.056266
201 0.360566 0.039185
202 0.349402 0.048818
203 0.366936 0.051542
204 0.370118 0.035852
205 0.354625 0.046225
206 0.351450 0.038391
207 0.352127 0.049597
208 0.364912 0.054950
209 0.375685 0.044705
210 0.371725 0.043161
211 0.373860 0.050515
212 0.387906 0.035336
213 0.374328 0.049294
214 0.359717 0.040479
215 0.365821 0.033411
216 0.376190 0.028732
217 0.359346 0.038020
218 0.351754 0.046076
219 0.355047 0.042490
220 0.367879 0.040462
221 0.384859 0.047770
222 0.365450 0.048179
223 0.366552 0.050574
224 0.394919 0.052311
225 0.382431 0.055369
226 0.382190 0.043598
227 0.375689 0.046314
228 0.386468 0.037202
229 0.382187 0.044144
230 0.382645 0.031794
231 0.393038 0.046988
232 0.371340 0.034595
233 0.385797 0.044764
234 0.386107 0.034167
235 0.391762 0.041840
236 0.394811 0.046247
237 0.384053 0.039032
238 0.393706 0.039628
239 0.411306 0.031068
240 0.407747 0.038643
241 0.413103 0.028332
242 0.389527 0.036347
243 0.401404 0.041840
244 0.400913 0.036911
245 0.396672 0.055090
246 0.401185 0.035955
247 0.399630 0.033729
248 0.401526 0.025444
249 0.399492 0.040770
250 0.406866 0.031419
251 0.409210 0.044988
252 0.400276 0.041330
253 0.411207 0.047271
254 0.425043 0.037853
255 0.402266 0.037260
256 0.413025 0.046650
257 0.406148 0.034834
258 0.398372 0.039237
259 0.409860 0.040690
260 0.405361 0.041606
261 0.407895 0.039126
262 0.415639 0.031573
263 0.419176 0.040087
264 0.413685 0.034154
265 0.416744 0.035749
266 0.420580 0.034048
267 0.418070 0.048009
268 0.404110 0.035905
269 0.423641 0.042015
270 0.412427 0.033867
271 0.416589 0.036194
272 0.421719 0.031499
273 0.424225 0.041789
274 0.420905 0.040942
275 0.397901 0.031768
276 0.433835 0.039509
277 0.429381 0.057427
278 0.424086 0.030116
279 0.419874 0.038257
280 0.426652 0.037230
281 0.401951 0.042904
282 0.417734 0.035862
283 0.430292 0.033524
284 0.429130 0.039071
285 0.400494 0.047918
286 0.405446 0.058701
287 0.421265 0.028673
288 0.427860 0.042818
289 0.425182 0.042935
290 0.432219 0.039300
291 0.432877 0.039956
292 0.417158 0.028783
293 0.429546 0.051882
294 0.431318 0.031252
295 0.426021 0.042117
296 0.418891 0.041658
297 0.423045 0.040136
298 0.435984 0.030744
299 0.439479 0.041163
300 0.424485 0.034635
301 0.426561 0.048851
302 0.432883 0.056292
303 0.450315 0.044535
304 0.429891 0.031564
305 0.434303 0.028721
306 0.450152 0.039921
307 0.435047 0.032108
308 0.435257 0.036615
309 0.452547 0.035584
310 0.442733 0.040979
311 0.434503 0.039646
312 0.457065 0.027231
313 0.428299 0.038058
314 0.446762 0.030065
315 0.444983 0.040728
316 0.455535 0.031529
317 0.444504 0.026365
318 0.446621 0.045840
319 0.443869 0.031799
320 0.439515 0.033610
321 0.434907 0.037522
322 0.451703 0.023946
323 0.445178 0.020265
324 0.436223 0.045269
325 0.441826 0.045299
326 0.448854 0.036815
327 0.441522 0.038202
328 0.449805 0.037972
329 0.453942 0.031698
330 0.456965 0.028378
331 0.445567 0.033614
332 0.455001 0.026057
333 0.446500 0.043218
334 0.444061 0.038125
335 0.456300 0.035211
336 0.449926 0.030494
337 0.446816 0.034307
338 0.459448 0.050308
339 0.456835 0.036366
340 0.457725 0.029600
341 0.468676 0.032523
342 0.452990 0.034877
343 0.456607 0.040606
344 0.453421 0.028574
345 0.466329 0.040220
346 0.462605 0.027540
347 0.445505 0.034790
348 0.458161 0.031682
349 0.464300 0.043121
350 0.449003 0.039133
351 0.455289 0.025515
352 0.460969 0.035682
353 0.455991 0.040317
354 0.455481 0.034441
355 0.459288 0.040092
356 0.462627 0.021188
357 0.456775 0.032599
358 0.472235 0.026579
359 0.458277 0.034957
360 0.474797 0.035856
361 0.447431 0.037833
362 0.457494 0.027803
363 0.460401 0.033834
364 0.470864 0.029066
365 0.465857 0.043469
366 0.471511 0.043751
367 0.464974 0.029743
368 0.468957 0.031861
369 0.462245 0.023501
370 0.452926 0.040687
371 0.466238 0.020203
372 0.466017 0.037933
373 0.475080 0.024719
374 0.484040 0.029795
375 0.465620 0.033446
376 0.467273 0.040406
377 0.460043 0.038895
378 0.468990 0.028526
379 0.472071 0.037217
380 0.459410 0.027082
381 0.475695 0.034599
382 0.466968 0.031141
383 0.493530 0.034068
384 0.482532 0.038296
385 0.489248 0.039439
386 0.468210 0.026207
387 0.479947 0.027818
388 0.470062 0.030222
389 0.473985 0.029671
390 0.466646 0.035484
391 0.469963 0.034179
392 0.478112 0.033782
393 0.488612 0.027403
394 0.486270 0.031643
395 0.471954 0.025537
396 0.483952 0.033269
397 0.479502 0.028619
398 0.474357 0.037633
399 0.483071 0.040868
400 0.476746 0.029916
