# Resultados para rota [4,11] (DE com fitness AGP)
# Formato: Load Probabilidade_Media Desvio_Padrao
1 0.000000 0.000000
2 0.000000 0.000000
3 0.000000 0.000000
4 0.000000 0.000000
5 0.000000 0.000000
6 0.000000 0.000000
7 0.000000 0.000000
8 0.000000 0.000000
9 0.000000 0.000000
10 0.000000 0.000000
11 0.000000 0.000000
12 0.000000 0.000000
13 0.000000 0.000000
14 0.001190 0.005189
15 0.000000 0.000000
16 0.005132 0.013216
17 0.003893 0.012621
18 0.016944 0.034287
19 0.047162 0.064256
20 0.042236 0.062200
21 0.021201 0.039334
22 0.036843 0.042242
23 0.063184 0.058280
24 0.087712 0.061124
25 0.092325 0.047418
26 0.094660 0.062726
27 0.140834 0.092221
28 0.129256 0.068571
29 0.112718 0.064040
30 0.179078 0.108343
31 0.181722 0.072630
32 0.173455 0.067529
33 0.202360 0.063055
34 0.183215 0.067349
35 0.234647 0.067156
36 0.211695 0.068323
37 0.238473 0.062605
38 0.250503 0.058942
39 0.232788 0.052593
40 0.277546 0.054413
41 0.282165 0.063453
42 0.287198 0.060135
43 0.311767 0.053799
44 0.290142 0.059278
45 0.336366 0.052352
46 0.316090 0.049840
47 0.299797 0.067263
48 0.334746 0.050709
49 0.363423 0.072032
50 0.349896 0.055914
51 0.352940 0.061502
52 0.368041 0.051964
53 0.365376 0.052948
54 0.364602 0.050688
55 0.383588 0.059766
56 0.395413 0.042027
57 0.401743 0.053762
58 0.389970 0.055362
59 0.384859 0.061066
60 0.410076 0.061756
61 0.424124 0.041549
62 0.404267 0.058089
63 0.409512 0.042630
64 0.422142 0.046938
65 0.430359 0.051271
66 0.445938 0.057140
67 0.429057 0.048316
68 0.431506 0.047907
69 0.462683 0.049614
70 0.455130 0.058027
71 0.470473 0.042699
72 0.461568 0.049077
73 0.480174 0.061149
74 0.470587 0.033703
75 0.482127 0.033269
76 0.475635 0.056534
77 0.479281 0.056146
78 0.485842 0.056377
79 0.469002 0.045680
80 0.493538 0.039727
81 0.491692 0.053448
82 0.512066 0.040565
83 0.510590 0.053352
84 0.510839 0.044292
85 0.495518 0.041565
86 0.503645 0.040070
87 0.501936 0.048669
88 0.519220 0.043711
89 0.515874 0.049237
90 0.513715 0.040867
91 0.534696 0.061304
92 0.524593 0.037114
93 0.519218 0.033511
94 0.538164 0.052620
95 0.521805 0.047413
96 0.530039 0.041943
97 0.538232 0.053702
98 0.558378 0.045762
99 0.522436 0.040642
100 0.552529 0.040954
101 0.551632 0.048451
102 0.561091 0.049880
103 0.549475 0.030180
104 0.565115 0.048362
105 0.564813 0.042340
106 0.559162 0.047071
107 0.559703 0.044495
108 0.541118 0.045027
109 0.552453 0.040899
110 0.575355 0.038410
111 0.577471 0.036523
112 0.564307 0.037573
113 0.552784 0.047919
114 0.566082 0.044516
115 0.553481 0.041164
116 0.584412 0.039383
117 0.581355 0.045080
118 0.577834 0.041021
119 0.590203 0.036257
120 0.593400 0.036126
121 0.577758 0.026976
122 0.575927 0.030469
123 0.599494 0.029769
124 0.574595 0.028627
125 0.593119 0.033151
126 0.580111 0.040297
127 0.570632 0.039349
128 0.602485 0.037053
129 0.584568 0.043981
130 0.600776 0.038961
131 0.587690 0.032931
132 0.601877 0.036241
133 0.604340 0.046072
134 0.603297 0.034451
135 0.613982 0.036661
136 0.612601 0.040696
137 0.609322 0.028776
138 0.609146 0.043163
139 0.603906 0.040572
140 0.607199 0.038347
141 0.601781 0.032982
142 0.608938 0.039670
143 0.615874 0.036504
144 0.615850 0.032609
145 0.599062 0.047320
146 0.608109 0.039823
147 0.599144 0.045705
148 0.623486 0.019997
149 0.616296 0.029783
150 0.628889 0.037414
151 0.623190 0.029422
152 0.627680 0.040377
153 0.613287 0.031947
154 0.630680 0.032051
155 0.622973 0.035737
156 0.637272 0.027499
157 0.622149 0.031721
158 0.631735 0.039031
159 0.639709 0.029029
160 0.624271 0.048330
161 0.636735 0.035337
162 0.631959 0.032507
163 0.628960 0.049010
164 0.640135 0.030314
165 0.630791 0.033449
166 0.632350 0.024556
167 0.635653 0.033870
168 0.630382 0.037802
169 0.637819 0.030392
170 0.643677 0.038503
171 0.650628 0.035187
172 0.639587 0.030952
173 0.651947 0.034120
174 0.637012 0.032294
175 0.634866 0.032011
176 0.652997 0.025189
177 0.646720 0.033707
178 0.659874 0.025657
179 0.650705 0.034963
180 0.649503 0.029743
181 0.652365 0.022836
182 0.645852 0.034855
183 0.664307 0.035541
184 0.643567 0.034862
185 0.649148 0.029101
186 0.641468 0.034108
187 0.659496 0.023623
188 0.659852 0.029293
189 0.662532 0.037972
190 0.668539 0.024887
191 0.657253 0.027510
192 0.660454 0.027689
193 0.662561 0.030176
194 0.659148 0.027947
195 0.650947 0.040173
196 0.655543 0.032622
197 0.665841 0.035821
198 0.665508 0.034306
199 0.657145 0.027496
200 0.669653 0.030850
201 0.658528 0.037310
202 0.658446 0.017584
203 0.677961 0.029850
204 0.665688 0.034533
205 0.672736 0.023758
206 0.665664 0.030723
207 0.681265 0.026780
208 0.680475 0.029056
209 0.669835 0.029662
210 0.683633 0.022970
211 0.672333 0.034587
212 0.669036 0.025545
213 0.663918 0.023534
214 0.678916 0.030430
215 0.677842 0.031716
216 0.680409 0.038382
217 0.675164 0.026063
218 0.687411 0.022496
219 0.675494 0.032532
220 0.677420 0.032994
221 0.676773 0.023647
222 0.674653 0.028778
223 0.679049 0.022985
224 0.679235 0.032823
225 0.683386 0.028714
226 0.673051 0.025206
227 0.674430 0.029778
228 0.679144 0.020250
229 0.681078 0.020518
230 0.682370 0.028504
231 0.668528 0.025411
232 0.686467 0.019501
233 0.679237 0.033978
234 0.684527 0.023619
235 0.685657 0.023457
236 0.685911 0.027404
237 0.679144 0.030681
238 0.678324 0.027094
239 0.670971 0.023120
240 0.694319 0.023796
241 0.679130 0.021376
242 0.691477 0.017825
243 0.683508 0.026216
244 0.689128 0.022993
245 0.692374 0.028525
246 0.691452 0.024412
247 0.696947 0.017462
248 0.689769 0.025045
249 0.697066 0.023326
250 0.682692 0.025068
251 0.689447 0.026617
252 0.677163 0.029229
253 0.702728 0.030045
254 0.682613 0.030788
255 0.694319 0.030167
256 0.690083 0.026939
257 0.692795 0.025785
258 0.703510 0.026802
259 0.687919 0.019588
260 0.692142 0.027109
261 0.697144 0.028419
262 0.692699 0.024346
263 0.683389 0.019839
264 0.695823 0.023986
265 0.696215 0.022797
266 0.693366 0.031224
267 0.696955 0.017206
268 0.686666 0.024583
269 0.701168 0.028868
270 0.688559 0.030535
271 0.703794 0.020429
272 0.700194 0.020249
273 0.693816 0.023534
274 0.696336 0.026633
275 0.688557 0.030051
276 0.695174 0.025121
277 0.712189 0.019984
278 0.706814 0.018001
279 0.697970 0.026738
280 0.699341 0.027364
281 0.711128 0.018852
282 0.709195 0.025998
283 0.699006 0.019524
284 0.700493 0.016313
285 0.703960 0.028286
286 0.718343 0.020124
287 0.708432 0.020284
288 0.699513 0.025369
289 0.701464 0.023697
290 0.692904 0.029185
291 0.706476 0.030625
292 0.717080 0.017514
293 0.711516 0.021839
294 0.707644 0.021312
295 0.710897 0.016918
296 0.706514 0.024248
297 0.713014 0.022729
298 0.713873 0.022633
299 0.712646 0.020318
300 0.713455 0.028159
301 0.703449 0.030463
302 0.705299 0.024230
303 0.708583 0.021757
304 0.717922 0.020410
305 0.715924 0.027089
306 0.712415 0.024865
307 0.705399 0.033163
308 0.708128 0.024582
309 0.709537 0.016186
310 0.707131 0.021704
311 0.709499 0.022017
312 0.707534 0.023766
313 0.719038 0.026923
314 0.714072 0.019439
315 0.718646 0.024252
316 0.707675 0.024038
317 0.712186 0.022765
318 0.716732 0.025005
319 0.708858 0.026034
320 0.709688 0.022113
321 0.706971 0.025942
322 0.715350 0.026572
323 0.722936 0.020872
324 0.715272 0.018320
325 0.720509 0.028194
326 0.714146 0.024119
327 0.727702 0.027194
328 0.717020 0.021187
329 0.715164 0.023034
330 0.714387 0.030765
331 0.711924 0.024040
332 0.727957 0.024683
333 0.705181 0.024752
334 0.719932 0.022731
335 0.718069 0.027791
336 0.724355 0.021500
337 0.725639 0.014425
338 0.722141 0.020854
339 0.712802 0.025706
340 0.707938 0.023015
341 0.713212 0.023344
342 0.716396 0.022716
343 0.722640 0.020006
344 0.723071 0.014157
345 0.718273 0.024450
346 0.721530 0.021787
347 0.716627 0.018918
348 0.720428 0.018862
349 0.722289 0.017810
350 0.724588 0.023942
351 0.725016 0.020590
352 0.721485 0.018947
353 0.725014 0.027372
354 0.724048 0.022214
355 0.718798 0.021561
356 0.711175 0.017158
357 0.722758 0.024570
358 0.723738 0.027672
359 0.721045 0.022816
360 0.729695 0.021868
361 0.729711 0.020597
362 0.722836 0.021120
363 0.716708 0.021541
364 0.722310 0.021995
365 0.724882 0.029653
366 0.724076 0.028338
367 0.713503 0.022166
368 0.722839 0.021384
369 0.736865 0.022297
370 0.728678 0.020631
371 0.727428 0.022490
372 0.730562 0.023008
373 0.729885 0.019896
374 0.722795 0.023463
375 0.735825 0.027611
376 0.728741 0.016430
377 0.731659 0.012637
378 0.723934 0.019921
379 0.728729 0.020072
380 0.721304 0.019242
381 0.722468 0.017362
382 0.738695 0.019905
383 0.726526 0.021958
384 0.724385 0.022881
385 0.733207 0.019638
386 0.724371 0.021391
387 0.731941 0.019467
388 0.722468 0.024089
389 0.731025 0.024057
390 0.727907 0.020685
391 0.728591 0.019128
392 0.727705 0.016776
393 0.728807 0.017807
394 0.730744 0.020571
395 0.734096 0.018297
396 0.724931 0.020803
397 0.731196 0.019488
398 0.731284 0.024813
399 0.729869 0.024132
400 0.729859 0.023139
