# TODAS AS PROBABILIDADES (20 SIMULAÇÕES)
# Requisição 2: [2,6]
# Modo: CONJUNTO
# Data: 2026-02-11 20:35:05
# ================================================================================
# Formato: Load | Sim1 | Sim2 | ... | Sim20 | Média | DesvioPadrão
# ================================================================================

Load   1 | 0.00000000 | 0.00000000 | 0.00000000 | 0.00000000 | 0.00000000 | 0.00000000 | 0.00000000 | 0.00000000 | 0.00000000 | 0.00000000 | 0.00000000 | 0.00000000 | 0.00000000 | 0.00000000 | 0.00000000 | 0.00000000 | 0.00000000 | 0.00000000 | 0.00000000 | 0.00000000 | 0.00000000 | 0.00000000
Load   2 | 0.00000000 | 0.00000000 | 0.00000000 | 0.00000000 | 0.00000000 | 0.00000000 | 0.00000000 | 0.00000000 | 0.00000000 | 0.00000000 | 0.00000000 | 0.00000000 | 0.00000000 | 0.00000000 | 0.00000000 | 0.00000000 | 0.00000000 | 0.00000000 | 0.00000000 | 0.00000000 | 0.00000000 | 0.00000000
Load   3 | 0.00000000 | 0.00000000 | 0.00000000 | 0.00000000 | 0.00000000 | 0.00000000 | 0.00000000 | 0.00000000 | 0.00000000 | 0.00000000 | 0.00000000 | 0.00000000 | 0.00000000 | 0.00000000 | 0.00000000 | 0.00000000 | 0.00000000 | 0.00000000 | 0.00000000 | 0.00000000 | 0.00000000 | 0.00000000
Load   4 | 0.00000000 | 0.00000000 | 0.00000000 | 0.00000000 | 0.00000000 | 0.00000000 | 0.00000000 | 0.00000000 | 0.00000000 | 0.00000000 | 0.00000000 | 0.00000000 | 0.00000000 | 0.00000000 | 0.00000000 | 0.00000000 | 0.00000000 | 0.00000000 | 0.00000000 | 0.00000000 | 0.00000000 | 0.00000000
Load   5 | 0.00000000 | 0.00000000 | 0.00000000 | 0.00000000 | 0.00000000 | 0.00000000 | 0.00000000 | 0.00000000 | 0.00000000 | 0.00000000 | 0.00000000 | 0.00000000 | 0.00000000 | 0.00000000 | 0.00000000 | 0.00000000 | 0.00000000 | 0.00000000 | 0.00000000 | 0.00000000 | 0.00000000 | 0.00000000
Load   6 | 0.00000000 | 0.00000000 | 0.00000000 | 0.00000000 | 0.00000000 | 0.00000000 | 0.00000000 | 0.00000000 | 0.00000000 | 0.00000000 | 0.00000000 | 0.00000000 | 0.00000000 | 0.00000000 | 0.00000000 | 0.00000000 | 0.00000000 | 0.00000000 | 0.00000000 | 0.00000000 | 0.00000000 | 0.00000000
Load   7 | 0.00000000 | 0.00000000 | 0.00000000 | 0.00000000 | 0.00000000 | 0.00000000 | 0.00000000 | 0.00000000 | 0.00000000 | 0.00000000 | 0.00000000 | 0.00000000 | 0.00000000 | 0.00000000 | 0.00000000 | 0.00000000 | 0.00000000 | 0.00000000 | 0.00000000 | 0.00000000 | 0.00000000 | 0.00000000
Load   8 | 0.00000000 | 0.00000000 | 0.00000000 | 0.00000000 | 0.00000000 | 0.00000000 | 0.00000000 | 0.00000000 | 0.00000000 | 0.00000000 | 0.00000000 | 0.00000000 | 0.00000000 | 0.00000000 | 0.00000000 | 0.00000000 | 0.00000000 | 0.00000000 | 0.00000000 | 0.00000000 | 0.00000000 | 0.00000000
Load   9 | 0.00000000 | 0.00000000 | 0.00000000 | 0.00000000 | 0.00000000 | 0.00000000 | 0.00000000 | 0.00000000 | 0.00000000 | 0.00000000 | 0.00000000 | 0.00000000 | 0.00000000 | 0.00000000 | 0.00000000 | 0.00000000 | 0.00000000 | 0.00000000 | 0.00000000 | 0.00000000 | 0.00000000 | 0.00000000
Load  10 | 0.00000000 | 0.00000000 | 0.00000000 | 0.00000000 | 0.00000000 | 0.00000000 | 0.00000000 | 0.00000000 | 0.00000000 | 0.00000000 | 0.00000000 | 0.00000000 | 0.00000000 | 0.00000000 | 0.00000000 | 0.00000000 | 0.00000000 | 0.00000000 | 0.00000000 | 0.00000000 | 0.00000000 | 0.00000000
Load  11 | 0.00000000 | 0.00000000 | 0.00000000 | 0.00000000 | 0.00000000 | 0.00000000 | 0.00000000 | 0.00000000 | 0.00000000 | 0.00000000 | 0.00000000 | 0.00000000 | 0.00000000 | 0.00000000 | 0.00000000 | 0.00000000 | 0.00000000 | 0.00000000 | 0.00000000 | 0.00000000 | 0.00000000 | 0.00000000
Load  12 | 0.00000000 | 0.00000000 | 0.00000000 | 0.00000000 | 0.00000000 | 0.00000000 | 0.00000000 | 0.00000000 | 0.00000000 | 0.00000000 | 0.00000000 | 0.00000000 | 0.00000000 | 0.00000000 | 0.00000000 | 0.00000000 | 0.00000000 | 0.00000000 | 0.00000000 | 0.00000000 | 0.00000000 | 0.00000000
Load  13 | 0.00000000 | 0.00000000 | 0.00000000 | 0.00000000 | 0.00000000 | 0.00000000 | 0.00000000 | 0.00000000 | 0.00000000 | 0.00000000 | 0.00000000 | 0.00000000 | 0.00000000 | 0.00000000 | 0.00000000 | 0.00000000 | 0.00000000 | 0.00000000 | 0.00000000 | 0.00000000 | 0.00000000 | 0.00000000
Load  14 | 0.00000000 | 0.00000000 | 0.00000000 | 0.00000000 | 0.00000000 | 0.00000000 | 0.00000000 | 0.00000000 | 0.00000000 | 0.00000000 | 0.00000000 | 0.00000000 | 0.00000000 | 0.00000000 | 0.00000000 | 0.00000000 | 0.00000000 | 0.00000000 | 0.00000000 | 0.00000000 | 0.00000000 | 0.00000000
Load  15 | 0.00000000 | 0.00000000 | 0.00000000 | 0.00000000 | 0.00000000 | 0.00000000 | 0.00000000 | 0.00000000 | 0.00000000 | 0.00000000 | 0.00000000 | 0.00000000 | 0.00000000 | 0.00000000 | 0.00000000 | 0.00000000 | 0.00000000 | 0.00000000 | 0.00000000 | 0.00000000 | 0.00000000 | 0.00000000
Load  16 | 0.00000000 | 0.00000000 | 0.00000000 | 0.00000000 | 0.00000000 | 0.00000000 | 0.00000000 | 0.00000000 | 0.00000000 | 0.00000000 | 0.00000000 | 0.00000000 | 0.00000000 | 0.00000000 | 0.00000000 | 0.00000000 | 0.00000000 | 0.00000000 | 0.00000000 | 0.00000000 | 0.00000000 | 0.00000000
Load  17 | 0.00000000 | 0.00000000 | 0.00000000 | 0.00000000 | 0.00000000 | 0.00000000 | 0.00000000 | 0.00000000 | 0.00000000 | 0.00000000 | 0.00000000 | 0.00000000 | 0.00000000 | 0.00000000 | 0.00000000 | 0.00000000 | 0.00000000 | 0.00000000 | 0.00000000 | 0.00000000 | 0.00000000 | 0.00000000
Load  18 | 0.00000000 | 0.00000000 | 0.00000000 | 0.00000000 | 0.00000000 | 0.00000000 | 0.00000000 | 0.00000000 | 0.00000000 | 0.00000000 | 0.00000000 | 0.00000000 | 0.00000000 | 0.00000000 | 0.00000000 | 0.00000000 | 0.00000000 | 0.00000000 | 0.00000000 | 0.00000000 | 0.00000000 | 0.00000000
Load  19 | 0.00000000 | 0.00000000 | 0.00000000 | 0.00000000 | 0.00000000 | 0.00000000 | 0.00000000 | 0.00000000 | 0.00000000 | 0.00000000 | 0.00000000 | 0.00000000 | 0.00000000 | 0.00000000 | 0.00000000 | 0.00000000 | 0.00000000 | 0.00000000 | 0.00000000 | 0.00000000 | 0.00000000 | 0.00000000
Load  20 | 0.00000000 | 0.00000000 | 0.00000000 | 0.00000000 | 0.00000000 | 0.00000000 | 0.00000000 | 0.00000000 | 0.00000000 | 0.00000000 | 0.00000000 | 0.00000000 | 0.00000000 | 0.00000000 | 0.00000000 | 0.00000000 | 0.00000000 | 0.00000000 | 0.00000000 | 0.00000000 | 0.00000000 | 0.00000000
Load  21 | 0.00000000 | 0.00000000 | 0.00000000 | 0.00000000 | 0.00000000 | 0.00000000 | 0.00000000 | 0.00000000 | 0.00000000 | 0.00000000 | 0.00000000 | 0.00000000 | 0.00000000 | 0.00000000 | 0.00000000 | 0.00000000 | 0.00000000 | 0.00000000 | 0.00000000 | 0.00000000 | 0.00000000 | 0.00000000
Load  22 | 0.00000000 | 0.00000000 | 0.00000000 | 0.00000000 | 0.00000000 | 0.00000000 | 0.00000000 | 0.00000000 | 0.00000000 | 0.00000000 | 0.00000000 | 0.00000000 | 0.00000000 | 0.00000000 | 0.00000000 | 0.00000000 | 0.00000000 | 0.00000000 | 0.00000000 | 0.00000000 | 0.00000000 | 0.00000000
Load  23 | 0.00000000 | 0.00000000 | 0.00000000 | 0.00000000 | 0.00000000 | 0.00000000 | 0.00000000 | 0.00000000 | 0.00000000 | 0.00000000 | 0.00000000 | 0.00000000 | 0.00000000 | 0.00000000 | 0.00000000 | 0.00000000 | 0.00000000 | 0.00000000 | 0.00000000 | 0.00000000 | 0.00000000 | 0.00000000
Load  24 | 0.00000000 | 0.00000000 | 0.00000000 | 0.00000000 | 0.00000000 | 0.00000000 | 0.00000000 | 0.00000000 | 0.00000000 | 0.00000000 | 0.00000000 | 0.00000000 | 0.00000000 | 0.00000000 | 0.00000000 | 0.00000000 | 0.00000000 | 0.00000000 | 0.00000000 | 0.00000000 | 0.00000000 | 0.00000000
Load  25 | 0.00000000 | 0.00000000 | 0.00000000 | 0.00000000 | 0.00000000 | 0.00000000 | 0.00000000 | 0.00000000 | 0.00000000 | 0.00000000 | 0.00000000 | 0.00000000 | 0.00000000 | 0.00000000 | 0.00000000 | 0.00000000 | 0.00000000 | 0.00000000 | 0.00000000 | 0.00000000 | 0.00000000 | 0.00000000
Load  26 | 0.00000000 | 0.00000000 | 0.00000000 | 0.00000000 | 0.00000000 | 0.00000000 | 0.00000000 | 0.00000000 | 0.00000000 | 0.00000000 | 0.00000000 | 0.00000000 | 0.00000000 | 0.00000000 | 0.00000000 | 0.00000000 | 0.00000000 | 0.00000000 | 0.00000000 | 0.00000000 | 0.00000000 | 0.00000000
Load  27 | 0.00000000 | 0.00000000 | 0.00000000 | 0.00000000 | 0.00000000 | 0.00000000 | 0.00000000 | 0.00000000 | 0.00000000 | 0.00000000 | 0.00000000 | 0.00000000 | 0.00000000 | 0.00000000 | 0.00000000 | 0.00000000 | 0.00000000 | 0.00000000 | 0.00000000 | 0.00000000 | 0.00000000 | 0.00000000
Load  28 | 0.00000000 | 0.00000000 | 0.00000000 | 0.00000000 | 0.00000000 | 0.00000000 | 0.00000000 | 0.00000000 | 0.00000000 | 0.00000000 | 0.00000000 | 0.00000000 | 0.00000000 | 0.00000000 | 0.00000000 | 0.00000000 | 0.00000000 | 0.00000000 | 0.00000000 | 0.00000000 | 0.00000000 | 0.00000000
Load  29 | 0.00000000 | 0.00000000 | 0.00000000 | 0.00000000 | 0.00000000 | 0.00000000 | 0.00000000 | 0.00000000 | 0.00000000 | 0.00000000 | 0.00000000 | 0.00000000 | 0.00000000 | 0.00000000 | 0.00000000 | 0.00000000 | 0.00000000 | 0.00000000 | 0.00000000 | 0.00000000 | 0.00000000 | 0.00000000
Load  30 | 0.00000000 | 0.00000000 | 0.00000000 | 0.00000000 | 0.00000000 | 0.00000000 | 0.00000000 | 0.00000000 | 0.00000000 | 0.00000000 | 0.00000000 | 0.00000000 | 0.00000000 | 0.00000000 | 0.00000000 | 0.00000000 | 0.00000000 | 0.00000000 | 0.00000000 | 0.00000000 | 0.00000000 | 0.00000000
Load  31 | 0.00000000 | 0.00000000 | 0.00000000 | 0.00000000 | 0.00000000 | 0.00000000 | 0.00000000 | 0.00000000 | 0.00000000 | 0.00000000 | 0.00000000 | 0.00000000 | 0.00000000 | 0.00000000 | 0.00000000 | 0.00000000 | 0.00000000 | 0.00000000 | 0.00000000 | 0.00000000 | 0.00000000 | 0.00000000
Load  32 | 0.00000000 | 0.00000000 | 0.00000000 | 0.00000000 | 0.00000000 | 0.00000000 | 0.00000000 | 0.00000000 | 0.00000000 | 0.00000000 | 0.00000000 | 0.00000000 | 0.00000000 | 0.00000000 | 0.00000000 | 0.00000000 | 0.00000000 | 0.00000000 | 0.00000000 | 0.00000000 | 0.00000000 | 0.00000000
Load  33 | 0.00000000 | 0.00000000 | 0.00000000 | 0.00000000 | 0.00000000 | 0.00000000 | 0.00000000 | 0.00000000 | 0.00000000 | 0.00000000 | 0.00000000 | 0.00000000 | 0.00000000 | 0.00000000 | 0.00000000 | 0.00000000 | 0.00000000 | 0.00000000 | 0.00000000 | 0.00000000 | 0.00000000 | 0.00000000
Load  34 | 0.00000000 | 0.00000000 | 0.00000000 | 0.00000000 | 0.00000000 | 0.00000000 | 0.00000000 | 0.00000000 | 0.00000000 | 0.00000000 | 0.00000000 | 0.00000000 | 0.00000000 | 0.00000000 | 0.00000000 | 0.00000000 | 0.00000000 | 0.00000000 | 0.00000000 | 0.00000000 | 0.00000000 | 0.00000000
Load  35 | 0.00000000 | 0.00000000 | 0.00000000 | 0.00000000 | 0.00000000 | 0.00000000 | 0.00000000 | 0.00000000 | 0.00000000 | 0.00000000 | 0.00000000 | 0.00000000 | 0.00000000 | 0.00000000 | 0.00000000 | 0.00000000 | 0.00000000 | 0.00000000 | 0.00000000 | 0.00000000 | 0.00000000 | 0.00000000
Load  36 | 0.00000000 | 0.00000000 | 0.00000000 | 0.00000000 | 0.00000000 | 0.00000000 | 0.00000000 | 0.00000000 | 0.00000000 | 0.00000000 | 0.00000000 | 0.00000000 | 0.00000000 | 0.00000000 | 0.00000000 | 0.00000000 | 0.00000000 | 0.00000000 | 0.00000000 | 0.00000000 | 0.00000000 | 0.00000000
Load  37 | 0.00000000 | 0.00000000 | 0.00000000 | 0.00000000 | 0.00000000 | 0.00000000 | 0.00000000 | 0.00000000 | 0.00000000 | 0.00000000 | 0.00000000 | 0.00000000 | 0.00000000 | 0.00000000 | 0.00000000 | 0.00000000 | 0.00000000 | 0.00000000 | 0.00000000 | 0.00000000 | 0.00000000 | 0.00000000
Load  38 | 0.00000000 | 0.00000000 | 0.00000000 | 0.00000000 | 0.00000000 | 0.00000000 | 0.00000000 | 0.00000000 | 0.00000000 | 0.00000000 | 0.00000000 | 0.00000000 | 0.00000000 | 0.00000000 | 0.00000000 | 0.00000000 | 0.00000000 | 0.00000000 | 0.00000000 | 0.00000000 | 0.00000000 | 0.00000000
Load  39 | 0.00000000 | 0.00000000 | 0.00000000 | 0.00000000 | 0.00000000 | 0.00000000 | 0.00000000 | 0.00000000 | 0.00000000 | 0.00000000 | 0.00000000 | 0.00000000 | 0.00000000 | 0.00000000 | 0.00000000 | 0.00000000 | 0.00000000 | 0.00000000 | 0.00000000 | 0.00000000 | 0.00000000 | 0.00000000
Load  40 | 0.00000000 | 0.00000000 | 0.00000000 | 0.00000000 | 0.00000000 | 0.00000000 | 0.00000000 | 0.00000000 | 0.00000000 | 0.00000000 | 0.00000000 | 0.00000000 | 0.00000000 | 0.00000000 | 0.00000000 | 0.00000000 | 0.00000000 | 0.00000000 | 0.00000000 | 0.00000000 | 0.00000000 | 0.00000000
Load  41 | 0.00000000 | 0.00000000 | 0.00000000 | 0.00000000 | 0.00000000 | 0.00000000 | 0.00000000 | 0.00000000 | 0.00000000 | 0.00000000 | 0.00000000 | 0.00000000 | 0.00000000 | 0.00000000 | 0.00000000 | 0.00000000 | 0.00000000 | 0.00000000 | 0.00000000 | 0.00000000 | 0.00000000 | 0.00000000
Load  42 | 0.00000000 | 0.00000000 | 0.00000000 | 0.00000000 | 0.00000000 | 0.00000000 | 0.00000000 | 0.00000000 | 0.00000000 | 0.00000000 | 0.00000000 | 0.00000000 | 0.00000000 | 0.00000000 | 0.00000000 | 0.00000000 | 0.00000000 | 0.00000000 | 0.00000000 | 0.00000000 | 0.00000000 | 0.00000000
Load  43 | 0.00000000 | 0.00000000 | 0.00000000 | 0.00000000 | 0.00000000 | 0.00000000 | 0.00000000 | 0.00000000 | 0.00000000 | 0.00000000 | 0.00000000 | 0.00000000 | 0.00000000 | 0.00000000 | 0.00000000 | 0.00000000 | 0.00000000 | 0.00000000 | 0.00000000 | 0.00000000 | 0.00000000 | 0.00000000
Load  44 | 0.00000000 | 0.00000000 | 0.00000000 | 0.00000000 | 0.00000000 | 0.00000000 | 0.00000000 | 0.00000000 | 0.00000000 | 0.00000000 | 0.00000000 | 0.00000000 | 0.00000000 | 0.00000000 | 0.00000000 | 0.00000000 | 0.00000000 | 0.00000000 | 0.00000000 | 0.00000000 | 0.00000000 | 0.00000000
Load  45 | 0.00000000 | 0.00000000 | 0.00000000 | 0.00000000 | 0.00000000 | 0.00000000 | 0.00000000 | 0.00000000 | 0.00000000 | 0.00000000 | 0.00000000 | 0.00000000 | 0.00000000 | 0.00000000 | 0.00000000 | 0.00000000 | 0.00000000 | 0.00000000 | 0.00000000 | 0.00000000 | 0.00000000 | 0.00000000
Load  46 | 0.00000000 | 0.00000000 | 0.00000000 | 0.00000000 | 0.00000000 | 0.00000000 | 0.00000000 | 0.00000000 | 0.00000000 | 0.00000000 | 0.00000000 | 0.00000000 | 0.00000000 | 0.00000000 | 0.00000000 | 0.00000000 | 0.00000000 | 0.00000000 | 0.00000000 | 0.00000000 | 0.00000000 | 0.00000000
Load  47 | 0.00000000 | 0.00000000 | 0.00000000 | 0.00000000 | 0.00000000 | 0.00000000 | 0.00000000 | 0.00000000 | 0.00000000 | 0.00000000 | 0.00000000 | 0.00000000 | 0.00000000 | 0.00000000 | 0.00000000 | 0.00000000 | 0.00000000 | 0.00000000 | 0.00000000 | 0.00000000 | 0.00000000 | 0.00000000
Load  48 | 0.00000000 | 0.00000000 | 0.00000000 | 0.00000000 | 0.00000000 | 0.00000000 | 0.00000000 | 0.00000000 | 0.00000000 | 0.00000000 | 0.00000000 | 0.00000000 | 0.00000000 | 0.00000000 | 0.00000000 | 0.00000000 | 0.00000000 | 0.00000000 | 0.00000000 | 0.00000000 | 0.00000000 | 0.00000000
Load  49 | 0.00000000 | 0.00000000 | 0.00000000 | 0.00000000 | 0.00000000 | 0.00000000 | 0.00000000 | 0.00000000 | 0.00000000 | 0.00000000 | 0.00000000 | 0.00000000 | 0.00000000 | 0.00000000 | 0.00000000 | 0.00000000 | 0.00000000 | 0.00000000 | 0.00000000 | 0.00000000 | 0.00000000 | 0.00000000
Load  50 | 0.00000000 | 0.00000000 | 0.00000000 | 0.00000000 | 0.00000000 | 0.00000000 | 0.00000000 | 0.00000000 | 0.00000000 | 0.00000000 | 0.00000000 | 0.00000000 | 0.00000000 | 0.00000000 | 0.00000000 | 0.00000000 | 0.00000000 | 0.00000000 | 0.00000000 | 0.00000000 | 0.00000000 | 0.00000000
Load  51 | 0.00000000 | 0.00000000 | 0.00000000 | 0.00000000 | 0.00000000 | 0.00000000 | 0.00000000 | 0.00000000 | 0.00000000 | 0.00000000 | 0.00000000 | 0.00000000 | 0.00000000 | 0.00000000 | 0.00000000 | 0.00000000 | 0.00000000 | 0.00000000 | 0.00000000 | 0.00000000 | 0.00000000 | 0.00000000
Load  52 | 0.00000000 | 0.00000000 | 0.00000000 | 0.00000000 | 0.00000000 | 0.00000000 | 0.00000000 | 0.00000000 | 0.00000000 | 0.00000000 | 0.00000000 | 0.00000000 | 0.00000000 | 0.00000000 | 0.00000000 | 0.00000000 | 0.00000000 | 0.00000000 | 0.00000000 | 0.00000000 | 0.00000000 | 0.00000000
Load  53 | 0.00000000 | 0.00000000 | 0.00000000 | 0.00000000 | 0.00000000 | 0.00000000 | 0.00000000 | 0.00000000 | 0.00000000 | 0.00000000 | 0.00000000 | 0.00000000 | 0.00000000 | 0.00000000 | 0.00000000 | 0.00000000 | 0.00000000 | 0.00000000 | 0.00000000 | 0.00000000 | 0.00000000 | 0.00000000
Load  54 | 0.00000000 | 0.00000000 | 0.00000000 | 0.00000000 | 0.00000000 | 0.00000000 | 0.00000000 | 0.00000000 | 0.00000000 | 0.00000000 | 0.00000000 | 0.00000000 | 0.00000000 | 0.00000000 | 0.00000000 | 0.00000000 | 0.00000000 | 0.00000000 | 0.00000000 | 0.00000000 | 0.00000000 | 0.00000000
Load  55 | 0.00000000 | 0.00000000 | 0.00000000 | 0.00000000 | 0.00000000 | 0.00000000 | 0.00000000 | 0.00269058 | 0.00000000 | 0.00088183 | 0.00000000 | 0.00000000 | 0.00000000 | 0.00000000 | 0.00000000 | 0.00000000 | 0.00277778 | 0.00000000 | 0.00000000 | 0.00000000 | 0.00031751 | 0.00082815
Load  56 | 0.00000000 | 0.00000000 | 0.00000000 | 0.00000000 | 0.00000000 | 0.00000000 | 0.00000000 | 0.00000000 | 0.00088261 | 0.00000000 | 0.00000000 | 0.00000000 | 0.00000000 | 0.00088183 | 0.00089847 | 0.00000000 | 0.00000000 | 0.00000000 | 0.00000000 | 0.00000000 | 0.00013315 | 0.00031696
Load  57 | 0.00000000 | 0.00000000 | 0.00000000 | 0.00090253 | 0.00000000 | 0.00086806 | 0.00000000 | 0.00000000 | 0.00000000 | 0.00000000 | 0.00000000 | 0.00000000 | 0.00000000 | 0.00000000 | 0.00086133 | 0.00000000 | 0.00000000 | 0.00000000 | 0.00000000 | 0.00000000 | 0.00013160 | 0.00031334
Load  58 | 0.00000000 | 0.00085985 | 0.00000000 | 0.00169348 | 0.00087873 | 0.00000000 | 0.00000000 | 0.00000000 | 0.00000000 | 0.00168492 | 0.00000000 | 0.00089047 | 0.00000000 | 0.00000000 | 0.00000000 | 0.00000000 | 0.00000000 | 0.00000000 | 0.00000000 | 0.00000000 | 0.00030037 | 0.00055708
Load  59 | 0.00083893 | 0.00000000 | 0.00000000 | 0.00000000 | 0.00000000 | 0.00237906 | 0.00000000 | 0.00000000 | 0.00082169 | 0.00000000 | 0.00000000 | 0.00000000 | 0.00079302 | 0.00000000 | 0.00000000 | 0.00000000 | 0.00000000 | 0.00000000 | 0.00000000 | 0.00000000 | 0.00024164 | 0.00057009
Load  60 | 0.00000000 | 0.00167224 | 0.00000000 | 0.00000000 | 0.00000000 | 0.00078989 | 0.00555997 | 0.00000000 | 0.00000000 | 0.00000000 | 0.00000000 | 0.00000000 | 0.00000000 | 0.00000000 | 0.00347826 | 0.00000000 | 0.00000000 | 0.00000000 | 0.00000000 | 0.00000000 | 0.00057502 | 0.00141101
Load  61 | 0.00248139 | 0.00077519 | 0.00000000 | 0.00000000 | 0.00000000 | 0.00000000 | 0.00000000 | 0.00083822 | 0.00000000 | 0.00000000 | 0.00000000 | 0.00000000 | 0.00000000 | 0.00000000 | 0.00000000 | 0.00000000 | 0.00000000 | 0.00396511 | 0.00000000 | 0.00083542 | 0.00044477 | 0.00099811
Load  62 | 0.00000000 | 0.00000000 | 0.00000000 | 0.00000000 | 0.00083612 | 0.00000000 | 0.00320513 | 0.00000000 | 0.00000000 | 0.00000000 | 0.00477327 | 0.00000000 | 0.00000000 | 0.00079554 | 0.00080972 | 0.00000000 | 0.00000000 | 0.00000000 | 0.00000000 | 0.00000000 | 0.00052099 | 0.00121688
Load  63 | 0.00000000 | 0.00000000 | 0.00000000 | 0.00000000 | 0.00078493 | 0.00153022 | 0.00327600 | 0.00078003 | 0.00000000 | 0.00000000 | 0.00233463 | 0.00300075 | 0.00000000 | 0.00155763 | 0.00000000 | 0.00000000 | 0.00000000 | 0.00000000 | 0.00074738 | 0.00080710 | 0.00074093 | 0.00103465
Load  64 | 0.00302115 | 0.00075301 | 0.00000000 | 0.00236035 | 0.00000000 | 0.00297177 | 0.00075758 | 0.00079745 | 0.00080192 | 0.00000000 | 0.00000000 | 0.00148368 | 0.00152207 | 0.00000000 | 0.00000000 | 0.00074129 | 0.00156372 | 0.00000000 | 0.00230769 | 0.00229358 | 0.00106876 | 0.00102965
Load  65 | 0.00076046 | 0.00000000 | 0.00000000 | 0.00079302 | 0.00075988 | 0.00079365 | 0.00151860 | 0.00076278 | 0.00000000 | 0.00000000 | 0.00000000 | 0.00000000 | 0.00149477 | 0.00000000 | 0.00000000 | 0.00081500 | 0.00296516 | 0.00156006 | 0.00077882 | 0.00079302 | 0.00068976 | 0.00074656
Load  66 | 0.00298954 | 0.00000000 | 0.00666173 | 0.00237906 | 0.00294768 | 0.00000000 | 0.00000000 | 0.00229533 | 0.00222883 | 0.00077821 | 0.00144300 | 0.00000000 | 0.00315706 | 0.00000000 | 0.00149365 | 0.00154321 | 0.00000000 | 0.00000000 | 0.00077942 | 0.00000000 | 0.00143484 | 0.00165228
Load  67 | 0.00362056 | 0.00074129 | 0.00226415 | 0.00000000 | 0.00432900 | 0.00000000 | 0.00148148 | 0.00229008 | 0.00078493 | 0.00156250 | 0.00147275 | 0.00226415 | 0.00153374 | 0.00000000 | 0.00074794 | 0.00383142 | 0.00075358 | 0.00000000 | 0.00289436 | 0.00648415 | 0.00185280 | 0.00166193
Load  68 | 0.00074738 | 0.00363108 | 0.00221893 | 0.00428878 | 0.00152905 | 0.00289645 | 0.00147275 | 0.00365230 | 0.00282486 | 0.00417827 | 0.00214746 | 0.00144613 | 0.00074627 | 0.00075019 | 0.00356633 | 0.00000000 | 0.00499643 | 0.00072939 | 0.00000000 | 0.00297398 | 0.00223980 | 0.00147109
Load  69 | 0.00349895 | 0.00362582 | 0.00515464 | 0.00154083 | 0.00441176 | 0.00214286 | 0.00288184 | 0.00000000 | 0.00070621 | 0.00076046 | 0.00274914 | 0.00776288 | 0.00000000 | 0.00149813 | 0.00072046 | 0.00147820 | 0.00000000 | 0.00071429 | 0.00439560 | 0.00071124 | 0.00223767 | 0.00200916
Load  70 | 0.00523169 | 0.00074460 | 0.00285103 | 0.00296077 | 0.00073746 | 0.00146306 | 0.00000000 | 0.00137457 | 0.00071174 | 0.00141044 | 0.00343171 | 0.00352113 | 0.00000000 | 0.00000000 | 0.00204499 | 0.00072464 | 0.01183020 | 0.00074349 | 0.00073421 | 0.00143369 | 0.00209747 | 0.00260657
Load  71 | 0.00343879 | 0.00708717 | 0.00280505 | 0.00478142 | 0.00283286 | 0.00282686 | 0.00000000 | 0.00443459 | 0.00069300 | 0.00497159 | 0.00072098 | 0.00071531 | 0.00000000 | 0.00145773 | 0.00277008 | 0.00421053 | 0.00141543 | 0.00627178 | 0.00142248 | 0.00216294 | 0.00275093 | 0.00198631
Load  72 | 0.00749319 | 0.01562500 | 0.00068399 | 0.00349650 | 0.00203666 | 0.00419874 | 0.00142450 | 0.00139665 | 0.00000000 | 0.00291121 | 0.00282087 | 0.00286533 | 0.00068306 | 0.00714286 | 0.00349650 | 0.00210526 | 0.00265076 | 0.00279720 | 0.00602007 | 0.00535117 | 0.00375998 | 0.00338013
Load  73 | 0.00552868 | 0.00406229 | 0.00518807 | 0.00268998 | 0.00450741 | 0.00349895 | 0.00209059 | 0.00270088 | 0.00070323 | 0.01663340 | 0.01028655 | 0.00472973 | 0.00281096 | 0.00341763 | 0.00070822 | 0.00282885 | 0.00071994 | 0.00072622 | 0.00725163 | 0.00142146 | 0.00412523 | 0.00370257
Load  74 | 0.00674764 | 0.00329164 | 0.00203252 | 0.00138408 | 0.00414651 | 0.00419287 | 0.00342936 | 0.00591327 | 0.01009421 | 0.00552868 | 0.00466978 | 0.00407056 | 0.00388853 | 0.00787402 | 0.00345781 | 0.00000000 | 0.00000000 | 0.00068027 | 0.00000000 | 0.00323834 | 0.00373200 | 0.00260978
Load  75 | 0.00259909 | 0.01179554 | 0.00131234 | 0.00668449 | 0.00193299 | 0.00451904 | 0.00721785 | 0.01324042 | 0.00266667 | 0.00267559 | 0.00540176 | 0.00264550 | 0.00270819 | 0.00528053 | 0.00913838 | 0.00273598 | 0.00138889 | 0.00643915 | 0.00596026 | 0.01091142 | 0.00536270 | 0.00348801
Load  76 | 0.01527689 | 0.00337382 | 0.00717547 | 0.00697085 | 0.00547570 | 0.00332226 | 0.00999334 | 0.00471063 | 0.00733823 | 0.00735294 | 0.00690955 | 0.01054713 | 0.00628931 | 0.01032924 | 0.00370599 | 0.00454841 | 0.01267512 | 0.00535117 | 0.00803751 | 0.00874243 | 0.00740630 | 0.00307208
Load  77 | 0.00780742 | 0.00328731 | 0.00696643 | 0.00750341 | 0.00260926 | 0.00641026 | 0.00873069 | 0.00388601 | 0.00133333 | 0.00666223 | 0.01209421 | 0.01022364 | 0.00273598 | 0.00307692 | 0.00706033 | 0.00625000 | 0.00319898 | 0.00836013 | 0.00673401 | 0.01246719 | 0.00636989 | 0.00306622
Load  78 | 0.00968992 | 0.00733496 | 0.01386139 | 0.00453956 | 0.00820707 | 0.00960922 | 0.00508906 | 0.00556931 | 0.00258900 | 0.00659196 | 0.00714750 | 0.00194805 | 0.00692259 | 0.00749532 | 0.01536570 | 0.00813517 | 0.00888325 | 0.00868403 | 0.00546780 | 0.00760938 | 0.00753701 | 0.00311825
Load  79 | 0.00371287 | 0.00567108 | 0.01228501 | 0.00447284 | 0.00917431 | 0.00572884 | 0.00495050 | 0.01183064 | 0.01267351 | 0.01390645 | 0.00312305 | 0.00000000 | 0.00986842 | 0.00564617 | 0.00555213 | 0.00444162 | 0.01167793 | 0.00574713 | 0.00249066 | 0.01060512 | 0.00717791 | 0.00387001
Load  80 | 0.00766284 | 0.00828402 | 0.00630915 | 0.00321543 | 0.01085568 | 0.00757098 | 0.00374532 | 0.01030928 | 0.00828025 | 0.01670792 | 0.00323415 | 0.01312649 | 0.00950570 | 0.00062893 | 0.01301922 | 0.00848010 | 0.01857585 | 0.01108937 | 0.01086957 | 0.00757576 | 0.00895230 | 0.00433770
Load  81 | 0.00452196 | 0.00434783 | 0.00688360 | 0.01144310 | 0.01245330 | 0.00905250 | 0.00684932 | 0.00743494 | 0.00809465 | 0.01837110 | 0.00831354 | 0.01094891 | 0.01248514 | 0.00924784 | 0.00660264 | 0.00741656 | 0.00728597 | 0.00445010 | 0.00739372 | 0.00616523 | 0.00848810 | 0.00326749
Load  82 | 0.01156421 | 0.01227352 | 0.00923077 | 0.01037851 | 0.01998824 | 0.01765745 | 0.02123995 | 0.01350482 | 0.00665860 | 0.01961950 | 0.00540541 | 0.01418440 | 0.01379310 | 0.01404151 | 0.01380552 | 0.00423985 | 0.00771513 | 0.00776119 | 0.00557621 | 0.01345566 | 0.01210468 | 0.00489503
Load  83 | 0.01096998 | 0.01442308 | 0.00609013 | 0.01230228 | 0.02032020 | 0.00991940 | 0.00746733 | 0.01350558 | 0.01040392 | 0.01966627 | 0.00838826 | 0.01355333 | 0.00558659 | 0.01461134 | 0.01289926 | 0.01798144 | 0.01420118 | 0.01282051 | 0.00800493 | 0.00956366 | 0.01213393 | 0.00404157
Load  84 | 0.00728597 | 0.02206321 | 0.01062574 | 0.01467890 | 0.00556931 | 0.01424501 | 0.02082094 | 0.02201071 | 0.00597015 | 0.01579871 | 0.01642336 | 0.01056338 | 0.01412596 | 0.01686047 | 0.01290323 | 0.02286402 | 0.00476758 | 0.01374776 | 0.02101576 | 0.01490826 | 0.01436242 | 0.00552206
Load  85 | 0.01923077 | 0.01262192 | 0.01196888 | 0.01633803 | 0.01760563 | 0.01828571 | 0.01827830 | 0.00764256 | 0.01092233 | 0.01821494 | 0.01731343 | 0.02501454 | 0.01480166 | 0.02204176 | 0.01225919 | 0.01509872 | 0.01640305 | 0.01301005 | 0.01142514 | 0.01200000 | 0.01552383 | 0.00405568
Load  86 | 0.02774632 | 0.01291080 | 0.02143685 | 0.01871345 | 0.02232667 | 0.01590106 | 0.00690052 | 0.01092233 | 0.02034710 | 0.01467269 | 0.02387562 | 0.02385009 | 0.00536993 | 0.01420118 | 0.00714286 | 0.01827040 | 0.01567034 | 0.01131626 | 0.01747234 | 0.01815088 | 0.01635988 | 0.00593067
Load  87 | 0.01169591 | 0.01549943 | 0.02328160 | 0.01882487 | 0.01051402 | 0.01352146 | 0.02464986 | 0.01716992 | 0.00880282 | 0.01221640 | 0.02556976 | 0.00798036 | 0.01445922 | 0.00658683 | 0.03385128 | 0.02508751 | 0.01561629 | 0.02804262 | 0.02609661 | 0.02814570 | 0.01838062 | 0.00770627
Load  88 | 0.01567944 | 0.01603666 | 0.02557127 | 0.02245250 | 0.02044293 | 0.02170188 | 0.01612903 | 0.02250433 | 0.02064897 | 0.01722090 | 0.01315037 | 0.01852892 | 0.00955593 | 0.01273499 | 0.01878453 | 0.01984564 | 0.01382488 | 0.02625698 | 0.02038567 | 0.02643420 | 0.01889450 | 0.00453184
Load  89 | 0.02107062 | 0.02670300 | 0.01996477 | 0.00970320 | 0.01513388 | 0.01805869 | 0.02333333 | 0.02863436 | 0.02716469 | 0.02716186 | 0.02890173 | 0.01236021 | 0.03157290 | 0.02334419 | 0.00789622 | 0.01739618 | 0.01051402 | 0.01618497 | 0.01673173 | 0.02172637 | 0.02017785 | 0.00678752
Load  90 | 0.01970443 | 0.03003337 | 0.02403577 | 0.02105862 | 0.02025886 | 0.03055556 | 0.01760363 | 0.01659292 | 0.02028169 | 0.02356902 | 0.02558272 | 0.03776596 | 0.02245345 | 0.02557127 | 0.02528862 | 0.01527149 | 0.02177554 | 0.02559913 | 0.01577465 | 0.03132118 | 0.02350490 | 0.00560732
Load  91 | 0.01629549 | 0.01204819 | 0.03102885 | 0.02555911 | 0.01080774 | 0.02964531 | 0.02738163 | 0.02777778 | 0.01754386 | 0.04226125 | 0.02658709 | 0.02477114 | 0.01490826 | 0.01698754 | 0.03780618 | 0.02064096 | 0.01839201 | 0.02879291 | 0.01528879 | 0.02062401 | 0.02325740 | 0.00816241
Load  92 | 0.03091684 | 0.03792735 | 0.01911524 | 0.02801268 | 0.03942461 | 0.02663707 | 0.03256807 | 0.02668845 | 0.02677596 | 0.01686341 | 0.03872318 | 0.03573423 | 0.02559913 | 0.02643420 | 0.01727982 | 0.03089431 | 0.02990756 | 0.01884701 | 0.02728227 | 0.03035320 | 0.02829923 | 0.00657452
Load  93 | 0.02786540 | 0.02257336 | 0.02893013 | 0.03720930 | 0.02649709 | 0.03046790 | 0.02235551 | 0.01683867 | 0.04729012 | 0.03272727 | 0.02627346 | 0.03031944 | 0.03025478 | 0.04008667 | 0.03871320 | 0.01544402 | 0.02561366 | 0.04287190 | 0.03396029 | 0.03177167 | 0.03040319 | 0.00796069
Load  94 | 0.03186405 | 0.02062975 | 0.02905441 | 0.02554550 | 0.01684783 | 0.01733781 | 0.02847755 | 0.02993052 | 0.04338624 | 0.02342443 | 0.05007744 | 0.03726391 | 0.02792990 | 0.03379828 | 0.02013058 | 0.03641161 | 0.02331606 | 0.03669251 | 0.02459016 | 0.03629857 | 0.02965036 | 0.00848271
Load  95 | 0.03409669 | 0.03025561 | 0.02531646 | 0.04306460 | 0.02845100 | 0.04384134 | 0.03031944 | 0.04311251 | 0.03890041 | 0.02882600 | 0.02828175 | 0.04716981 | 0.03159041 | 0.02947260 | 0.02879581 | 0.03435711 | 0.03800857 | 0.02659280 | 0.02642487 | 0.02300110 | 0.03299394 | 0.00683857
Load  96 | 0.01828940 | 0.03864734 | 0.04284977 | 0.03561935 | 0.03178879 | 0.04505888 | 0.03316062 | 0.03271768 | 0.02052632 | 0.03661681 | 0.02461209 | 0.04842865 | 0.03742752 | 0.05590387 | 0.03062361 | 0.03083923 | 0.02981896 | 0.04020888 | 0.03188709 | 0.02925532 | 0.03471401 | 0.00880152
Load  97 | 0.03655352 | 0.05197505 | 0.03422854 | 0.03359173 | 0.03024090 | 0.05376884 | 0.03421462 | 0.04808687 | 0.03776683 | 0.03420523 | 0.05073567 | 0.04206792 | 0.05356241 | 0.03973510 | 0.04126337 | 0.04363450 | 0.03795547 | 0.04956566 | 0.03193717 | 0.03491402 | 0.04100017 | 0.00753926
Load  98 | 0.03434343 | 0.04949495 | 0.04520342 | 0.03739262 | 0.05823793 | 0.03573252 | 0.04034291 | 0.03569554 | 0.05762712 | 0.04352176 | 0.04284222 | 0.02689873 | 0.04695562 | 0.03755869 | 0.03225806 | 0.04925373 | 0.03516820 | 0.04141414 | 0.05182626 | 0.03074597 | 0.04162569 | 0.00844464
Load  99 | 0.03567889 | 0.05589744 | 0.03034901 | 0.03952569 | 0.03287381 | 0.02992126 | 0.04874446 | 0.04452405 | 0.04575835 | 0.03679761 | 0.03803804 | 0.04384654 | 0.04345654 | 0.05353535 | 0.04614629 | 0.03571429 | 0.02613065 | 0.02987267 | 0.03975535 | 0.05424063 | 0.04054035 | 0.00842424
Load 100 | 0.02823409 | 0.03656679 | 0.04958678 | 0.05589124 | 0.04612365 | 0.04479114 | 0.05296714 | 0.06380857 | 0.03370221 | 0.03995902 | 0.05046546 | 0.03656679 | 0.05039526 | 0.03840246 | 0.03802083 | 0.03270312 | 0.04780299 | 0.04083617 | 0.03897436 | 0.03664921 | 0.04312236 | 0.00865374
Load 101 | 0.05474096 | 0.04662698 | 0.05722461 | 0.05367089 | 0.06624452 | 0.05710102 | 0.04011887 | 0.04173187 | 0.04517059 | 0.06026558 | 0.03671596 | 0.04432271 | 0.03864971 | 0.04423868 | 0.04072832 | 0.04652352 | 0.05604288 | 0.04764244 | 0.04738401 | 0.05385003 | 0.04894971 | 0.00780700
Load 102 | 0.05344655 | 0.05600380 | 0.04651163 | 0.05110565 | 0.05433186 | 0.04689042 | 0.06732580 | 0.04316198 | 0.05897051 | 0.04443359 | 0.04719764 | 0.04691358 | 0.04943357 | 0.03782735 | 0.04613095 | 0.04305978 | 0.07040230 | 0.04899559 | 0.05999032 | 0.05416051 | 0.05131467 | 0.00799052
Load 103 | 0.04110946 | 0.05949008 | 0.04827260 | 0.06712734 | 0.04619165 | 0.04971591 | 0.06362312 | 0.05409357 | 0.04714142 | 0.03463203 | 0.07726161 | 0.06199332 | 0.05571848 | 0.06099291 | 0.04170708 | 0.03490659 | 0.07077206 | 0.05193533 | 0.07553444 | 0.05653207 | 0.05493755 | 0.01205443
Load 104 | 0.06108706 | 0.05142018 | 0.07056639 | 0.04663721 | 0.07400555 | 0.07631456 | 0.05711520 | 0.06327900 | 0.06244218 | 0.04941860 | 0.04692082 | 0.05121951 | 0.05692695 | 0.07198825 | 0.05097666 | 0.05571031 | 0.04166667 | 0.05465779 | 0.07290168 | 0.04761905 | 0.05814368 | 0.01020037
Load 105 | 0.05974395 | 0.05087209 | 0.06137517 | 0.06044986 | 0.06025222 | 0.05014749 | 0.07226654 | 0.06666667 | 0.04516446 | 0.06205924 | 0.09161704 | 0.05593385 | 0.05285512 | 0.05312209 | 0.05162524 | 0.08649886 | 0.06291391 | 0.05836951 | 0.07480496 | 0.05357143 | 0.06151548 | 0.01164998
Load 106 | 0.06488011 | 0.04385129 | 0.06568998 | 0.06231743 | 0.06609605 | 0.08724203 | 0.05207329 | 0.06736742 | 0.07008704 | 0.08371878 | 0.06043437 | 0.04457364 | 0.04709800 | 0.05910391 | 0.04634496 | 0.07706592 | 0.06200466 | 0.06577693 | 0.06285444 | 0.05874191 | 0.06236611 | 0.01162187
Load 107 | 0.05013928 | 0.06682028 | 0.05871301 | 0.07623106 | 0.05724838 | 0.06537186 | 0.05591497 | 0.05896116 | 0.05785877 | 0.08298563 | 0.07066975 | 0.04973443 | 0.07895959 | 0.04322487 | 0.05824790 | 0.06666667 | 0.05740741 | 0.06158759 | 0.04287046 | 0.07202216 | 0.06158176 | 0.01072553
Load 108 | 0.08550855 | 0.05783582 | 0.06722689 | 0.06146572 | 0.08794788 | 0.05728924 | 0.07391911 | 0.05942911 | 0.08410801 | 0.05893358 | 0.04101097 | 0.05281008 | 0.06709265 | 0.07196262 | 0.06588785 | 0.04362257 | 0.05248619 | 0.06510775 | 0.05202044 | 0.06088207 | 0.06332735 | 0.01246741
Load 109 | 0.08511567 | 0.09769335 | 0.07075024 | 0.05873926 | 0.06762390 | 0.06909091 | 0.07126437 | 0.08502940 | 0.07519136 | 0.07563025 | 0.06278855 | 0.07078449 | 0.08191440 | 0.06261510 | 0.07555970 | 0.07334274 | 0.06487696 | 0.05927953 | 0.07110507 | 0.07152810 | 0.07249617 | 0.00929162
Load 110 | 0.08950328 | 0.07097934 | 0.07681756 | 0.06926606 | 0.08494031 | 0.08476105 | 0.07851240 | 0.07201087 | 0.08790718 | 0.07304669 | 0.05722071 | 0.08089888 | 0.06963420 | 0.07318182 | 0.06385022 | 0.07162285 | 0.07101124 | 0.05944700 | 0.06847426 | 0.04952830 | 0.07263071 | 0.01001027
Load 111 | 0.06387868 | 0.09140027 | 0.08524002 | 0.08406467 | 0.07980600 | 0.08600713 | 0.07904085 | 0.07127145 | 0.07308378 | 0.07737557 | 0.06631064 | 0.07093185 | 0.07435782 | 0.07266910 | 0.06404175 | 0.07692308 | 0.07142857 | 0.09887251 | 0.07779800 | 0.06028369 | 0.07623927 | 0.00938482
Load 112 | 0.09078591 | 0.08262236 | 0.09301310 | 0.09318681 | 0.06439212 | 0.06162843 | 0.09079062 | 0.07720758 | 0.08978873 | 0.09499136 | 0.07753655 | 0.09269162 | 0.06654595 | 0.08754513 | 0.07432132 | 0.07964206 | 0.09039301 | 0.06793478 | 0.07932804 | 0.08621464 | 0.08202801 | 0.01034462
Load 113 | 0.10967454 | 0.08975521 | 0.09764603 | 0.08531223 | 0.11402027 | 0.08038445 | 0.09324209 | 0.11026616 | 0.06540765 | 0.09878683 | 0.07897072 | 0.08768741 | 0.08193833 | 0.09656652 | 0.10951760 | 0.09437229 | 0.10048267 | 0.09442994 | 0.07921673 | 0.07685473 | 0.09222662 | 0.01263888
Load 114 | 0.09646443 | 0.08036891 | 0.08257279 | 0.08901433 | 0.10087719 | 0.08141054 | 0.09715536 | 0.09033989 | 0.06998239 | 0.07497820 | 0.08849955 | 0.11583825 | 0.07473776 | 0.07046070 | 0.08355917 | 0.09063313 | 0.09934641 | 0.08572672 | 0.08340728 | 0.08775878 | 0.08715659 | 0.01090716
Load 115 | 0.09960682 | 0.10750853 | 0.10561202 | 0.08699473 | 0.08672329 | 0.09769865 | 0.08701243 | 0.13909774 | 0.08385650 | 0.10488627 | 0.09260061 | 0.12106136 | 0.10606703 | 0.08233732 | 0.08894760 | 0.09741115 | 0.08042279 | 0.10435533 | 0.07905315 | 0.08776481 | 0.09695091 | 0.01449356
Load 116 | 0.08454313 | 0.10052219 | 0.08118557 | 0.10428386 | 0.07751938 | 0.10802603 | 0.07374101 | 0.08408797 | 0.11087144 | 0.10778443 | 0.07305337 | 0.10451505 | 0.10396894 | 0.09436379 | 0.08398268 | 0.08705067 | 0.09748954 | 0.08996987 | 0.10761378 | 0.11210191 | 0.09433373 | 0.01262992
Load 117 | 0.07858720 | 0.10299870 | 0.09500663 | 0.08860215 | 0.09949410 | 0.08428150 | 0.08699397 | 0.09577710 | 0.10270735 | 0.11747117 | 0.08862378 | 0.09906859 | 0.10035057 | 0.10090167 | 0.08090075 | 0.09973166 | 0.11004983 | 0.11417972 | 0.11752317 | 0.09262436 | 0.09779370 | 0.01102606
Load 118 | 0.11217283 | 0.10717264 | 0.09835374 | 0.08996089 | 0.09232060 | 0.09878100 | 0.11350885 | 0.10269151 | 0.11490425 | 0.10875882 | 0.11074105 | 0.09186684 | 0.08325873 | 0.08028887 | 0.10983135 | 0.09079062 | 0.09377664 | 0.07838071 | 0.08739130 | 0.10237893 | 0.09836651 | 0.01118335
Load 119 | 0.10242475 | 0.10771771 | 0.08648881 | 0.09860312 | 0.11213005 | 0.10346339 | 0.08908781 | 0.09867330 | 0.06910039 | 0.11693895 | 0.12071104 | 0.10324729 | 0.09556314 | 0.11721007 | 0.11693210 | 0.11097205 | 0.14532020 | 0.11316010 | 0.09991424 | 0.13843058 | 0.10730445 | 0.01668982
Load 120 | 0.07169811 | 0.12133891 | 0.10919056 | 0.14374757 | 0.09937107 | 0.10071041 | 0.10314263 | 0.10373104 | 0.11658249 | 0.09539610 | 0.09650655 | 0.11005771 | 0.09249045 | 0.10789582 | 0.11482085 | 0.11355932 | 0.13976772 | 0.10365609 | 0.08753773 | 0.09781210 | 0.10645066 | 0.01602164
Load 121 | 0.10218978 | 0.10101010 | 0.12338474 | 0.12243254 | 0.10402685 | 0.13213703 | 0.14059900 | 0.11464708 | 0.09788136 | 0.10346302 | 0.10066834 | 0.11256117 | 0.13538206 | 0.09244060 | 0.08941375 | 0.12434817 | 0.12314854 | 0.15463918 | 0.11558219 | 0.09754064 | 0.11437481 | 0.01702027
Load 122 | 0.11436711 | 0.11836238 | 0.09419680 | 0.10144928 | 0.12210953 | 0.14479081 | 0.10305958 | 0.10041494 | 0.11944558 | 0.11876585 | 0.10983135 | 0.14694357 | 0.11022965 | 0.09437156 | 0.09424520 | 0.12670957 | 0.10245078 | 0.11680672 | 0.11453561 | 0.15105008 | 0.11520680 | 0.01655048
Load 123 | 0.13612774 | 0.15601966 | 0.11138411 | 0.13027597 | 0.11281844 | 0.12106339 | 0.12213115 | 0.11878010 | 0.11393939 | 0.13489853 | 0.12545381 | 0.10473398 | 0.12219044 | 0.11562116 | 0.13636364 | 0.13976705 | 0.12389381 | 0.09442790 | 0.11488673 | 0.12270689 | 0.12287419 | 0.01329925
Load 124 | 0.12288967 | 0.08966695 | 0.11709801 | 0.11687243 | 0.12845528 | 0.11882845 | 0.14020537 | 0.13832739 | 0.12724239 | 0.12861736 | 0.11281626 | 0.14463640 | 0.14045618 | 0.14120463 | 0.11299669 | 0.13956216 | 0.12778236 | 0.13104275 | 0.11570248 | 0.12831858 | 0.12613609 | 0.01297284
Load 125 | 0.09672131 | 0.13738920 | 0.13285884 | 0.11423909 | 0.13101496 | 0.13147567 | 0.15821578 | 0.12783172 | 0.11873554 | 0.13035019 | 0.14990291 | 0.12505092 | 0.12874494 | 0.13751987 | 0.12104647 | 0.13854209 | 0.12495119 | 0.11393939 | 0.14758463 | 0.12333594 | 0.12947253 | 0.01344075
Load 126 | 0.13750985 | 0.13189448 | 0.13413686 | 0.13647152 | 0.14205906 | 0.13455538 | 0.13415605 | 0.14251110 | 0.14573055 | 0.12233400 | 0.12899160 | 0.11177885 | 0.12389006 | 0.11672684 | 0.12585998 | 0.11778471 | 0.14634146 | 0.14416567 | 0.12830636 | 0.12942122 | 0.13173128 | 0.00971861
Load 127 | 0.13903527 | 0.13528265 | 0.13471503 | 0.13462314 | 0.14905878 | 0.14086749 | 0.13021442 | 0.12589928 | 0.13385519 | 0.17539167 | 0.12524694 | 0.13357257 | 0.13791749 | 0.14175951 | 0.14567233 | 0.12347188 | 0.16086620 | 0.15003897 | 0.11111111 | 0.13870593 | 0.13836529 | 0.01348793
Load 128 | 0.13354281 | 0.15648112 | 0.18019727 | 0.14346979 | 0.13506086 | 0.12382445 | 0.11271082 | 0.14963078 | 0.16692547 | 0.13368125 | 0.12544379 | 0.13656388 | 0.11795918 | 0.14168937 | 0.13459314 | 0.17015504 | 0.14863813 | 0.13754359 | 0.16401088 | 0.14643852 | 0.14292801 | 0.01733155
Load 129 | 0.15163297 | 0.15015723 | 0.16988569 | 0.13987392 | 0.13966261 | 0.13748080 | 0.16372512 | 0.14170196 | 0.15343714 | 0.13330680 | 0.16973338 | 0.14764079 | 0.11636219 | 0.13335866 | 0.14019802 | 0.15614103 | 0.13824192 | 0.14849551 | 0.14461066 | 0.16114286 | 0.14683946 | 0.01292888
Load 130 | 0.15348656 | 0.16311787 | 0.15139752 | 0.15268987 | 0.15626197 | 0.12293144 | 0.13833396 | 0.16026909 | 0.12257041 | 0.14479814 | 0.16653816 | 0.16685671 | 0.14472212 | 0.15561518 | 0.15849923 | 0.13315217 | 0.18912797 | 0.13951645 | 0.14546160 | 0.14600760 | 0.15056770 | 0.01521588
Load 131 | 0.17473118 | 0.14391967 | 0.14411315 | 0.13779831 | 0.17651515 | 0.16055046 | 0.15984556 | 0.16623280 | 0.16417910 | 0.14616553 | 0.15175841 | 0.15877226 | 0.15771558 | 0.16723292 | 0.17638266 | 0.12344689 | 0.16187595 | 0.16130283 | 0.12678288 | 0.16475973 | 0.15620405 | 0.01469051
Load 132 | 0.17802198 | 0.16679419 | 0.15990819 | 0.13920241 | 0.15616544 | 0.15489661 | 0.14054054 | 0.16006098 | 0.15846154 | 0.14167975 | 0.15273556 | 0.13822976 | 0.13779528 | 0.15928869 | 0.17651487 | 0.14188935 | 0.16635161 | 0.18065764 | 0.15750094 | 0.17588707 | 0.15712912 | 0.01367994
Load 133 | 0.16280835 | 0.17537313 | 0.16929429 | 0.18398825 | 0.17887931 | 0.16786118 | 0.15269461 | 0.15334855 | 0.16529235 | 0.16013438 | 0.14827202 | 0.15060698 | 0.15560821 | 0.16976127 | 0.19067012 | 0.17328918 | 0.19005848 | 0.15125421 | 0.17789356 | 0.16092389 | 0.16690062 | 0.01275965
Load 134 | 0.16990826 | 0.13820523 | 0.17902150 | 0.17227357 | 0.15964192 | 0.17446964 | 0.17622642 | 0.18320896 | 0.17894737 | 0.16276435 | 0.15437788 | 0.17832957 | 0.15933457 | 0.16172107 | 0.16317530 | 0.19126669 | 0.16994701 | 0.15997051 | 0.16917293 | 0.17859806 | 0.16902804 | 0.01166464
Load 135 | 0.18048423 | 0.16412922 | 0.18443070 | 0.17483296 | 0.20445269 | 0.15648855 | 0.17288511 | 0.17494440 | 0.21231343 | 0.14061303 | 0.16654357 | 0.18165205 | 0.17056856 | 0.18835238 | 0.19154319 | 0.17207437 | 0.18483943 | 0.18097282 | 0.16511368 | 0.16907675 | 0.17681556 | 0.01552722
Load 136 | 0.14291087 | 0.15682587 | 0.20519386 | 0.19343066 | 0.17506532 | 0.19108280 | 0.17780172 | 0.15914221 | 0.19782214 | 0.17319055 | 0.16182096 | 0.19813687 | 0.20209581 | 0.16541916 | 0.18547807 | 0.17160629 | 0.19237684 | 0.17956204 | 0.19941563 | 0.18904009 | 0.18087089 | 0.01693580
Load 137 | 0.17841079 | 0.17439703 | 0.15824419 | 0.16921928 | 0.17364170 | 0.18297563 | 0.17802607 | 0.17467719 | 0.16077410 | 0.18091743 | 0.17048346 | 0.15769665 | 0.16574991 | 0.19271021 | 0.20514628 | 0.17184644 | 0.17733286 | 0.17316017 | 0.16500766 | 0.15773810 | 0.17340776 | 0.01147168
Load 138 | 0.15684134 | 0.18510405 | 0.17366344 | 0.18947368 | 0.19589090 | 0.16787527 | 0.17748918 | 0.19847050 | 0.20344456 | 0.17969579 | 0.17707568 | 0.18648940 | 0.16987996 | 0.18135838 | 0.16438849 | 0.17183510 | 0.19251529 | 0.18980798 | 0.18738404 | 0.17933021 | 0.18140066 | 0.01166809
Load 139 | 0.17579251 | 0.19336425 | 0.18072727 | 0.19764957 | 0.20156975 | 0.17107143 | 0.19664525 | 0.19134231 | 0.16606498 | 0.20395201 | 0.19255319 | 0.16824128 | 0.17742530 | 0.17826399 | 0.17886765 | 0.20071685 | 0.18486486 | 0.17427536 | 0.17765568 | 0.20487106 | 0.18579573 | 0.01218928
Load 140 | 0.19943820 | 0.20449679 | 0.17221207 | 0.19659333 | 0.20648649 | 0.21676605 | 0.19992960 | 0.20371031 | 0.19993022 | 0.18779343 | 0.20904348 | 0.18139199 | 0.16586981 | 0.20990734 | 0.18133047 | 0.19123365 | 0.20592486 | 0.18607182 | 0.18374685 | 0.16394632 | 0.19329115 | 0.01466235
Load 141 | 0.19180566 | 0.18236974 | 0.19236311 | 0.18677746 | 0.20109489 | 0.17813765 | 0.16487331 | 0.19189765 | 0.18679379 | 0.18738607 | 0.18486795 | 0.19399860 | 0.18982456 | 0.21183139 | 0.20462633 | 0.17346577 | 0.19390287 | 0.18440233 | 0.18828892 | 0.20367751 | 0.18961928 | 0.01056710
Load 142 | 0.21056338 | 0.21643642 | 0.18126346 | 0.22410148 | 0.17164179 | 0.20989821 | 0.19475921 | 0.18916120 | 0.24539877 | 0.21592490 | 0.21792619 | 0.19613457 | 0.20441595 | 0.19554277 | 0.20233051 | 0.21448565 | 0.22883373 | 0.19913886 | 0.18229348 | 0.21371941 | 0.20569850 | 0.01724931
Load 143 | 0.18526466 | 0.21013005 | 0.22556645 | 0.23148789 | 0.19484141 | 0.21006944 | 0.20609137 | 0.18638119 | 0.18464804 | 0.18661972 | 0.19400856 | 0.19986121 | 0.18909348 | 0.20938500 | 0.19103943 | 0.20398880 | 0.19018841 | 0.20214607 | 0.18633975 | 0.22493801 | 0.20060445 | 0.01409148
Load 144 | 0.22057811 | 0.20392954 | 0.19521632 | 0.20769764 | 0.19285714 | 0.21768466 | 0.20388350 | 0.20805835 | 0.18750000 | 0.21179815 | 0.19590846 | 0.22086899 | 0.20072333 | 0.21929825 | 0.19692737 | 0.18772305 | 0.20901213 | 0.22012363 | 0.22511690 | 0.22564276 | 0.20752741 | 0.01201454
Load 145 | 0.21645613 | 0.22943576 | 0.19682868 | 0.21309807 | 0.23323013 | 0.21286790 | 0.18877024 | 0.20854878 | 0.18829337 | 0.20645161 | 0.22021784 | 0.21998659 | 0.21385743 | 0.22483794 | 0.21476041 | 0.19034387 | 0.20443520 | 0.21631561 | 0.21542185 | 0.21631814 | 0.21152378 | 0.01230628
Load 146 | 0.18992248 | 0.24050633 | 0.21145975 | 0.21016006 | 0.22072224 | 0.22075727 | 0.21316508 | 0.23172368 | 0.19261305 | 0.24141484 | 0.21689189 | 0.19958777 | 0.20478170 | 0.21577330 | 0.20054757 | 0.21837504 | 0.20725916 | 0.20856354 | 0.24005440 | 0.21384720 | 0.21490632 | 0.01442201
Load 147 | 0.19537815 | 0.22081479 | 0.22963218 | 0.22545090 | 0.24470199 | 0.23545517 | 0.23159664 | 0.22330751 | 0.22670281 | 0.19234711 | 0.22964169 | 0.23076923 | 0.21254237 | 0.21477901 | 0.20554985 | 0.18566890 | 0.21017776 | 0.22977566 | 0.23702712 | 0.20484359 | 0.21930812 | 0.01567613
Load 148 | 0.23775510 | 0.23798159 | 0.20895522 | 0.21204981 | 0.23450135 | 0.20359488 | 0.24268908 | 0.23279552 | 0.22437004 | 0.22686567 | 0.21386685 | 0.22810031 | 0.22507815 | 0.24163320 | 0.20954003 | 0.23079470 | 0.23726542 | 0.21651561 | 0.22427087 | 0.18993451 | 0.22392790 | 0.01377450
Load 149 | 0.21917344 | 0.21105354 | 0.20682451 | 0.22696705 | 0.23104113 | 0.22961230 | 0.24697416 | 0.23237509 | 0.23218997 | 0.20386340 | 0.22379877 | 0.20989305 | 0.25940726 | 0.23008264 | 0.21943786 | 0.22768609 | 0.22247782 | 0.24234528 | 0.19706785 | 0.19141689 | 0.22318441 | 0.01625266
Load 150 | 0.25624792 | 0.22360656 | 0.20210598 | 0.23875550 | 0.22059325 | 0.20920785 | 0.24631367 | 0.21133848 | 0.23567921 | 0.21718539 | 0.22900763 | 0.20789384 | 0.22389034 | 0.23244313 | 0.22041763 | 0.23043767 | 0.25049505 | 0.22071476 | 0.20303030 | 0.20904147 | 0.22442028 | 0.01515160
Load 151 | 0.22440160 | 0.24425192 | 0.23590257 | 0.22823219 | 0.21560094 | 0.24547549 | 0.21106355 | 0.23030109 | 0.22915975 | 0.23586484 | 0.24469128 | 0.18913413 | 0.22438697 | 0.24153948 | 0.24137931 | 0.23572377 | 0.24893687 | 0.20798106 | 0.21015228 | 0.23179889 | 0.22879890 | 0.01506246
Load 152 | 0.22688000 | 0.23945077 | 0.22513767 | 0.23382924 | 0.24630542 | 0.22985469 | 0.23817568 | 0.23253493 | 0.24271209 | 0.23691186 | 0.21871921 | 0.25208960 | 0.24765600 | 0.24148100 | 0.24047306 | 0.25081646 | 0.24942415 | 0.23020868 | 0.24009171 | 0.25312295 | 0.23879376 | 0.00936723
Load 153 | 0.22795341 | 0.23167926 | 0.23895582 | 0.26224227 | 0.20950764 | 0.25318940 | 0.22351421 | 0.22914669 | 0.25468998 | 0.24536018 | 0.23778502 | 0.22682119 | 0.24731183 | 0.24227318 | 0.25299644 | 0.22550292 | 0.24711908 | 0.26052296 | 0.23580494 | 0.23508314 | 0.23937298 | 0.01336055
Load 154 | 0.24658426 | 0.24443717 | 0.21916412 | 0.23942276 | 0.26042003 | 0.23245033 | 0.22092268 | 0.25204851 | 0.25561978 | 0.23881085 | 0.23652401 | 0.23659711 | 0.24152682 | 0.22676702 | 0.24147818 | 0.24227642 | 0.23482428 | 0.24467398 | 0.23375775 | 0.23031496 | 0.23893105 | 0.01022987
Load 155 | 0.26337319 | 0.26242482 | 0.25659394 | 0.24425008 | 0.28308586 | 0.22657253 | 0.25630517 | 0.24421594 | 0.24268055 | 0.25981013 | 0.24570884 | 0.25327511 | 0.26340844 | 0.23201782 | 0.24303305 | 0.25644330 | 0.25275437 | 0.25721616 | 0.27772571 | 0.24427481 | 0.25325849 | 0.01331811
Load 156 | 0.25712496 | 0.24892845 | 0.25535367 | 0.28402556 | 0.24817286 | 0.22225870 | 0.26900958 | 0.24108280 | 0.26714241 | 0.26055221 | 0.26950575 | 0.28638645 | 0.26599871 | 0.27669452 | 0.28489301 | 0.24824729 | 0.24274571 | 0.24657534 | 0.24048161 | 0.24173355 | 0.25784566 | 0.01694568
Load 157 | 0.25803403 | 0.26456543 | 0.22833650 | 0.24453024 | 0.26462219 | 0.25435540 | 0.27261187 | 0.22247409 | 0.27040656 | 0.24032000 | 0.24028043 | 0.26531863 | 0.25953220 | 0.25375469 | 0.27449139 | 0.25510204 | 0.25925926 | 0.26103647 | 0.23355791 | 0.24251398 | 0.25325517 | 0.01443910
Load 158 | 0.26490277 | 0.27615726 | 0.25551948 | 0.24821776 | 0.25794393 | 0.28177458 | 0.25889138 | 0.21574904 | 0.23623781 | 0.24412238 | 0.27792124 | 0.24700938 | 0.24355301 | 0.26115859 | 0.25419968 | 0.24829379 | 0.25356577 | 0.27525253 | 0.24928000 | 0.27193798 | 0.25608442 | 0.01558165
Load 159 | 0.25989943 | 0.25177305 | 0.25478316 | 0.24699557 | 0.26052040 | 0.24953213 | 0.26011739 | 0.26827757 | 0.27881041 | 0.25496477 | 0.27619048 | 0.24626866 | 0.25884956 | 0.25928277 | 0.29235057 | 0.25262832 | 0.28068536 | 0.25023489 | 0.27325940 | 0.25355675 | 0.26144903 | 0.01239674
Load 160 | 0.26401503 | 0.26816172 | 0.27191358 | 0.25705940 | 0.25808559 | 0.27336300 | 0.27877475 | 0.26717791 | 0.24194053 | 0.26107746 | 0.27881382 | 0.27417381 | 0.26721676 | 0.27031963 | 0.27040816 | 0.26514431 | 0.26807322 | 0.25118334 | 0.26231031 | 0.27649909 | 0.26628557 | 0.00901497
Load 161 | 0.26217228 | 0.29658713 | 0.25214198 | 0.26171996 | 0.29355828 | 0.26138077 | 0.28163265 | 0.29221374 | 0.28221049 | 0.27827704 | 0.25621118 | 0.26212361 | 0.25085696 | 0.28126925 | 0.27528445 | 0.27181419 | 0.30061350 | 0.27940261 | 0.27314815 | 0.27427491 | 0.27434466 | 0.01429051
Load 162 | 0.28685996 | 0.29227824 | 0.27913362 | 0.27632763 | 0.28302460 | 0.27278383 | 0.28891656 | 0.26380747 | 0.25086234 | 0.27430009 | 0.29061372 | 0.27901157 | 0.27198053 | 0.29152330 | 0.25715194 | 0.24363408 | 0.24792862 | 0.28730306 | 0.24696356 | 0.27967133 | 0.27320380 | 0.01565466
Load 163 | 0.28792007 | 0.29653680 | 0.29568106 | 0.28134651 | 0.28405159 | 0.27340824 | 0.27774409 | 0.25405571 | 0.27812971 | 0.27707886 | 0.25691824 | 0.27196523 | 0.27560751 | 0.27774372 | 0.28198758 | 0.23814012 | 0.28256881 | 0.27776097 | 0.27368421 | 0.28960097 | 0.27659650 | 0.01346089
Load 164 | 0.28383234 | 0.28786482 | 0.28332319 | 0.28258860 | 0.27192448 | 0.25553869 | 0.28373910 | 0.28604993 | 0.29504773 | 0.27574751 | 0.28609389 | 0.25572289 | 0.28246559 | 0.26772616 | 0.27415869 | 0.27640583 | 0.28690808 | 0.29620563 | 0.26927861 | 0.28527795 | 0.27929499 | 0.01078528
Load 165 | 0.27455154 | 0.27649770 | 0.28374233 | 0.27588345 | 0.27818854 | 0.27112043 | 0.28046946 | 0.27818182 | 0.28747307 | 0.30041396 | 0.27547962 | 0.28433665 | 0.30288882 | 0.28298507 | 0.25807399 | 0.28780488 | 0.27548544 | 0.27425259 | 0.29259482 | 0.25914445 | 0.27997843 | 0.01093581
Load 166 | 0.30451237 | 0.28405365 | 0.28143163 | 0.30403800 | 0.27344461 | 0.26185311 | 0.30205458 | 0.30546231 | 0.28567200 | 0.27020507 | 0.29618413 | 0.30083983 | 0.27982911 | 0.29046899 | 0.31300208 | 0.29919858 | 0.28373383 | 0.26672862 | 0.29264524 | 0.28391075 | 0.28896343 | 0.01388214
Load 167 | 0.29093656 | 0.28120516 | 0.29383459 | 0.29592734 | 0.28222892 | 0.30916717 | 0.31209819 | 0.32204380 | 0.28371810 | 0.27372933 | 0.31270073 | 0.28977099 | 0.32556080 | 0.30983031 | 0.29571037 | 0.29022820 | 0.28094660 | 0.28761454 | 0.30611656 | 0.27851214 | 0.29609402 | 0.01469292
Load 168 | 0.29925037 | 0.30537010 | 0.30076741 | 0.30399061 | 0.28440908 | 0.27342081 | 0.30192593 | 0.28523181 | 0.29550898 | 0.27938977 | 0.27062011 | 0.28356447 | 0.31348864 | 0.27571516 | 0.28716116 | 0.26883037 | 0.31045949 | 0.30169800 | 0.28343853 | 0.29440538 | 0.29093231 | 0.01318520
Load 169 | 0.29608434 | 0.30122951 | 0.28549803 | 0.30528149 | 0.30760302 | 0.30035336 | 0.28299643 | 0.28660242 | 0.29609262 | 0.31513353 | 0.32125395 | 0.28071217 | 0.30432208 | 0.28571429 | 0.29425626 | 0.30735423 | 0.30544057 | 0.26729369 | 0.29283850 | 0.28847871 | 0.29622696 | 0.01256600
Load 170 | 0.27772951 | 0.29964851 | 0.30364838 | 0.30969267 | 0.31907413 | 0.28055638 | 0.32185937 | 0.29606987 | 0.27175527 | 0.27772848 | 0.32454361 | 0.31233519 | 0.30008623 | 0.29427630 | 0.29475219 | 0.30093952 | 0.31342840 | 0.27448157 | 0.31471190 | 0.28758741 | 0.29874524 | 0.01599776
Load 171 | 0.29593985 | 0.29988088 | 0.30854072 | 0.30176991 | 0.31344148 | 0.33294731 | 0.30428404 | 0.30459094 | 0.28955835 | 0.31480943 | 0.31244458 | 0.30856461 | 0.30877193 | 0.31556196 | 0.28962406 | 0.27231740 | 0.30769231 | 0.30245470 | 0.31793083 | 0.28389580 | 0.30425105 | 0.01310059
Load 172 | 0.30545247 | 0.29413507 | 0.29343284 | 0.32044996 | 0.30409694 | 0.30830717 | 0.28921848 | 0.28183161 | 0.29518972 | 0.29316547 | 0.32462687 | 0.30002965 | 0.30267062 | 0.31561369 | 0.30851064 | 0.32282794 | 0.30011488 | 0.31806470 | 0.29713604 | 0.29719462 | 0.30360347 | 0.01153494
Load 173 | 0.33591954 | 0.28660344 | 0.31248207 | 0.31615721 | 0.31604585 | 0.31697221 | 0.32352117 | 0.30371236 | 0.30034522 | 0.29690240 | 0.30977312 | 0.33352651 | 0.29472443 | 0.29309327 | 0.30828861 | 0.30771437 | 0.31825939 | 0.33407759 | 0.34121719 | 0.30466472 | 0.31270003 | 0.01486873
Load 174 | 0.31225184 | 0.31464174 | 0.29526869 | 0.32127839 | 0.30600462 | 0.32444187 | 0.31939272 | 0.32091448 | 0.30789245 | 0.30103093 | 0.32377506 | 0.31604055 | 0.30571992 | 0.32628910 | 0.32257151 | 0.32779370 | 0.32199481 | 0.30480984 | 0.32361921 | 0.30654678 | 0.31511391 | 0.00926641
Load 175 | 0.32126304 | 0.31748292 | 0.33025727 | 0.33532423 | 0.30168092 | 0.31728794 | 0.32677718 | 0.28881808 | 0.34396865 | 0.32042762 | 0.34674064 | 0.33305204 | 0.33465123 | 0.31796458 | 0.34072637 | 0.30168409 | 0.31754235 | 0.30544413 | 0.31195841 | 0.30953067 | 0.32112912 | 0.01503297
Load 176 | 0.30130756 | 0.34334643 | 0.29707839 | 0.31695402 | 0.33611575 | 0.33238068 | 0.32235500 | 0.32205270 | 0.30758387 | 0.31813095 | 0.28864169 | 0.30146199 | 0.33063584 | 0.31095306 | 0.29193777 | 0.34193548 | 0.34314527 | 0.31308544 | 0.31812999 | 0.30863121 | 0.31729315 | 0.01638581
Load 177 | 0.32187762 | 0.30846774 | 0.30747290 | 0.32455395 | 0.32006726 | 0.31099507 | 0.30443491 | 0.31814273 | 0.33182972 | 0.32995341 | 0.30339032 | 0.33643542 | 0.32250580 | 0.31851028 | 0.32451449 | 0.33050608 | 0.33167358 | 0.34277778 | 0.32273361 | 0.30486739 | 0.32078550 | 0.01105555
Load 178 | 0.34201681 | 0.33900709 | 0.33153929 | 0.29710780 | 0.31515499 | 0.34766723 | 0.32255367 | 0.32086885 | 0.31838949 | 0.30821918 | 0.34433962 | 0.31028620 | 0.32897664 | 0.32340662 | 0.33062026 | 0.32192757 | 0.33147942 | 0.34375000 | 0.32724758 | 0.33844866 | 0.32715035 | 0.01304312
Load 179 | 0.31995445 | 0.30996310 | 0.31624894 | 0.33911368 | 0.34074275 | 0.32085106 | 0.30953035 | 0.33944178 | 0.33901621 | 0.33812552 | 0.33743169 | 0.33787163 | 0.33886584 | 0.33611575 | 0.32303769 | 0.33477384 | 0.35144928 | 0.32923421 | 0.34777778 | 0.30446927 | 0.33070074 | 0.01294660
Load 180 | 0.32980501 | 0.33804378 | 0.34245077 | 0.33222499 | 0.33462927 | 0.33304548 | 0.36163175 | 0.34654018 | 0.34055388 | 0.32051282 | 0.32995063 | 0.31398935 | 0.32375271 | 0.31821975 | 0.33426730 | 0.33657588 | 0.33297032 | 0.31046931 | 0.35944828 | 0.33451763 | 0.33367995 | 0.01271533
Load 181 | 0.36376210 | 0.34594447 | 0.33929554 | 0.32152589 | 0.29290940 | 0.34439487 | 0.35413290 | 0.33333333 | 0.31789182 | 0.32136848 | 0.32775645 | 0.33197390 | 0.34986523 | 0.34622824 | 0.33943936 | 0.33843212 | 0.34180567 | 0.32958288 | 0.34227468 | 0.33137584 | 0.33566466 | 0.01487838
Load 182 | 0.35473515 | 0.32474503 | 0.33768352 | 0.34343164 | 0.33027012 | 0.34923664 | 0.33867341 | 0.33076288 | 0.30286988 | 0.34032570 | 0.35023950 | 0.33980848 | 0.33222499 | 0.37576565 | 0.35225102 | 0.34710300 | 0.33314701 | 0.35526316 | 0.34756265 | 0.32889734 | 0.34074984 | 0.01450346
Load 183 | 0.34511093 | 0.34993197 | 0.33098018 | 0.35301942 | 0.32105553 | 0.32576586 | 0.34477212 | 0.33948636 | 0.33884298 | 0.34261301 | 0.35166032 | 0.34907709 | 0.30544638 | 0.34386717 | 0.33591588 | 0.33710033 | 0.33164272 | 0.36015727 | 0.34304207 | 0.33013845 | 0.33898130 | 0.01221187
Load 184 | 0.35657425 | 0.34728033 | 0.32267678 | 0.35913978 | 0.32611712 | 0.33297558 | 0.32491266 | 0.35967230 | 0.37785449 | 0.35144730 | 0.35537190 | 0.32065977 | 0.33065633 | 0.36808680 | 0.34924893 | 0.35651007 | 0.34280983 | 0.34204148 | 0.37028946 | 0.32484781 | 0.34595865 | 0.01689448
Load 185 | 0.34468323 | 0.34292035 | 0.35095765 | 0.31676846 | 0.36911844 | 0.37815126 | 0.34141029 | 0.34331176 | 0.35530162 | 0.32578209 | 0.33600442 | 0.35926413 | 0.36853333 | 0.35485607 | 0.32720886 | 0.33798195 | 0.33105895 | 0.34536935 | 0.34525109 | 0.33208155 | 0.34530074 | 0.01528003
Load 186 | 0.37284082 | 0.33948142 | 0.33600642 | 0.33995037 | 0.34030167 | 0.35140827 | 0.35030658 | 0.33132200 | 0.35488271 | 0.33647629 | 0.35321698 | 0.37889004 | 0.33243896 | 0.35528084 | 0.34681769 | 0.33867094 | 0.33690126 | 0.34866001 | 0.35143770 | 0.32610486 | 0.34606979 | 0.01291920
Load 187 | 0.34669127 | 0.32415655 | 0.34493671 | 0.34965590 | 0.35889244 | 0.35183190 | 0.34334881 | 0.35993658 | 0.33867578 | 0.34345922 | 0.34002677 | 0.33475707 | 0.35856681 | 0.34645248 | 0.34555675 | 0.35623342 | 0.36672770 | 0.34320652 | 0.36572485 | 0.33839479 | 0.34786162 | 0.01047345
Load 188 | 0.35277346 | 0.37013835 | 0.35239113 | 0.36182336 | 0.37965131 | 0.37614200 | 0.36811746 | 0.37483409 | 0.34501643 | 0.34420791 | 0.35029459 | 0.35982282 | 0.34113009 | 0.35185185 | 0.35445112 | 0.37473904 | 0.36715232 | 0.35478681 | 0.35731163 | 0.36301729 | 0.35998265 | 0.01114044
Load 189 | 0.34104815 | 0.35790850 | 0.35168928 | 0.37021389 | 0.35386278 | 0.35768328 | 0.36775689 | 0.37336536 | 0.35716191 | 0.36231494 | 0.36992716 | 0.35003957 | 0.33763158 | 0.35856146 | 0.34120805 | 0.38011106 | 0.36154456 | 0.36904762 | 0.40000000 | 0.36722266 | 0.36141493 | 0.01411794
Load 190 | 0.36005326 | 0.35676393 | 0.36578947 | 0.35656620 | 0.37100103 | 0.37430757 | 0.37112861 | 0.36568730 | 0.33550489 | 0.36590547 | 0.35811163 | 0.34091517 | 0.35076020 | 0.35926223 | 0.38426162 | 0.34585084 | 0.35372485 | 0.36570837 | 0.34316354 | 0.35948415 | 0.35919752 | 0.01174297
Load 191 | 0.37679303 | 0.35792208 | 0.34950443 | 0.35953641 | 0.36219860 | 0.37350026 | 0.38741722 | 0.35253772 | 0.36294028 | 0.35433280 | 0.36373333 | 0.35152661 | 0.35867045 | 0.36321122 | 0.35701083 | 0.35710567 | 0.37992177 | 0.36870643 | 0.36747459 | 0.35220454 | 0.36281241 | 0.00994533
Load 192 | 0.37849628 | 0.36766623 | 0.38246603 | 0.36159079 | 0.37119468 | 0.37743590 | 0.36417526 | 0.34700315 | 0.34179894 | 0.37753036 | 0.35908252 | 0.38383066 | 0.38073394 | 0.36667558 | 0.37879969 | 0.36769670 | 0.37140657 | 0.40110028 | 0.37600000 | 0.39106145 | 0.37228725 | 0.01348871
Load 193 | 0.37486911 | 0.36997389 | 0.34574749 | 0.37864823 | 0.36259644 | 0.36913612 | 0.37991266 | 0.34205657 | 0.36591607 | 0.36902887 | 0.37336076 | 0.37105606 | 0.36792453 | 0.35637882 | 0.35884534 | 0.37026612 | 0.39535477 | 0.38533058 | 0.39989746 | 0.36789995 | 0.37020999 | 0.01367661
Load 194 | 0.38008702 | 0.37067845 | 0.38389466 | 0.34756729 | 0.37615860 | 0.36334830 | 0.37560726 | 0.34844626 | 0.33607427 | 0.36937166 | 0.36939040 | 0.37700258 | 0.37801472 | 0.40344562 | 0.37283384 | 0.38001533 | 0.36905966 | 0.35287958 | 0.38355451 | 0.38182733 | 0.37096287 | 0.01494603
Load 195 | 0.38556029 | 0.38091622 | 0.37400052 | 0.37861799 | 0.38068182 | 0.37466524 | 0.36538462 | 0.37254902 | 0.38560932 | 0.36387097 | 0.37137681 | 0.39647239 | 0.38936492 | 0.35497273 | 0.36074476 | 0.36608763 | 0.38762626 | 0.38937824 | 0.36196788 | 0.36499466 | 0.37524212 | 0.01124074
Load 196 | 0.38643730 | 0.36484121 | 0.36165298 | 0.38270657 | 0.37857873 | 0.38944472 | 0.35744017 | 0.37176232 | 0.39762985 | 0.37969925 | 0.37734878 | 0.36510746 | 0.37509491 | 0.36363636 | 0.39826840 | 0.39705509 | 0.37821172 | 0.36547709 | 0.39109537 | 0.37293310 | 0.37772107 | 0.01229358
Load 197 | 0.41107508 | 0.37662014 | 0.36748669 | 0.39390837 | 0.35301669 | 0.40322175 | 0.37114990 | 0.38008592 | 0.36252234 | 0.38438363 | 0.36811955 | 0.36721992 | 0.36670152 | 0.37029343 | 0.35261569 | 0.37950422 | 0.38931104 | 0.37298387 | 0.38172589 | 0.38424396 | 0.37680948 | 0.01462273
Load 198 | 0.39920160 | 0.39754816 | 0.35929204 | 0.40039594 | 0.38614110 | 0.35994865 | 0.38587933 | 0.38536708 | 0.38656716 | 0.38567839 | 0.39740985 | 0.37731597 | 0.36846115 | 0.40448625 | 0.39924338 | 0.39004975 | 0.37913299 | 0.37668046 | 0.38748137 | 0.38954511 | 0.38579129 | 0.01245466
Load 199 | 0.36939448 | 0.38044580 | 0.39964833 | 0.37734395 | 0.39162202 | 0.36752577 | 0.38606357 | 0.36754057 | 0.37661679 | 0.39033079 | 0.37951657 | 0.38066914 | 0.37943353 | 0.42003515 | 0.37118345 | 0.37867920 | 0.36817279 | 0.39312784 | 0.38467433 | 0.37976281 | 0.38208934 | 0.01232224
Load 200 | 0.37531550 | 0.39855614 | 0.40883436 | 0.38179969 | 0.38467337 | 0.38435638 | 0.36784025 | 0.39124016 | 0.40188072 | 0.40055880 | 0.37827621 | 0.38236776 | 0.38224229 | 0.39222441 | 0.39722222 | 0.39494511 | 0.39515537 | 0.37513144 | 0.36636943 | 0.40255053 | 0.38807701 | 0.01171182
