=== YEN 2 ROTAS ALEATÓRIAS (First Fit) ===

PARÂMETROS DA SIMULAÇĂO:
  Rede: NSFNet (14 nós, 21 enlaces)
  Wavelengths por enlace: 40
  Número de rotas consideradas por requisiçăo: 2
  Requisiçőes: [(0, 12), (2, 6), (5, 10), (4, 11), (3, 8)]
  Rodadas por carga: 20
  Chamadas por rodada: 1000
  Cargas testadas: 1 a 200
  Seleçăo de rota: Aleatória entre as 2 menores
  Alocaçăo de wavelength: First Fit

RESULTADOS (Blocking Probability):
Carga	Req1	Req2	Req3	Req4	Req5
0	0.000000	0.000000	0.000000	0.000000	0.000000
1	0.000000	0.000000	0.000000	0.000000	0.000000
2	0.000000	0.000000	0.000000	0.000000	0.000000
3	0.000000	0.000000	0.000000	0.000000	0.000000
4	0.000000	0.000000	0.000000	0.000000	0.000000
5	0.000000	0.000000	0.000000	0.000000	0.000000
6	0.000000	0.000000	0.000000	0.000000	0.000000
7	0.000000	0.000000	0.000000	0.000000	0.000000
8	0.000000	0.000000	0.000000	0.000000	0.000000
9	0.000000	0.000000	0.000000	0.000000	0.000000
10	0.000000	0.000000	0.000000	0.000000	0.000000
11	0.000000	0.000000	0.000000	0.000000	0.000000
12	0.000000	0.000000	0.000000	0.000000	0.000000
13	0.000000	0.000000	0.000000	0.000000	0.000000
14	0.000000	0.000000	0.000000	0.000000	0.000000
15	0.000000	0.000000	0.000000	0.000000	0.000000
16	0.000000	0.000000	0.000000	0.000000	0.000000
17	0.000000	0.000000	0.000000	0.000000	0.000000
18	0.000000	0.000000	0.000000	0.000000	0.000000
19	0.000000	0.000000	0.000000	0.000000	0.000000
20	0.000000	0.000000	0.000000	0.000000	0.000000
21	0.000000	0.000000	0.000000	0.000000	0.000000
22	0.000000	0.000000	0.000000	0.000000	0.000000
23	0.000000	0.000000	0.000000	0.000000	0.000000
24	0.000000	0.000000	0.000000	0.000000	0.000000
25	0.000000	0.000000	0.000000	0.000000	0.000000
26	0.000000	0.000000	0.000000	0.000000	0.000000
27	0.000000	0.000000	0.000000	0.000000	0.000000
28	0.000000	0.000000	0.000000	0.000000	0.000000
29	0.000000	0.000000	0.000000	0.000000	0.000000
30	0.000000	0.000000	0.000000	0.000000	0.000000
31	0.000000	0.000000	0.000000	0.000000	0.000000
32	0.000000	0.000000	0.000000	0.000000	0.000000
33	0.000000	0.000000	0.000000	0.000000	0.000000
34	0.000000	0.000000	0.000000	0.000000	0.000000
35	0.000000	0.000000	0.000100	0.000000	0.000000
36	0.000250	0.000000	0.000200	0.000000	0.000000
37	0.000150	0.000000	0.000150	0.000000	0.000000
38	0.001900	0.000000	0.000800	0.000000	0.000000
39	0.002700	0.000000	0.001550	0.000000	0.000000
40	0.006550	0.000000	0.002800	0.000000	0.000000
41	0.009850	0.000000	0.006400	0.000000	0.000000
42	0.015450	0.000050	0.012050	0.000000	0.000000
43	0.025250	0.000000	0.016450	0.000000	0.000000
44	0.029200	0.000050	0.024000	0.000000	0.000000
45	0.041300	0.000100	0.030300	0.000000	0.000000
46	0.050200	0.000200	0.041900	0.000000	0.000000
47	0.061950	0.000250	0.046600	0.000000	0.000000
48	0.071650	0.000200	0.063250	0.000000	0.000000
49	0.082250	0.000100	0.074050	0.000000	0.000000
50	0.090650	0.000550	0.082350	0.000000	0.000000
51	0.109900	0.000050	0.086750	0.000000	0.000000
52	0.115600	0.000250	0.099400	0.000000	0.000000
53	0.131450	0.000600	0.107600	0.000000	0.000000
54	0.141450	0.000400	0.123200	0.000000	0.000000
55	0.153000	0.000350	0.132350	0.000100	0.000000
56	0.158800	0.000900	0.140750	0.000000	0.000050
57	0.171650	0.000550	0.151600	0.000000	0.000000
58	0.179550	0.000950	0.158850	0.000550	0.000000
59	0.187000	0.001050	0.172000	0.000400	0.000200
60	0.194900	0.000650	0.181100	0.000450	0.000350
61	0.207450	0.001550	0.193100	0.000250	0.000700
62	0.219050	0.001600	0.199000	0.001100	0.000800
63	0.227800	0.001850	0.207200	0.000550	0.001400
64	0.229750	0.002300	0.218850	0.001650	0.001200
65	0.240350	0.003200	0.229500	0.002300	0.002400
66	0.254350	0.002900	0.230250	0.002050	0.001150
67	0.259250	0.004450	0.237450	0.003800	0.003250
68	0.269100	0.005950	0.248450	0.004700	0.003500
69	0.277900	0.006450	0.256950	0.006900	0.005750
70	0.280550	0.007000	0.262450	0.008650	0.009000
71	0.289500	0.008350	0.267500	0.008650	0.008950
72	0.297750	0.012900	0.279100	0.010450	0.011550
73	0.304200	0.014250	0.283450	0.013000	0.013200
74	0.313550	0.014800	0.288550	0.016900	0.015800
75	0.316750	0.018900	0.295050	0.020100	0.018200
76	0.325200	0.023200	0.303750	0.023300	0.020750
77	0.335200	0.025400	0.313400	0.027950	0.023400
78	0.342200	0.030650	0.317300	0.032550	0.029050
79	0.345900	0.033400	0.325250	0.035700	0.034100
80	0.346400	0.038350	0.327400	0.040550	0.036500
81	0.361050	0.042000	0.339250	0.043750	0.040700
82	0.356800	0.049500	0.341400	0.050750	0.048000
83	0.368200	0.054400	0.350350	0.056250	0.054100
84	0.374300	0.060450	0.358500	0.058800	0.056950
85	0.378450	0.064350	0.354950	0.064350	0.063000
86	0.385100	0.067300	0.365100	0.072750	0.063400
87	0.388150	0.071600	0.371800	0.074400	0.070650
88	0.389650	0.075300	0.375650	0.076450	0.077350
89	0.398450	0.082650	0.381950	0.083000	0.082550
90	0.401850	0.089650	0.387400	0.095450	0.093050
91	0.404700	0.095300	0.389400	0.104400	0.093800
92	0.414850	0.097750	0.400000	0.104700	0.100050
93	0.414350	0.104900	0.406400	0.115650	0.106400
94	0.422950	0.113100	0.411000	0.123150	0.115000
95	0.426900	0.113600	0.419000	0.122850	0.123050
96	0.433800	0.127300	0.417650	0.127650	0.126850
97	0.437700	0.128100	0.425800	0.141900	0.125650
98	0.440050	0.140000	0.422000	0.142000	0.136350
99	0.440950	0.141700	0.431550	0.148450	0.144400
100	0.445750	0.151450	0.439950	0.154550	0.147300
101	0.454100	0.154250	0.437650	0.165700	0.155550
102	0.462950	0.160850	0.444700	0.165050	0.168500
103	0.457250	0.162800	0.447600	0.174650	0.169000
104	0.460350	0.179100	0.448800	0.177200	0.169850
105	0.468300	0.176100	0.453250	0.189050	0.177450
106	0.469650	0.183200	0.455700	0.191550	0.177150
107	0.471350	0.187500	0.461100	0.197350	0.186200
108	0.487950	0.196650	0.464750	0.200200	0.194250
109	0.481700	0.201450	0.473550	0.210300	0.199150
110	0.488400	0.198600	0.476200	0.216500	0.205000
111	0.488800	0.211350	0.479300	0.218750	0.206950
112	0.496750	0.216600	0.484550	0.228850	0.216150
113	0.495400	0.224200	0.489500	0.236500	0.220300
114	0.500150	0.227350	0.490800	0.239050	0.225500
115	0.500200	0.230800	0.491500	0.240250	0.230100
116	0.508550	0.238300	0.496650	0.249450	0.233700
117	0.508950	0.238700	0.497950	0.250800	0.236350
118	0.509500	0.247050	0.508650	0.259050	0.241750
119	0.516400	0.246350	0.508000	0.262100	0.250800
120	0.517550	0.258750	0.513400	0.266650	0.255300
121	0.518800	0.254450	0.507250	0.270700	0.262000
122	0.525600	0.266950	0.517700	0.280100	0.268850
123	0.523050	0.267200	0.516550	0.278450	0.273900
124	0.528850	0.275500	0.517350	0.287850	0.272650
125	0.525350	0.281550	0.524800	0.284650	0.275250
126	0.531750	0.283450	0.528600	0.300300	0.281000
127	0.537750	0.286950	0.527400	0.302750	0.287800
128	0.539300	0.294250	0.537000	0.298400	0.290200
129	0.539150	0.293350	0.533800	0.310500	0.294400
130	0.549000	0.299400	0.528950	0.315400	0.297200
131	0.547100	0.304250	0.541400	0.317150	0.302350
132	0.548350	0.310850	0.542400	0.322400	0.305650
133	0.550750	0.312500	0.546750	0.330250	0.315500
134	0.556250	0.311250	0.548300	0.328950	0.321100
135	0.559100	0.322600	0.551850	0.331900	0.323750
136	0.560300	0.327700	0.549050	0.336600	0.322300
137	0.558900	0.325250	0.554000	0.346650	0.328650
138	0.562000	0.331900	0.559400	0.343650	0.333450
139	0.568000	0.339350	0.561850	0.349100	0.336850
140	0.569850	0.337150	0.559950	0.359250	0.338050
141	0.565550	0.340150	0.563700	0.360550	0.344400
142	0.570450	0.349150	0.570400	0.362650	0.349800
143	0.573150	0.354450	0.568800	0.363400	0.350050
144	0.575850	0.352350	0.574250	0.373000	0.351450
145	0.577200	0.360050	0.573100	0.372800	0.357550
146	0.576050	0.362650	0.571300	0.375850	0.359450
147	0.586100	0.360200	0.576950	0.377350	0.361000
148	0.583500	0.370050	0.581300	0.381500	0.362800
149	0.586050	0.373500	0.586600	0.386900	0.371400
150	0.590300	0.378850	0.582450	0.382850	0.372350
151	0.589950	0.376000	0.583900	0.390100	0.379700
152	0.592500	0.380000	0.592350	0.394350	0.375350
153	0.592600	0.386750	0.589500	0.400500	0.386600
154	0.597600	0.390800	0.591950	0.396900	0.390250
155	0.597050	0.390450	0.591200	0.402600	0.383850
156	0.595350	0.394600	0.594750	0.412700	0.394800
157	0.601200	0.397450	0.599900	0.408900	0.397600
158	0.597150	0.397700	0.600400	0.411950	0.406550
159	0.601850	0.405100	0.601050	0.416600	0.397600
160	0.609600	0.402600	0.600900	0.418300	0.406700
161	0.611100	0.410750	0.601750	0.418050	0.405750
162	0.608700	0.416000	0.606750	0.424450	0.412200
163	0.615700	0.415900	0.608600	0.431750	0.411900
164	0.605100	0.418150	0.608950	0.431000	0.411100
165	0.614600	0.421150	0.616000	0.433950	0.419600
166	0.613100	0.425100	0.613700	0.438100	0.419400
167	0.615700	0.425500	0.608800	0.440650	0.421400
168	0.621100	0.426250	0.619050	0.439950	0.420850
169	0.619850	0.428450	0.619250	0.447050	0.425800
170	0.621700	0.433800	0.620200	0.448250	0.433100
171	0.618750	0.432900	0.618750	0.457000	0.432050
172	0.624850	0.437000	0.620800	0.458200	0.445250
173	0.621850	0.443700	0.616100	0.459500	0.437800
174	0.628550	0.448350	0.625700	0.456850	0.443500
175	0.626900	0.448450	0.628100	0.457200	0.445150
176	0.627800	0.452250	0.630600	0.463900	0.446350
177	0.633550	0.447050	0.628050	0.465950	0.451150
178	0.630050	0.453450	0.626600	0.470750	0.452500
179	0.627750	0.452100	0.632650	0.474800	0.451250
180	0.634450	0.459550	0.632950	0.470450	0.457200
181	0.636750	0.460050	0.629400	0.476800	0.454000
182	0.631650	0.465100	0.636100	0.484450	0.463650
183	0.635100	0.462350	0.638600	0.484450	0.461200
184	0.634400	0.475000	0.637050	0.482800	0.463550
185	0.636750	0.472100	0.641000	0.489150	0.465850
186	0.640450	0.469400	0.636800	0.487650	0.474500
187	0.639250	0.471400	0.639050	0.488600	0.473250
188	0.646250	0.472600	0.643600	0.493550	0.475200
189	0.643900	0.475650	0.648700	0.489650	0.476800
190	0.643100	0.482350	0.642850	0.495500	0.479450
191	0.645300	0.485400	0.650000	0.500450	0.483600
192	0.647950	0.481300	0.648400	0.503750	0.482000
193	0.646600	0.488150	0.649900	0.505200	0.483350
194	0.649050	0.489150	0.655050	0.511150	0.483200
195	0.649300	0.492050	0.651900	0.507100	0.485450
196	0.653300	0.497750	0.654500	0.508100	0.493150
197	0.653850	0.496400	0.656700	0.512750	0.490700
198	0.654750	0.496000	0.656100	0.514600	0.497350
199	0.659200	0.502700	0.656450	0.515300	0.496650
200	0.657850	0.501100	0.664050	0.518750	0.496750

=== ESTATÍSTICAS DAS ROTAS USADAS ===
Total de chamadas bem-sucedidas: 14772165
Rota média usada: 1.499
Distribuiçăo de uso das rotas:
  Rota 1: 50.083%
  Rota 2: 49.917%
  Uso da primeira rota: 50.083%
  Uso da segunda rota: 49.917%

=== ESTATÍSTICAS POR REQUISIÇĂO (Cargas 1-200) ===

[0,12]:
  Média: 0.367636
  Máximo: 0.659200
  Mínimo: 0.000000
  Desvio Padrăo: 0.243306
  Média em %: 36.7636%

[2,6]:
  Média: 0.190778
  Máximo: 0.502700
  Mínimo: 0.000000
  Desvio Padrăo: 0.185657
  Média em %: 19.0778%

[3,8]:
  Média: 0.360609
  Máximo: 0.664050
  Mínimo: 0.000000
  Desvio Padrăo: 0.243941
  Média em %: 36.0609%

[4,11]:
  Média: 0.198026
  Máximo: 0.518750
  Mínimo: 0.000000
  Desvio Padrăo: 0.192274
  Média em %: 19.8026%

[5,10]:
  Média: 0.189910
  Máximo: 0.497350
  Mínimo: 0.000000
  Desvio Padrăo: 0.184875
  Média em %: 18.9910%
