=== SHORTEST PATH ONLY ===

Blocking Probability Results:
Load	Req1	Req2	Req3	Req4	Req5
0	0.000000	0.000000	0.000000	0.000000	0.000000
1	0.000000	0.000000	0.000000	0.000000	0.000000
2	0.000000	0.000000	0.000000	0.000000	0.000000
3	0.000000	0.000000	0.000000	0.000000	0.000000
4	0.000000	0.000000	0.000000	0.000000	0.000000
5	0.000000	0.000000	0.000000	0.000000	0.000000
6	0.000000	0.000000	0.000000	0.000000	0.000000
7	0.000000	0.000000	0.000000	0.000000	0.000000
8	0.000000	0.000000	0.000000	0.000000	0.000000
9	0.000000	0.000000	0.000000	0.000000	0.000000
10	0.000000	0.000000	0.000000	0.000000	0.000000
11	0.000000	0.000000	0.000000	0.000000	0.000000
12	0.000000	0.000000	0.000000	0.000000	0.000000
13	0.000000	0.000000	0.000000	0.000000	0.000000
14	0.000000	0.000000	0.000000	0.000000	0.000000
15	0.000000	0.000000	0.000000	0.000000	0.000000
16	0.000000	0.000000	0.000000	0.000000	0.000000
17	0.000000	0.000000	0.000000	0.000000	0.000000
18	0.000000	0.000000	0.000000	0.000000	0.000000
19	0.000000	0.000000	0.000000	0.000000	0.000000
20	0.000000	0.000000	0.000000	0.000000	0.000000
21	0.000000	0.000000	0.000000	0.000000	0.000000
22	0.000000	0.000000	0.000000	0.000000	0.000000
23	0.000000	0.000000	0.000000	0.000000	0.000000
24	0.000000	0.000000	0.000000	0.000000	0.000000
25	0.000000	0.000000	0.000000	0.000000	0.000000
26	0.000000	0.000000	0.000000	0.000000	0.000000
27	0.000000	0.000000	0.000000	0.000000	0.000000
28	0.000000	0.000000	0.000000	0.000000	0.000000
29	0.000000	0.000000	0.000000	0.000000	0.000000
30	0.000000	0.000000	0.000000	0.000000	0.000000
31	0.000000	0.000000	0.000000	0.000000	0.000000
32	0.000000	0.000000	0.000000	0.000000	0.000000
33	0.000000	0.000000	0.000000	0.000000	0.000000
34	0.000000	0.000050	0.000000	0.000050	0.000000
35	0.000100	0.000050	0.000200	0.000000	0.000000
36	0.000050	0.000000	0.000550	0.000150	0.000200
37	0.000600	0.000600	0.000500	0.000550	0.000550
38	0.001100	0.001550	0.001500	0.001550	0.001200
39	0.002650	0.003200	0.003350	0.003200	0.002200
40	0.005850	0.006800	0.007600	0.005850	0.008100
41	0.009300	0.011200	0.008550	0.010900	0.011100
42	0.015550	0.016450	0.014450	0.017400	0.021700
43	0.020000	0.025150	0.023350	0.026900	0.031200
44	0.028300	0.032400	0.037900	0.031650	0.033550
45	0.041850	0.040650	0.046200	0.044800	0.047450
46	0.053650	0.054950	0.055250	0.057400	0.059150
47	0.061750	0.065750	0.065300	0.070100	0.071000
48	0.071250	0.075350	0.071700	0.083350	0.080850
49	0.079650	0.085450	0.086950	0.090400	0.093800
50	0.093800	0.097700	0.100300	0.103100	0.105950
51	0.099200	0.113000	0.109700	0.112200	0.113150
52	0.112800	0.127950	0.124700	0.121750	0.126250
53	0.125250	0.135100	0.136450	0.135400	0.136750
54	0.141300	0.143900	0.146250	0.145250	0.150350
55	0.151800	0.158500	0.153100	0.162700	0.162300
56	0.155350	0.166100	0.175000	0.172200	0.167450
57	0.165500	0.180600	0.180700	0.176150	0.178900
58	0.179000	0.192200	0.181350	0.191050	0.193900
59	0.182400	0.191200	0.192150	0.197600	0.201700
60	0.194600	0.211500	0.206800	0.211300	0.212100
61	0.206100	0.221050	0.219900	0.218450	0.220700
62	0.216050	0.226900	0.227400	0.229500	0.236300
63	0.224950	0.237650	0.234700	0.232900	0.245650
64	0.235250	0.244050	0.244400	0.248250	0.245100
65	0.243850	0.260000	0.253650	0.255400	0.260850
66	0.248850	0.262700	0.261250	0.261200	0.273600
67	0.260000	0.278700	0.266200	0.274350	0.275050
68	0.260000	0.280650	0.282250	0.281800	0.282300
69	0.274200	0.283200	0.289750	0.290650	0.294900
70	0.283800	0.295400	0.292700	0.296100	0.300300
71	0.289500	0.300300	0.301150	0.306000	0.307350
72	0.296650	0.308700	0.307400	0.308000	0.312650
73	0.296400	0.317150	0.314800	0.314800	0.317600
74	0.304650	0.324450	0.323450	0.331850	0.328050
75	0.313700	0.328750	0.329050	0.335600	0.335200
76	0.318850	0.335000	0.335000	0.334150	0.338300
77	0.319950	0.347050	0.340700	0.345950	0.343050
78	0.329450	0.349950	0.343750	0.350850	0.355100
79	0.341900	0.355350	0.354550	0.352800	0.360400
80	0.343850	0.361800	0.362850	0.360750	0.365250
81	0.354300	0.368700	0.363650	0.369450	0.373050
82	0.357550	0.373550	0.372150	0.376800	0.377000
83	0.361900	0.373600	0.381500	0.373050	0.385200
84	0.364700	0.385600	0.381350	0.383700	0.384750
85	0.375100	0.388600	0.385950	0.397100	0.391500
86	0.376800	0.389050	0.391800	0.395550	0.403150
87	0.381500	0.401950	0.396250	0.404650	0.405000
88	0.390850	0.402750	0.400450	0.405750	0.409050
89	0.396650	0.409150	0.405300	0.412550	0.409750
90	0.400500	0.410250	0.415200	0.417700	0.424900
91	0.399200	0.417100	0.422550	0.421850	0.428050
92	0.405950	0.427650	0.424350	0.427450	0.426100
93	0.412200	0.428850	0.425350	0.434550	0.437300
94	0.410000	0.432750	0.430300	0.436600	0.435200
95	0.419450	0.434450	0.439900	0.439100	0.443700
96	0.422950	0.441150	0.444300	0.439350	0.447050
97	0.428550	0.443500	0.443400	0.452450	0.449300
98	0.434650	0.449300	0.449550	0.445750	0.448550
99	0.432750	0.452550	0.454900	0.457100	0.454350
100	0.439350	0.461650	0.454200	0.458750	0.465050
101	0.441150	0.456150	0.453850	0.463600	0.473200
102	0.443500	0.464850	0.464350	0.466300	0.469200
103	0.449650	0.467000	0.467900	0.468350	0.472050
104	0.456900	0.472400	0.468100	0.468500	0.472900
105	0.455650	0.474800	0.476600	0.480450	0.478800
106	0.460200	0.477450	0.479100	0.484650	0.482100
107	0.466400	0.480550	0.479450	0.481750	0.491650
108	0.471300	0.490800	0.479200	0.487550	0.489750
109	0.466050	0.491750	0.483450	0.489750	0.498000
110	0.470000	0.491300	0.489450	0.496250	0.503550
111	0.478200	0.494050	0.492850	0.497500	0.501100
112	0.480100	0.496200	0.496900	0.499850	0.505500
113	0.481500	0.502800	0.506600	0.502250	0.507150
114	0.485150	0.501600	0.501650	0.507100	0.509150
115	0.487450	0.511950	0.503300	0.509150	0.508750
116	0.487350	0.509100	0.511050	0.511450	0.517650
117	0.491700	0.512300	0.515400	0.513050	0.517150
118	0.497150	0.517200	0.512050	0.518000	0.521750
119	0.493100	0.514700	0.521350	0.524100	0.519550
120	0.501650	0.515500	0.522700	0.522950	0.524200
121	0.504050	0.525350	0.518700	0.523100	0.530950
122	0.506800	0.531150	0.525600	0.530600	0.530700
123	0.507800	0.527050	0.527600	0.531050	0.534950
124	0.508550	0.533500	0.534750	0.538150	0.533750
125	0.513700	0.529200	0.536050	0.534150	0.540200
126	0.515400	0.540450	0.541150	0.542650	0.540850
127	0.520550	0.542200	0.539000	0.541600	0.546700
128	0.525550	0.547550	0.542650	0.542450	0.547500
129	0.525400	0.545500	0.541800	0.546550	0.550800
130	0.526950	0.546800	0.548500	0.550950	0.555500
131	0.530350	0.546550	0.545650	0.548900	0.552800
132	0.528050	0.548450	0.550300	0.552500	0.559100
133	0.531250	0.556750	0.555500	0.558050	0.562450
134	0.537700	0.554850	0.555800	0.558550	0.561600
135	0.541450	0.557950	0.549950	0.563300	0.564950
136	0.537750	0.561450	0.559850	0.563700	0.565150
137	0.543200	0.560550	0.563950	0.567150	0.568900
138	0.542000	0.566950	0.564500	0.570800	0.569300
139	0.545650	0.569050	0.568150	0.569400	0.573400
140	0.546700	0.561600	0.566400	0.566250	0.576700
141	0.551800	0.571300	0.567550	0.574950	0.578850
142	0.553500	0.574500	0.570900	0.577450	0.577450
143	0.557050	0.574150	0.574600	0.580050	0.584900
144	0.560500	0.577650	0.579500	0.573650	0.585600
145	0.561200	0.577150	0.578200	0.578850	0.580800
146	0.561600	0.581400	0.580550	0.588750	0.589850
147	0.559050	0.579950	0.586400	0.583650	0.588000
148	0.561650	0.577650	0.588050	0.580550	0.589950
149	0.564450	0.587150	0.584700	0.584950	0.590800
150	0.566250	0.590750	0.587950	0.586650	0.593200
151	0.569500	0.588950	0.592200	0.590700	0.593050
152	0.570950	0.592550	0.588300	0.592000	0.599900
153	0.568900	0.594700	0.594600	0.595650	0.598100
154	0.572000	0.590700	0.593400	0.594050	0.601750
155	0.573900	0.594150	0.595000	0.601000	0.603600
156	0.576700	0.599500	0.599950	0.598850	0.599050
157	0.576400	0.599800	0.598550	0.605200	0.608100
158	0.573650	0.604500	0.600450	0.605650	0.605600
159	0.583500	0.603350	0.602650	0.602500	0.606750
160	0.579900	0.612250	0.604250	0.606650	0.609350
161	0.586000	0.607750	0.609400	0.605150	0.612850
162	0.582950	0.607000	0.610600	0.607250	0.609800
163	0.584000	0.610700	0.603550	0.612900	0.613150
164	0.592500	0.603450	0.610850	0.611900	0.617500
165	0.585900	0.612300	0.612850	0.613000	0.617200
166	0.585800	0.619600	0.612450	0.617450	0.622600
167	0.587050	0.619000	0.616350	0.621250	0.617700
168	0.591300	0.613500	0.610950	0.619500	0.618800
169	0.592600	0.617950	0.615400	0.618350	0.619450
170	0.595000	0.619000	0.619750	0.624750	0.627300
171	0.600850	0.622100	0.620400	0.624100	0.624300
172	0.595800	0.621500	0.618050	0.626800	0.627400
173	0.597050	0.625550	0.619750	0.627950	0.629650
174	0.604500	0.622900	0.621950	0.628250	0.631050
175	0.603500	0.626900	0.623750	0.633450	0.630450
176	0.606950	0.626700	0.625400	0.627850	0.630950
177	0.604900	0.628400	0.633600	0.632000	0.629550
178	0.603850	0.627450	0.628500	0.630900	0.637450
179	0.610600	0.629800	0.632150	0.633150	0.632300
180	0.608400	0.630650	0.629400	0.628650	0.641100
181	0.609600	0.634700	0.629200	0.633700	0.640300
182	0.611900	0.633500	0.633100	0.638700	0.637750
183	0.611700	0.637100	0.629950	0.641550	0.639100
184	0.618300	0.637300	0.634750	0.638850	0.639900
185	0.613700	0.635700	0.638050	0.640450	0.640300
186	0.617100	0.637250	0.637250	0.638700	0.649950
187	0.616150	0.637100	0.639450	0.642150	0.648300
188	0.615900	0.641950	0.641150	0.645400	0.647100
189	0.619000	0.643200	0.638950	0.645100	0.648900
190	0.619200	0.644100	0.643750	0.647300	0.642750
191	0.619450	0.643900	0.645250	0.645600	0.650600
192	0.622400	0.643050	0.647150	0.646800	0.652250
193	0.623050	0.643250	0.646450	0.652900	0.651350
194	0.626800	0.643650	0.650350	0.652900	0.652650
195	0.621200	0.647450	0.646150	0.654750	0.653950
196	0.628550	0.650600	0.645300	0.651650	0.654350
197	0.629050	0.647500	0.647100	0.649950	0.654600
198	0.628700	0.653600	0.645850	0.653100	0.662100
199	0.627450	0.650350	0.651700	0.652350	0.651350
200	0.630950	0.654600	0.652750	0.657150	0.661700

=== ESTATÍSTICAS (Load 1-200) ===

[0,12]:
  Média: 0.356203
  Máx: 0.630950
  Mín: 0.000000
  Desvio Padrăo: 0.234141

[2,6]:
  Média: 0.370839
  Máx: 0.654600
  Mín: 0.000000
  Desvio Padrăo: 0.242653

[3,8]:
  Média: 0.370224
  Máx: 0.652750
  Mín: 0.000000
  Desvio Padrăo: 0.242427

[4,11]:
  Média: 0.372597
  Máx: 0.657150
  Mín: 0.000000
  Desvio Padrăo: 0.243590

[5,10]:
  Média: 0.374952
  Máx: 0.662100
  Mín: 0.000000
  Desvio Padrăo: 0.244592
