# MÉDIAS E ESTATÍSTICAS
# Requisição 1: [0,12]
# Modo: SEPARADO
# ============================================================
# Load | Média | DesvioPadrão | Mínimo | Máximo | IC 95% (inferior) | IC 95% (superior)
# ============================================================
   1 | 0.00000000 | 0.00000000 | 0.00000000 | 0.00000000 | 0.00000000 | 0.00000000
   2 | 0.00000000 | 0.00000000 | 0.00000000 | 0.00000000 | 0.00000000 | 0.00000000
   3 | 0.00000000 | 0.00000000 | 0.00000000 | 0.00000000 | 0.00000000 | 0.00000000
   4 | 0.00000000 | 0.00000000 | 0.00000000 | 0.00000000 | 0.00000000 | 0.00000000
   5 | 0.00000000 | 0.00000000 | 0.00000000 | 0.00000000 | 0.00000000 | 0.00000000
   6 | 0.00000000 | 0.00000000 | 0.00000000 | 0.00000000 | 0.00000000 | 0.00000000
   7 | 0.00000000 | 0.00000000 | 0.00000000 | 0.00000000 | 0.00000000 | 0.00000000
   8 | 0.00000000 | 0.00000000 | 0.00000000 | 0.00000000 | 0.00000000 | 0.00000000
   9 | 0.00000000 | 0.00000000 | 0.00000000 | 0.00000000 | 0.00000000 | 0.00000000
  10 | 0.00000000 | 0.00000000 | 0.00000000 | 0.00000000 | 0.00000000 | 0.00000000
  11 | 0.00000000 | 0.00000000 | 0.00000000 | 0.00000000 | 0.00000000 | 0.00000000
  12 | 0.00000000 | 0.00000000 | 0.00000000 | 0.00000000 | 0.00000000 | 0.00000000
  13 | 0.00000000 | 0.00000000 | 0.00000000 | 0.00000000 | 0.00000000 | 0.00000000
  14 | 0.00000000 | 0.00000000 | 0.00000000 | 0.00000000 | 0.00000000 | 0.00000000
  15 | 0.00000000 | 0.00000000 | 0.00000000 | 0.00000000 | 0.00000000 | 0.00000000
  16 | 0.00000000 | 0.00000000 | 0.00000000 | 0.00000000 | 0.00000000 | 0.00000000
  17 | 0.00000000 | 0.00000000 | 0.00000000 | 0.00000000 | 0.00000000 | 0.00000000
  18 | 0.00000000 | 0.00000000 | 0.00000000 | 0.00000000 | 0.00000000 | 0.00000000
  19 | 0.00000000 | 0.00000000 | 0.00000000 | 0.00000000 | 0.00000000 | 0.00000000
  20 | 0.00019782 | 0.00086229 | 0.00000000 | 0.00395648 | -0.00020439 | 0.00060004
  21 | 0.00007112 | 0.00022550 | 0.00000000 | 0.00094206 | -0.00003407 | 0.00017630
  22 | 0.00026760 | 0.00069830 | 0.00000000 | 0.00270636 | -0.00005812 | 0.00059331
  23 | 0.00014981 | 0.00033881 | 0.00000000 | 0.00129032 | -0.00000822 | 0.00030785
  24 | 0.00089498 | 0.00152355 | 0.00000000 | 0.00676213 | 0.00018433 | 0.00160564
  25 | 0.00131733 | 0.00152942 | 0.00000000 | 0.00550964 | 0.00060395 | 0.00203072
  26 | 0.00244356 | 0.00177507 | 0.00000000 | 0.00679245 | 0.00161559 | 0.00327153
  27 | 0.00414400 | 0.00298867 | 0.00000000 | 0.00989749 | 0.00274995 | 0.00553804
  28 | 0.00608742 | 0.00386383 | 0.00073475 | 0.01478171 | 0.00428516 | 0.00788968
  29 | 0.00983298 | 0.00449183 | 0.00282586 | 0.01825698 | 0.00773780 | 0.01192817
  30 | 0.01499012 | 0.00498033 | 0.00303132 | 0.02334890 | 0.01266707 | 0.01731316
  31 | 0.01862607 | 0.00674892 | 0.00712205 | 0.03471792 | 0.01547808 | 0.02177407
  32 | 0.02153618 | 0.00668617 | 0.01079843 | 0.03789027 | 0.01841746 | 0.02465490
  33 | 0.03376086 | 0.00758046 | 0.02215385 | 0.05170850 | 0.03022500 | 0.03729672
  34 | 0.04241129 | 0.01212368 | 0.01541307 | 0.06547793 | 0.03675627 | 0.04806631
  35 | 0.05066577 | 0.01012485 | 0.03150960 | 0.06517483 | 0.04594309 | 0.05538844
  36 | 0.06281909 | 0.01003334 | 0.04789752 | 0.07987048 | 0.05813910 | 0.06749907
  37 | 0.07549170 | 0.01113664 | 0.05598456 | 0.10267857 | 0.07029708 | 0.08068632
  38 | 0.09072631 | 0.00927311 | 0.07513089 | 0.10755739 | 0.08640093 | 0.09505169
  39 | 0.09840277 | 0.00901178 | 0.08395958 | 0.11414709 | 0.09419928 | 0.10260626
  40 | 0.11252990 | 0.01069710 | 0.08902377 | 0.13811615 | 0.10754030 | 0.11751949
  41 | 0.12984098 | 0.00867007 | 0.11186697 | 0.14533041 | 0.12579688 | 0.13388508
  42 | 0.13822840 | 0.01087688 | 0.11960050 | 0.16373991 | 0.13315494 | 0.14330185
  43 | 0.15028102 | 0.01036982 | 0.13241153 | 0.17308136 | 0.14544408 | 0.15511796
  44 | 0.16814496 | 0.01179569 | 0.14335664 | 0.19037247 | 0.16264294 | 0.17364699
  45 | 0.17891987 | 0.01287431 | 0.15165985 | 0.19758772 | 0.17291473 | 0.18492501
  46 | 0.19707211 | 0.01497280 | 0.15847966 | 0.22472634 | 0.19008814 | 0.20405608
  47 | 0.20859988 | 0.01080897 | 0.18251033 | 0.22690507 | 0.20355811 | 0.21364166
  48 | 0.21880928 | 0.01422824 | 0.19592608 | 0.24411223 | 0.21217261 | 0.22544596
  49 | 0.24003111 | 0.01648171 | 0.21260344 | 0.26721377 | 0.23234332 | 0.24771890
  50 | 0.24574381 | 0.01147628 | 0.21961102 | 0.26182330 | 0.24039077 | 0.25109685
  51 | 0.25887460 | 0.01445122 | 0.24224845 | 0.28967877 | 0.25213392 | 0.26561528
  52 | 0.27500196 | 0.01273041 | 0.25331513 | 0.29911638 | 0.26906393 | 0.28093998
  53 | 0.28932232 | 0.01301801 | 0.26691871 | 0.31491406 | 0.28325015 | 0.29539449
  54 | 0.29387324 | 0.01328782 | 0.26924557 | 0.31691966 | 0.28767522 | 0.30007126
  55 | 0.30112427 | 0.00990769 | 0.28278537 | 0.32450927 | 0.29650289 | 0.30574565
  56 | 0.32244580 | 0.01644528 | 0.29246465 | 0.35797127 | 0.31477500 | 0.33011660
  57 | 0.32536396 | 0.01545983 | 0.29223495 | 0.36598291 | 0.31815282 | 0.33257510
  58 | 0.33990109 | 0.01238440 | 0.32141599 | 0.36202830 | 0.33412446 | 0.34567771
  59 | 0.34884190 | 0.01592366 | 0.31920070 | 0.38269551 | 0.34141441 | 0.35626939
  60 | 0.36140411 | 0.01155816 | 0.34603911 | 0.38885224 | 0.35601288 | 0.36679535
  61 | 0.36280610 | 0.01345653 | 0.34357957 | 0.39720591 | 0.35652938 | 0.36908282
  62 | 0.38096874 | 0.01137007 | 0.36082474 | 0.40393930 | 0.37566524 | 0.38627224
  63 | 0.38316428 | 0.01190872 | 0.35651893 | 0.40215692 | 0.37760954 | 0.38871903
  64 | 0.39370209 | 0.01182530 | 0.36474889 | 0.41636142 | 0.38818625 | 0.39921793
  65 | 0.40141286 | 0.01373428 | 0.37163347 | 0.42303649 | 0.39500659 | 0.40781913
  66 | 0.40865426 | 0.01278404 | 0.39202810 | 0.43340349 | 0.40269123 | 0.41461730
  67 | 0.41431013 | 0.01207482 | 0.39655431 | 0.44290759 | 0.40867791 | 0.41994236
  68 | 0.42391726 | 0.00812424 | 0.40277150 | 0.44093010 | 0.42012776 | 0.42770676
  69 | 0.43472979 | 0.01001711 | 0.41147974 | 0.45822567 | 0.43005737 | 0.43940221
  70 | 0.43921423 | 0.00901968 | 0.41818708 | 0.45189546 | 0.43500706 | 0.44342141
  71 | 0.45001638 | 0.00897304 | 0.43168147 | 0.47061253 | 0.44583096 | 0.45420180
  72 | 0.45709038 | 0.01110114 | 0.42811824 | 0.48518672 | 0.45191233 | 0.46226844
  73 | 0.45992017 | 0.01136366 | 0.43680896 | 0.48085927 | 0.45461966 | 0.46522068
  74 | 0.46867953 | 0.00977184 | 0.44937587 | 0.48514851 | 0.46412151 | 0.47323754
  75 | 0.47516569 | 0.00900494 | 0.45021882 | 0.48828229 | 0.47096539 | 0.47936599
  76 | 0.48417814 | 0.01015352 | 0.46013819 | 0.50462435 | 0.47944210 | 0.48891419
  77 | 0.48660210 | 0.00940561 | 0.46272763 | 0.50104302 | 0.48221491 | 0.49098929
  78 | 0.49648125 | 0.00905261 | 0.48224203 | 0.51205727 | 0.49225872 | 0.50070379
  79 | 0.50140730 | 0.00889963 | 0.48504685 | 0.51964846 | 0.49725612 | 0.50555847
  80 | 0.51084625 | 0.00786863 | 0.49093183 | 0.52521525 | 0.50717598 | 0.51451652
  81 | 0.51407585 | 0.00894256 | 0.49625562 | 0.52888176 | 0.50990465 | 0.51824706
  82 | 0.52031747 | 0.00944406 | 0.50236737 | 0.53451582 | 0.51591235 | 0.52472260
  83 | 0.52782036 | 0.01074321 | 0.50602706 | 0.54408449 | 0.52280926 | 0.53283146
  84 | 0.53119888 | 0.00773348 | 0.52072693 | 0.55122125 | 0.52759164 | 0.53480611
  85 | 0.53223208 | 0.01011417 | 0.51964648 | 0.55081659 | 0.52751439 | 0.53694978
  86 | 0.53660237 | 0.00738740 | 0.52030606 | 0.55024199 | 0.53315656 | 0.54004818
  87 | 0.54677774 | 0.01028647 | 0.52850647 | 0.56508876 | 0.54197968 | 0.55157580
  88 | 0.55018301 | 0.00674506 | 0.53823629 | 0.56252842 | 0.54703682 | 0.55332920
  89 | 0.55641624 | 0.00719208 | 0.54257605 | 0.56893697 | 0.55306154 | 0.55977094
  90 | 0.56353692 | 0.00868515 | 0.55211429 | 0.58637946 | 0.55948578 | 0.56758805
  91 | 0.56360621 | 0.00607537 | 0.55074709 | 0.57241902 | 0.56077239 | 0.56644003
  92 | 0.56970914 | 0.00743800 | 0.55554321 | 0.58750137 | 0.56623973 | 0.57317855
  93 | 0.57324893 | 0.00577107 | 0.56242657 | 0.58335983 | 0.57055705 | 0.57594081
  94 | 0.58001102 | 0.00692370 | 0.56849240 | 0.59208298 | 0.57678150 | 0.58324054
  95 | 0.58465979 | 0.00709279 | 0.57380192 | 0.59865145 | 0.58135140 | 0.58796818
  96 | 0.58749346 | 0.00735215 | 0.57051282 | 0.60002071 | 0.58406410 | 0.59092283
  97 | 0.59157807 | 0.00533358 | 0.58245210 | 0.60308699 | 0.58909025 | 0.59406588
  98 | 0.59758953 | 0.00682611 | 0.58527883 | 0.61285814 | 0.59440553 | 0.60077353
  99 | 0.59995125 | 0.00709569 | 0.58505051 | 0.61159964 | 0.59664151 | 0.60326099
 100 | 0.60334649 | 0.00814240 | 0.59049064 | 0.62286220 | 0.59954852 | 0.60714446
 101 | 0.60971111 | 0.00783662 | 0.59403512 | 0.62811440 | 0.60605576 | 0.61336645
 102 | 0.61050116 | 0.00786753 | 0.59609776 | 0.62634591 | 0.60683140 | 0.61417092
 103 | 0.61461168 | 0.00737048 | 0.60202788 | 0.62930870 | 0.61117377 | 0.61804960
 104 | 0.61822077 | 0.00904484 | 0.59792503 | 0.63017497 | 0.61400187 | 0.62243968
 105 | 0.62371935 | 0.00601509 | 0.61268958 | 0.63304397 | 0.62091365 | 0.62652506
 106 | 0.62874298 | 0.00515214 | 0.62209302 | 0.64309331 | 0.62633980 | 0.63114617
 107 | 0.62739535 | 0.00631066 | 0.61380282 | 0.63960617 | 0.62445178 | 0.63033892
 108 | 0.63294956 | 0.00650744 | 0.62069291 | 0.64112940 | 0.62991420 | 0.63598491
 109 | 0.63728260 | 0.00658513 | 0.62335044 | 0.64828967 | 0.63421101 | 0.64035420
 110 | 0.63945760 | 0.00645712 | 0.62663976 | 0.65204784 | 0.63644572 | 0.64246949
 111 | 0.64094542 | 0.00548513 | 0.63051849 | 0.64887816 | 0.63838692 | 0.64350393
 112 | 0.64400708 | 0.00760150 | 0.62350230 | 0.66414405 | 0.64046141 | 0.64755276
 113 | 0.64898370 | 0.00652275 | 0.63635553 | 0.65887684 | 0.64594120 | 0.65202619
 114 | 0.65193847 | 0.00483525 | 0.64300366 | 0.66189609 | 0.64968309 | 0.65419384
 115 | 0.65231166 | 0.00718593 | 0.64138114 | 0.66589047 | 0.64895983 | 0.65566349
 116 | 0.65508590 | 0.00615940 | 0.64303601 | 0.66951715 | 0.65221289 | 0.65795892
 117 | 0.65944069 | 0.00466318 | 0.65203950 | 0.66888533 | 0.65726558 | 0.66161580
 118 | 0.66254935 | 0.00484690 | 0.65480336 | 0.66984536 | 0.66028854 | 0.66481016
 119 | 0.66534271 | 0.00603225 | 0.65108255 | 0.67677781 | 0.66252900 | 0.66815641
 120 | 0.66760040 | 0.00627752 | 0.65823206 | 0.67705193 | 0.66467230 | 0.67052851
 121 | 0.67455395 | 0.00551637 | 0.66169486 | 0.68244463 | 0.67198087 | 0.67712703
 122 | 0.67112837 | 0.00529960 | 0.66105985 | 0.68074656 | 0.66865640 | 0.67360033
 123 | 0.67464691 | 0.00580879 | 0.66347946 | 0.68695510 | 0.67193744 | 0.67735638
 124 | 0.68028053 | 0.00581494 | 0.67163347 | 0.69034022 | 0.67756819 | 0.68299288
 125 | 0.68300188 | 0.00494753 | 0.67165982 | 0.69065826 | 0.68069413 | 0.68530962
 126 | 0.68295478 | 0.00476148 | 0.67001377 | 0.69294408 | 0.68073382 | 0.68517574
 127 | 0.68415014 | 0.00618266 | 0.67702448 | 0.70128166 | 0.68126628 | 0.68703401
 128 | 0.68826248 | 0.00590484 | 0.67103267 | 0.69750834 | 0.68550820 | 0.69101676
 129 | 0.68940929 | 0.00597334 | 0.67815113 | 0.69955157 | 0.68662306 | 0.69219552
 130 | 0.69200243 | 0.00448814 | 0.68412502 | 0.70054335 | 0.68990897 | 0.69409589
 131 | 0.69622237 | 0.00379614 | 0.68954349 | 0.70530556 | 0.69445168 | 0.69799306
 132 | 0.69618135 | 0.00524913 | 0.68471362 | 0.70334210 | 0.69373293 | 0.69862977
 133 | 0.69836726 | 0.00460489 | 0.69102093 | 0.71021132 | 0.69621934 | 0.70051519
 134 | 0.70091789 | 0.00528287 | 0.68915862 | 0.70941317 | 0.69845373 | 0.70338206
 135 | 0.70436307 | 0.00318585 | 0.69679104 | 0.71133270 | 0.70287705 | 0.70584909
 136 | 0.70798615 | 0.00520584 | 0.69429098 | 0.71752309 | 0.70555792 | 0.71041438
 137 | 0.70661225 | 0.00389999 | 0.69706792 | 0.71181997 | 0.70479313 | 0.70843138
 138 | 0.70986250 | 0.00457746 | 0.70131387 | 0.71811069 | 0.70772737 | 0.71199762
 139 | 0.71189887 | 0.00550437 | 0.70072625 | 0.72031530 | 0.70933139 | 0.71446635
 140 | 0.71480270 | 0.00533892 | 0.70648734 | 0.72631206 | 0.71231240 | 0.71729301
 141 | 0.71747363 | 0.00569253 | 0.70515759 | 0.72874947 | 0.71481838 | 0.72012887
 142 | 0.71901324 | 0.00334058 | 0.71259954 | 0.72527395 | 0.71745504 | 0.72057143
 143 | 0.71952432 | 0.00480369 | 0.70957026 | 0.72901057 | 0.71728366 | 0.72176497
 144 | 0.72268098 | 0.00459764 | 0.71542777 | 0.73055730 | 0.72053644 | 0.72482552
 145 | 0.72539824 | 0.00480456 | 0.71619366 | 0.73524920 | 0.72315719 | 0.72763930
 146 | 0.72597910 | 0.00471481 | 0.71495392 | 0.73268346 | 0.72377991 | 0.72817829
 147 | 0.72846779 | 0.00465588 | 0.72148523 | 0.73933141 | 0.72629608 | 0.73063949
 148 | 0.73089419 | 0.00356336 | 0.72530040 | 0.73954833 | 0.72923208 | 0.73255630
 149 | 0.73095496 | 0.00533333 | 0.71986862 | 0.74005147 | 0.72846726 | 0.73344266
 150 | 0.73345385 | 0.00405883 | 0.72196309 | 0.74231568 | 0.73156064 | 0.73534707
 151 | 0.73538399 | 0.00569273 | 0.72734463 | 0.74600119 | 0.73272865 | 0.73803933
 152 | 0.73590194 | 0.00511420 | 0.72802985 | 0.74371336 | 0.73351645 | 0.73828742
 153 | 0.73683126 | 0.00407543 | 0.72576488 | 0.74224004 | 0.73493030 | 0.73873222
 154 | 0.74033593 | 0.00342504 | 0.73564272 | 0.74861451 | 0.73873834 | 0.74193352
 155 | 0.74086680 | 0.00319025 | 0.73590698 | 0.74788988 | 0.73937873 | 0.74235487
 156 | 0.74255750 | 0.00366854 | 0.73578207 | 0.74922405 | 0.74084633 | 0.74426866
 157 | 0.74414394 | 0.00471993 | 0.73267327 | 0.75273189 | 0.74194236 | 0.74634552
 158 | 0.74750126 | 0.00514111 | 0.73929986 | 0.75900971 | 0.74510323 | 0.74989930
 159 | 0.74788382 | 0.00521478 | 0.73704475 | 0.75829267 | 0.74545142 | 0.75031623
 160 | 0.74939075 | 0.00420679 | 0.74313307 | 0.75837894 | 0.74742852 | 0.75135298
 161 | 0.74971010 | 0.00453491 | 0.73965237 | 0.75630040 | 0.74759482 | 0.75182538
 162 | 0.75411614 | 0.00382385 | 0.74638172 | 0.76161542 | 0.75233253 | 0.75589976
 163 | 0.75514980 | 0.00317315 | 0.74908414 | 0.76113876 | 0.75366970 | 0.75662990
 164 | 0.75561689 | 0.00383248 | 0.74574292 | 0.76106994 | 0.75382925 | 0.75740452
 165 | 0.75806375 | 0.00435532 | 0.74952793 | 0.76868796 | 0.75603224 | 0.76009526
 166 | 0.75997970 | 0.00371431 | 0.75339258 | 0.76647778 | 0.75824718 | 0.76171221
 167 | 0.75949359 | 0.00405441 | 0.75258103 | 0.76625239 | 0.75760244 | 0.76138475
 168 | 0.76053170 | 0.00360523 | 0.75048263 | 0.76502926 | 0.75885007 | 0.76221334
 169 | 0.76464296 | 0.00432239 | 0.75309224 | 0.77286032 | 0.76262680 | 0.76665911
 170 | 0.76409607 | 0.00362706 | 0.75747508 | 0.77060407 | 0.76240425 | 0.76578788
 171 | 0.76639770 | 0.00409198 | 0.75365579 | 0.77135066 | 0.76448902 | 0.76830638
 172 | 0.76584383 | 0.00470789 | 0.75800691 | 0.77666474 | 0.76364786 | 0.76803980
 173 | 0.76631253 | 0.00324012 | 0.75940421 | 0.77152413 | 0.76480120 | 0.76782387
 174 | 0.77145255 | 0.00441158 | 0.76344705 | 0.77754785 | 0.76939480 | 0.77351031
 175 | 0.77120508 | 0.00420673 | 0.76226135 | 0.77796862 | 0.76924288 | 0.77316729
 176 | 0.77252036 | 0.00332676 | 0.76567939 | 0.77952265 | 0.77096861 | 0.77407211
 177 | 0.77285381 | 0.00380917 | 0.76613361 | 0.77980404 | 0.77107705 | 0.77463057
 178 | 0.77618844 | 0.00290610 | 0.76846398 | 0.78037016 | 0.77483291 | 0.77754397
 179 | 0.77608084 | 0.00326403 | 0.76642664 | 0.78061281 | 0.77455835 | 0.77760332
 180 | 0.77810037 | 0.00334044 | 0.77244016 | 0.78662333 | 0.77654225 | 0.77965850
 181 | 0.77737537 | 0.00331246 | 0.76834428 | 0.78115870 | 0.77583029 | 0.77892044
 182 | 0.78044072 | 0.00361463 | 0.77415122 | 0.78987856 | 0.77875470 | 0.78212674
 183 | 0.78154296 | 0.00431366 | 0.77396923 | 0.78968384 | 0.77953088 | 0.78355504
 184 | 0.78164858 | 0.00318815 | 0.77491503 | 0.78880545 | 0.78016149 | 0.78313567
 185 | 0.78196411 | 0.00332803 | 0.77630291 | 0.79045420 | 0.78041177 | 0.78351645
 186 | 0.78597140 | 0.00335566 | 0.78007075 | 0.79415608 | 0.78440617 | 0.78753662
 187 | 0.78583107 | 0.00421690 | 0.77901702 | 0.79471968 | 0.78386413 | 0.78779802
 188 | 0.78613884 | 0.00289011 | 0.78215657 | 0.79230522 | 0.78479077 | 0.78748692
 189 | 0.78877432 | 0.00436935 | 0.77997864 | 0.79672286 | 0.78673627 | 0.79081238
 190 | 0.78764472 | 0.00402716 | 0.77878950 | 0.79325961 | 0.78576628 | 0.78952317
 191 | 0.79126397 | 0.00404295 | 0.78272951 | 0.79764498 | 0.78937816 | 0.79314978
 192 | 0.79192728 | 0.00354159 | 0.78545115 | 0.79735637 | 0.79027532 | 0.79357923
 193 | 0.79160056 | 0.00297686 | 0.78715194 | 0.79844519 | 0.79021202 | 0.79298910
 194 | 0.79329106 | 0.00446307 | 0.78451248 | 0.80314719 | 0.79120929 | 0.79537283
 195 | 0.79345918 | 0.00296122 | 0.78598613 | 0.79771699 | 0.79207794 | 0.79484043
 196 | 0.79583513 | 0.00384144 | 0.78545157 | 0.80347233 | 0.79404331 | 0.79762694
 197 | 0.79641724 | 0.00313603 | 0.78895016 | 0.80356962 | 0.79495446 | 0.79788002
 198 | 0.79890752 | 0.00367722 | 0.79251358 | 0.80569190 | 0.79719230 | 0.80062273
 199 | 0.79859972 | 0.00340137 | 0.79304094 | 0.80523169 | 0.79701318 | 0.80018627
 200 | 0.80094579 | 0.00294830 | 0.79480480 | 0.80692357 | 0.79957057 | 0.80232101
