# MÉDIAS E ESTATÍSTICAS
# Requisição 5: [3,8]
# Modo: SEPARADO
# ============================================================
# Load | Média | DesvioPadrão | Mínimo | Máximo | IC 95% (inferior) | IC 95% (superior)
# ============================================================
   1 | 0.00000000 | 0.00000000 | 0.00000000 | 0.00000000 | 0.00000000 | 0.00000000
   2 | 0.00000000 | 0.00000000 | 0.00000000 | 0.00000000 | 0.00000000 | 0.00000000
   3 | 0.00000000 | 0.00000000 | 0.00000000 | 0.00000000 | 0.00000000 | 0.00000000
   4 | 0.00000000 | 0.00000000 | 0.00000000 | 0.00000000 | 0.00000000 | 0.00000000
   5 | 0.00000000 | 0.00000000 | 0.00000000 | 0.00000000 | 0.00000000 | 0.00000000
   6 | 0.00000000 | 0.00000000 | 0.00000000 | 0.00000000 | 0.00000000 | 0.00000000
   7 | 0.00000000 | 0.00000000 | 0.00000000 | 0.00000000 | 0.00000000 | 0.00000000
   8 | 0.00000000 | 0.00000000 | 0.00000000 | 0.00000000 | 0.00000000 | 0.00000000
   9 | 0.00000000 | 0.00000000 | 0.00000000 | 0.00000000 | 0.00000000 | 0.00000000
  10 | 0.00000000 | 0.00000000 | 0.00000000 | 0.00000000 | 0.00000000 | 0.00000000
  11 | 0.00000000 | 0.00000000 | 0.00000000 | 0.00000000 | 0.00000000 | 0.00000000
  12 | 0.00000000 | 0.00000000 | 0.00000000 | 0.00000000 | 0.00000000 | 0.00000000
  13 | 0.00000000 | 0.00000000 | 0.00000000 | 0.00000000 | 0.00000000 | 0.00000000
  14 | 0.00000000 | 0.00000000 | 0.00000000 | 0.00000000 | 0.00000000 | 0.00000000
  15 | 0.00000000 | 0.00000000 | 0.00000000 | 0.00000000 | 0.00000000 | 0.00000000
  16 | 0.00000000 | 0.00000000 | 0.00000000 | 0.00000000 | 0.00000000 | 0.00000000
  17 | 0.00000000 | 0.00000000 | 0.00000000 | 0.00000000 | 0.00000000 | 0.00000000
  18 | 0.00000000 | 0.00000000 | 0.00000000 | 0.00000000 | 0.00000000 | 0.00000000
  19 | 0.00000000 | 0.00000000 | 0.00000000 | 0.00000000 | 0.00000000 | 0.00000000
  20 | 0.00000000 | 0.00000000 | 0.00000000 | 0.00000000 | 0.00000000 | 0.00000000
  21 | 0.00007282 | 0.00031740 | 0.00000000 | 0.00145631 | -0.00007523 | 0.00022086
  22 | 0.00006800 | 0.00029639 | 0.00000000 | 0.00135993 | -0.00007025 | 0.00020625
  23 | 0.00055203 | 0.00120799 | 0.00000000 | 0.00543933 | -0.00001143 | 0.00111550
  24 | 0.00054453 | 0.00069003 | 0.00000000 | 0.00252313 | 0.00022267 | 0.00086638
  25 | 0.00123020 | 0.00113479 | 0.00000000 | 0.00436681 | 0.00070088 | 0.00175951
  26 | 0.00288125 | 0.00212936 | 0.00000000 | 0.00697134 | 0.00188803 | 0.00387448
  27 | 0.00361909 | 0.00262606 | 0.00000000 | 0.00885637 | 0.00239418 | 0.00484400
  28 | 0.00608078 | 0.00286912 | 0.00143421 | 0.01390374 | 0.00474249 | 0.00741906
  29 | 0.00940384 | 0.00541525 | 0.00104639 | 0.02433410 | 0.00687793 | 0.01192975
  30 | 0.01390204 | 0.00603067 | 0.00272944 | 0.02650291 | 0.01108907 | 0.01671501
  31 | 0.01834589 | 0.00826346 | 0.00298013 | 0.03540942 | 0.01449145 | 0.02220033
  32 | 0.02821154 | 0.00863628 | 0.00712897 | 0.04019638 | 0.02418320 | 0.03223988
  33 | 0.03299980 | 0.00651472 | 0.02015748 | 0.04261705 | 0.02996105 | 0.03603855
  34 | 0.04258945 | 0.00564530 | 0.03167421 | 0.05399883 | 0.03995624 | 0.04522267
  35 | 0.05259361 | 0.01018567 | 0.03751465 | 0.07465619 | 0.04784257 | 0.05734465
  36 | 0.06563706 | 0.01484856 | 0.04548105 | 0.10010764 | 0.05871104 | 0.07256307
  37 | 0.07549264 | 0.01279725 | 0.05566434 | 0.10363392 | 0.06952344 | 0.08146184
  38 | 0.09304709 | 0.01283295 | 0.07434748 | 0.11817254 | 0.08706124 | 0.09903294
  39 | 0.10228687 | 0.01190210 | 0.08687852 | 0.12708861 | 0.09673521 | 0.10783853
  40 | 0.11565885 | 0.01398529 | 0.08935065 | 0.14003945 | 0.10913549 | 0.12218220
  41 | 0.11792026 | 0.00936537 | 0.10214127 | 0.13189569 | 0.11355184 | 0.12228868
  42 | 0.14153311 | 0.01125187 | 0.12161509 | 0.17117944 | 0.13628474 | 0.14678147
  43 | 0.15316931 | 0.01145964 | 0.12636430 | 0.17051013 | 0.14782403 | 0.15851459
  44 | 0.17343746 | 0.01362040 | 0.15325222 | 0.21234676 | 0.16708431 | 0.17979061
  45 | 0.17998983 | 0.01009102 | 0.15581448 | 0.19571397 | 0.17528294 | 0.18469673
  46 | 0.19446965 | 0.01421316 | 0.16487455 | 0.21986272 | 0.18784001 | 0.20109929
  47 | 0.20290210 | 0.01256024 | 0.17671382 | 0.22404717 | 0.19704345 | 0.20876074
  48 | 0.22615903 | 0.01187331 | 0.20423280 | 0.25787728 | 0.22062080 | 0.23169726
  49 | 0.23690765 | 0.01499760 | 0.20163488 | 0.27036887 | 0.22991211 | 0.24390319
  50 | 0.24906909 | 0.01150017 | 0.22705216 | 0.28214707 | 0.24370491 | 0.25443327
  51 | 0.26005988 | 0.01340913 | 0.23755924 | 0.29282407 | 0.25380528 | 0.26631449
  52 | 0.27399136 | 0.01015271 | 0.24784483 | 0.28967877 | 0.26925569 | 0.27872702
  53 | 0.28038982 | 0.01394418 | 0.25224365 | 0.31052825 | 0.27388565 | 0.28689400
  54 | 0.29346208 | 0.01172775 | 0.27195628 | 0.31862475 | 0.28799175 | 0.29893242
  55 | 0.30533218 | 0.01149187 | 0.28118590 | 0.33220399 | 0.29997187 | 0.31069250
  56 | 0.31791792 | 0.01458111 | 0.29348421 | 0.34753521 | 0.31111665 | 0.32471919
  57 | 0.32585493 | 0.01268784 | 0.30220470 | 0.34818797 | 0.31993677 | 0.33177310
  58 | 0.33365340 | 0.01074248 | 0.31129089 | 0.35202864 | 0.32864263 | 0.33866416
  59 | 0.34695300 | 0.01331427 | 0.32236389 | 0.37296935 | 0.34074264 | 0.35316336
  60 | 0.35519678 | 0.00703861 | 0.34046136 | 0.37075503 | 0.35191366 | 0.35847990
  61 | 0.35919801 | 0.01082115 | 0.33858268 | 0.37723287 | 0.35415055 | 0.36424547
  62 | 0.37613398 | 0.01230071 | 0.35062173 | 0.40413622 | 0.37039639 | 0.38187157
  63 | 0.38537033 | 0.01362280 | 0.35259092 | 0.40434577 | 0.37901606 | 0.39172460
  64 | 0.39921739 | 0.01201464 | 0.37878310 | 0.42253091 | 0.39361324 | 0.40482155
  65 | 0.40563877 | 0.01139906 | 0.38405004 | 0.42284418 | 0.40032175 | 0.41095579
  66 | 0.41099762 | 0.01003925 | 0.37934800 | 0.43118715 | 0.40631488 | 0.41568037
  67 | 0.42088095 | 0.01035013 | 0.40026420 | 0.44039146 | 0.41605320 | 0.42570871
  68 | 0.42822715 | 0.00943692 | 0.40678470 | 0.44827586 | 0.42382536 | 0.43262895
  69 | 0.43688492 | 0.00931445 | 0.41816560 | 0.45388179 | 0.43254025 | 0.44122959
  70 | 0.44568469 | 0.00993843 | 0.42871705 | 0.46456140 | 0.44104897 | 0.45032041
  71 | 0.44891910 | 0.00915856 | 0.42470487 | 0.46228778 | 0.44464715 | 0.45319105
  72 | 0.45408169 | 0.01078534 | 0.43035075 | 0.46676614 | 0.44905093 | 0.45911244
  73 | 0.46390973 | 0.00599035 | 0.45403170 | 0.47726970 | 0.46111557 | 0.46670389
  74 | 0.47348535 | 0.00808833 | 0.46281667 | 0.49070924 | 0.46971260 | 0.47725810
  75 | 0.47465234 | 0.01070012 | 0.45051659 | 0.49264706 | 0.46966133 | 0.47964334
  76 | 0.48258001 | 0.00985199 | 0.46548696 | 0.50325131 | 0.47798461 | 0.48717541
  77 | 0.49292567 | 0.00895545 | 0.47526042 | 0.50876967 | 0.48874846 | 0.49710288
  78 | 0.49620341 | 0.01089758 | 0.46826736 | 0.51766046 | 0.49112030 | 0.50128652
  79 | 0.50105345 | 0.01053092 | 0.48009307 | 0.51849047 | 0.49614136 | 0.50596553
  80 | 0.50366787 | 0.00794233 | 0.48462814 | 0.51743745 | 0.49996322 | 0.50737252
  81 | 0.51296881 | 0.00848149 | 0.49372962 | 0.53397817 | 0.50901267 | 0.51692495
  82 | 0.51582120 | 0.00913336 | 0.49601667 | 0.53036876 | 0.51156100 | 0.52008140
  83 | 0.52322587 | 0.00858218 | 0.50411523 | 0.53584998 | 0.51922277 | 0.52722898
  84 | 0.52616474 | 0.00729386 | 0.51503174 | 0.53876668 | 0.52276257 | 0.52956692
  85 | 0.53483740 | 0.00796047 | 0.51807517 | 0.54919749 | 0.53112429 | 0.53855052
  86 | 0.54354596 | 0.00850461 | 0.52557485 | 0.55698382 | 0.53957904 | 0.54751288
  87 | 0.54984047 | 0.00837809 | 0.53473684 | 0.56475801 | 0.54593257 | 0.55374838
  88 | 0.55151024 | 0.00826207 | 0.53808382 | 0.57096303 | 0.54765646 | 0.55536403
  89 | 0.55707441 | 0.00653915 | 0.54105406 | 0.56809995 | 0.55402427 | 0.56012456
  90 | 0.56319761 | 0.00960753 | 0.54556664 | 0.58552273 | 0.55871624 | 0.56767898
  91 | 0.56277712 | 0.00803977 | 0.54737424 | 0.57964843 | 0.55902702 | 0.56652722
  92 | 0.57239488 | 0.00880633 | 0.56047069 | 0.59030979 | 0.56828722 | 0.57650254
  93 | 0.57522161 | 0.00842973 | 0.55966549 | 0.59322215 | 0.57128961 | 0.57915360
  94 | 0.58307120 | 0.00922584 | 0.56784027 | 0.60002087 | 0.57876786 | 0.58737453
  95 | 0.58148285 | 0.00642724 | 0.57178032 | 0.59658682 | 0.57848491 | 0.58448080
  96 | 0.58700043 | 0.00715821 | 0.57425214 | 0.59956395 | 0.58366152 | 0.59033933
  97 | 0.59098419 | 0.00701088 | 0.57975396 | 0.60199671 | 0.58771401 | 0.59425437
  98 | 0.59774339 | 0.00581662 | 0.58768257 | 0.60948466 | 0.59503026 | 0.60045652
  99 | 0.60032357 | 0.00616551 | 0.58960905 | 0.61639809 | 0.59744771 | 0.60319944
 100 | 0.60556354 | 0.00873292 | 0.59467337 | 0.62143773 | 0.60149013 | 0.60963696
 101 | 0.60826998 | 0.00603227 | 0.59430177 | 0.61596327 | 0.60545627 | 0.61108370
 102 | 0.60812332 | 0.00687434 | 0.59507919 | 0.62137891 | 0.60491682 | 0.61132981
 103 | 0.61312514 | 0.00787090 | 0.59970458 | 0.63343837 | 0.60945380 | 0.61679647
 104 | 0.62086046 | 0.00656276 | 0.60496943 | 0.63000478 | 0.61779930 | 0.62392162
 105 | 0.62135360 | 0.00759081 | 0.60504283 | 0.63054004 | 0.61781292 | 0.62489429
 106 | 0.62617449 | 0.00936250 | 0.61050142 | 0.64543505 | 0.62180741 | 0.63054157
 107 | 0.62904155 | 0.00754503 | 0.61230151 | 0.64219158 | 0.62552222 | 0.63256089
 108 | 0.63066217 | 0.00677104 | 0.61904762 | 0.64751098 | 0.62750386 | 0.63382048
 109 | 0.63332794 | 0.00521027 | 0.62463045 | 0.64225429 | 0.63089764 | 0.63575823
 110 | 0.63781713 | 0.00537827 | 0.62921450 | 0.65621329 | 0.63530847 | 0.64032579
 111 | 0.64138606 | 0.00678442 | 0.63108108 | 0.65504947 | 0.63822151 | 0.64455062
 112 | 0.64251044 | 0.00514523 | 0.62888829 | 0.64960737 | 0.64011048 | 0.64491040
 113 | 0.64884538 | 0.00544139 | 0.63314997 | 0.65664205 | 0.64630728 | 0.65138348
 114 | 0.65242168 | 0.00595088 | 0.63785171 | 0.66596859 | 0.64964593 | 0.65519743
 115 | 0.65399121 | 0.00516998 | 0.64317065 | 0.66327247 | 0.65157971 | 0.65640272
 116 | 0.65648697 | 0.00523379 | 0.64625436 | 0.66549688 | 0.65404570 | 0.65892824
 117 | 0.66109090 | 0.00630984 | 0.64977594 | 0.67303063 | 0.65814772 | 0.66403409
 118 | 0.66215862 | 0.00620036 | 0.65025381 | 0.67833154 | 0.65926650 | 0.66505074
 119 | 0.66623470 | 0.00400714 | 0.65996112 | 0.67528639 | 0.66436559 | 0.66810380
 120 | 0.67032594 | 0.00536127 | 0.65465796 | 0.67846436 | 0.66782521 | 0.67282667
 121 | 0.67066487 | 0.00770253 | 0.65401581 | 0.68332654 | 0.66707207 | 0.67425767
 122 | 0.67561212 | 0.00437269 | 0.66786041 | 0.68294079 | 0.67357250 | 0.67765173
 123 | 0.67530294 | 0.00534112 | 0.66399471 | 0.68547409 | 0.67281160 | 0.67779427
 124 | 0.67881132 | 0.00488255 | 0.66622746 | 0.68591076 | 0.67653389 | 0.68108876
 125 | 0.67957561 | 0.00526707 | 0.66934447 | 0.68816776 | 0.67711882 | 0.68203240
 126 | 0.68281377 | 0.00652497 | 0.66661319 | 0.69948879 | 0.67977024 | 0.68585730
 127 | 0.68541369 | 0.00563873 | 0.67155520 | 0.69568261 | 0.68278354 | 0.68804385
 128 | 0.69349060 | 0.00613951 | 0.67923338 | 0.70204300 | 0.69062687 | 0.69635433
 129 | 0.69222854 | 0.00664138 | 0.67618309 | 0.70521699 | 0.68913071 | 0.69532637
 130 | 0.69483351 | 0.00487654 | 0.68804280 | 0.70583723 | 0.69255888 | 0.69710814
 131 | 0.69500777 | 0.00441217 | 0.68583461 | 0.70252294 | 0.69294974 | 0.69706580
 132 | 0.69761329 | 0.00752517 | 0.68224082 | 0.70934489 | 0.69410322 | 0.70112336
 133 | 0.69965787 | 0.00474164 | 0.69304447 | 0.71161964 | 0.69744616 | 0.70186958
 134 | 0.70277663 | 0.00537241 | 0.69570161 | 0.71957243 | 0.70027070 | 0.70528255
 135 | 0.70338579 | 0.00565576 | 0.69444237 | 0.71637981 | 0.70074769 | 0.70602388
 136 | 0.70578367 | 0.00659673 | 0.68792625 | 0.72609562 | 0.70270667 | 0.70886068
 137 | 0.70938687 | 0.00620114 | 0.70030670 | 0.72582382 | 0.70649439 | 0.71227936
 138 | 0.70925835 | 0.00518036 | 0.70057442 | 0.71965713 | 0.70684200 | 0.71167470
 139 | 0.71448046 | 0.00575623 | 0.70364178 | 0.72636923 | 0.71179551 | 0.71716542
 140 | 0.71425931 | 0.00528962 | 0.70590350 | 0.72565236 | 0.71179200 | 0.71672662
 141 | 0.71797910 | 0.00354640 | 0.71053568 | 0.72397970 | 0.71632490 | 0.71963329
 142 | 0.71761299 | 0.00542588 | 0.70666103 | 0.72995101 | 0.71508212 | 0.72014386
 143 | 0.72051871 | 0.00290028 | 0.71525590 | 0.72650402 | 0.71916589 | 0.72187153
 144 | 0.72366703 | 0.00448645 | 0.71733933 | 0.73297675 | 0.72157435 | 0.72575970
 145 | 0.72379598 | 0.00431490 | 0.71508341 | 0.73301337 | 0.72178332 | 0.72580863
 146 | 0.72614813 | 0.00332862 | 0.72081218 | 0.73260073 | 0.72459552 | 0.72770074
 147 | 0.72964424 | 0.00390565 | 0.72312345 | 0.73795684 | 0.72782247 | 0.73146600
 148 | 0.73132279 | 0.00401570 | 0.72310730 | 0.73948969 | 0.72944969 | 0.73319589
 149 | 0.73111025 | 0.00535562 | 0.72037626 | 0.74012543 | 0.72861215 | 0.73360835
 150 | 0.73425352 | 0.00388787 | 0.72564479 | 0.74128041 | 0.73244005 | 0.73606700
 151 | 0.73428085 | 0.00358470 | 0.72585876 | 0.74282901 | 0.73260879 | 0.73595291
 152 | 0.73818719 | 0.00442470 | 0.72509746 | 0.74749305 | 0.73612332 | 0.74025106
 153 | 0.73907093 | 0.00383149 | 0.73176753 | 0.74545572 | 0.73728375 | 0.74085810
 154 | 0.74127107 | 0.00493510 | 0.73286270 | 0.75017761 | 0.73896912 | 0.74357301
 155 | 0.74409609 | 0.00515041 | 0.73552487 | 0.75242843 | 0.74169372 | 0.74649847
 156 | 0.74407805 | 0.00420644 | 0.73720313 | 0.75212052 | 0.74211599 | 0.74604012
 157 | 0.74406514 | 0.00389732 | 0.73599435 | 0.75266160 | 0.74224726 | 0.74588302
 158 | 0.74660640 | 0.00478778 | 0.73953459 | 0.75514701 | 0.74437317 | 0.74883963
 159 | 0.74826859 | 0.00390316 | 0.74237805 | 0.75683163 | 0.74644798 | 0.75008919
 160 | 0.75141048 | 0.00422412 | 0.74372771 | 0.76289043 | 0.74944016 | 0.75338080
 161 | 0.75105721 | 0.00380219 | 0.74388489 | 0.76041219 | 0.74928371 | 0.75283072
 162 | 0.75195280 | 0.00384291 | 0.74555881 | 0.75822551 | 0.75016030 | 0.75374530
 163 | 0.75450516 | 0.00509238 | 0.74484935 | 0.76610789 | 0.75212985 | 0.75688047
 164 | 0.75775759 | 0.00398550 | 0.74940202 | 0.76550258 | 0.75589858 | 0.75961660
 165 | 0.75804980 | 0.00415601 | 0.75176492 | 0.76477684 | 0.75611126 | 0.75998834
 166 | 0.76108397 | 0.00462335 | 0.75087508 | 0.76975945 | 0.75892744 | 0.76324051
 167 | 0.76059448 | 0.00464763 | 0.75291361 | 0.76917563 | 0.75842662 | 0.76276233
 168 | 0.76205834 | 0.00306592 | 0.75708942 | 0.76841176 | 0.76062826 | 0.76348842
 169 | 0.76299375 | 0.00355053 | 0.75512988 | 0.77120141 | 0.76133763 | 0.76464987
 170 | 0.76469578 | 0.00240418 | 0.76119844 | 0.76958498 | 0.76357437 | 0.76581720
 171 | 0.76602800 | 0.00434823 | 0.75798685 | 0.77251323 | 0.76399980 | 0.76805621
 172 | 0.76668335 | 0.00406442 | 0.75653737 | 0.77374366 | 0.76478753 | 0.76857917
 173 | 0.76762446 | 0.00307956 | 0.76243254 | 0.77321148 | 0.76618802 | 0.76906090
 174 | 0.77069157 | 0.00389941 | 0.76295868 | 0.77822650 | 0.76887272 | 0.77251043
 175 | 0.77239191 | 0.00425747 | 0.76468887 | 0.77917118 | 0.77040604 | 0.77437779
 176 | 0.77386680 | 0.00286991 | 0.76940008 | 0.77851512 | 0.77252815 | 0.77520546
 177 | 0.77383728 | 0.00341695 | 0.76828224 | 0.78191460 | 0.77224346 | 0.77543109
 178 | 0.77555413 | 0.00338431 | 0.76862044 | 0.78113779 | 0.77397554 | 0.77713272
 179 | 0.77912509 | 0.00248396 | 0.77421513 | 0.78466404 | 0.77796646 | 0.78028372
 180 | 0.77707399 | 0.00391366 | 0.77154667 | 0.78731384 | 0.77524849 | 0.77889950
 181 | 0.77847008 | 0.00422396 | 0.76873709 | 0.78480527 | 0.77649984 | 0.78044032
 182 | 0.78098280 | 0.00283040 | 0.77422026 | 0.78564324 | 0.77966258 | 0.78230302
 183 | 0.78223341 | 0.00273511 | 0.77786322 | 0.78768554 | 0.78095763 | 0.78350918
 184 | 0.78260782 | 0.00467949 | 0.77506849 | 0.79194017 | 0.78042510 | 0.78479054
 185 | 0.78330004 | 0.00252856 | 0.77857066 | 0.78971256 | 0.78212061 | 0.78447947
 186 | 0.78397057 | 0.00390757 | 0.77743853 | 0.78992319 | 0.78214791 | 0.78579323
 187 | 0.78386730 | 0.00317984 | 0.77701572 | 0.78943703 | 0.78238408 | 0.78535051
 188 | 0.78755202 | 0.00387110 | 0.78080943 | 0.79531430 | 0.78574637 | 0.78935767
 189 | 0.78885019 | 0.00397030 | 0.78256502 | 0.79703385 | 0.78699827 | 0.79070211
 190 | 0.78817482 | 0.00441788 | 0.77994929 | 0.79729235 | 0.78611413 | 0.79023551
 191 | 0.79101735 | 0.00350697 | 0.78479800 | 0.79843162 | 0.78938155 | 0.79265316
 192 | 0.79167886 | 0.00365430 | 0.78349971 | 0.79977405 | 0.78997434 | 0.79338339
 193 | 0.79362536 | 0.00296293 | 0.78703607 | 0.79795698 | 0.79224332 | 0.79500740
 194 | 0.79357334 | 0.00372423 | 0.78620439 | 0.80028691 | 0.79183620 | 0.79531049
 195 | 0.79379575 | 0.00317887 | 0.78670085 | 0.79987650 | 0.79231298 | 0.79527852
 196 | 0.79439339 | 0.00335677 | 0.78758422 | 0.79905243 | 0.79282764 | 0.79595913
 197 | 0.79749393 | 0.00308902 | 0.79034419 | 0.80297864 | 0.79605307 | 0.79893478
 198 | 0.79730846 | 0.00279931 | 0.79389118 | 0.80515947 | 0.79600274 | 0.79861418
 199 | 0.79707503 | 0.00285456 | 0.79127821 | 0.80133749 | 0.79574354 | 0.79840652
 200 | 0.79956050 | 0.00277854 | 0.79411029 | 0.80494050 | 0.79826446 | 0.80085653
