# Resultados para rota [4,11]
# Formato: Load Probabilidade_Media Desvio_Padrao
1 0.027478 0.032993
2 0.087170 0.084627
3 0.103195 0.088265
4 0.163381 0.096134
5 0.180333 0.057537
6 0.202591 0.097748
7 0.241337 0.097278
8 0.233645 0.066431
9 0.289944 0.076434
10 0.310301 0.097648
11 0.303954 0.100030
12 0.303922 0.082650
13 0.338459 0.090109
14 0.365323 0.086553
15 0.405668 0.075241
16 0.404382 0.072360
17 0.417611 0.083471
18 0.427457 0.064504
19 0.424131 0.067914
20 0.470196 0.069520
21 0.482361 0.066370
22 0.475252 0.059715
23 0.492043 0.077166
24 0.499703 0.077398
25 0.498604 0.071604
26 0.500715 0.070988
27 0.505775 0.066332
28 0.548719 0.069099
29 0.520953 0.071865
30 0.541680 0.054794
31 0.532252 0.060859
32 0.556415 0.060620
33 0.555695 0.062227
34 0.550248 0.060764
35 0.573069 0.047808
36 0.601332 0.060975
37 0.573506 0.052885
38 0.572818 0.056369
39 0.599262 0.057874
40 0.603907 0.040877
41 0.599553 0.075398
42 0.584754 0.068795
43 0.589935 0.056026
44 0.611013 0.051982
45 0.603816 0.062761
46 0.605097 0.053609
47 0.622524 0.051424
48 0.621831 0.038573
49 0.615036 0.055869
50 0.629861 0.042715
51 0.634454 0.042229
52 0.644696 0.060510
53 0.633598 0.073398
54 0.660020 0.032275
55 0.653783 0.043781
56 0.645408 0.045900
57 0.659405 0.037955
58 0.666316 0.042380
59 0.637476 0.043240
60 0.641041 0.039808
61 0.665180 0.041402
62 0.679328 0.055613
63 0.659560 0.047177
64 0.675838 0.042524
65 0.669149 0.052548
66 0.677726 0.043831
67 0.673977 0.050313
68 0.678386 0.045910
69 0.671746 0.038889
70 0.672022 0.042927
71 0.668156 0.047942
72 0.679519 0.046785
73 0.668396 0.045816
74 0.679044 0.034092
75 0.665657 0.048094
76 0.697476 0.046718
77 0.706028 0.047028
78 0.714970 0.034849
79 0.692671 0.033166
80 0.685758 0.032264
81 0.722463 0.035140
82 0.701626 0.040193
83 0.708172 0.039473
84 0.706808 0.027368
85 0.699054 0.030566
86 0.719083 0.039858
87 0.712011 0.037531
88 0.717975 0.045758
89 0.710181 0.043368
90 0.714972 0.040304
91 0.709803 0.031453
92 0.724696 0.032371
93 0.708776 0.038875
94 0.712679 0.049717
95 0.709461 0.036187
96 0.730357 0.043782
97 0.721031 0.033447
98 0.709282 0.033692
99 0.721750 0.029407
100 0.724423 0.035824
101 0.720838 0.051189
102 0.716880 0.042292
103 0.732295 0.032458
104 0.721623 0.039010
105 0.721136 0.041735
106 0.726952 0.042888
107 0.739642 0.030093
108 0.732081 0.034850
109 0.736336 0.031840
110 0.724572 0.042709
111 0.746599 0.042097
112 0.737248 0.037820
113 0.712689 0.033759
114 0.737711 0.036525
115 0.740523 0.021835
116 0.735319 0.029896
117 0.736827 0.030070
118 0.757053 0.035166
119 0.742623 0.034065
120 0.738404 0.028753
121 0.746064 0.034168
122 0.742553 0.025165
123 0.741591 0.027938
124 0.736662 0.032395
125 0.758820 0.026437
126 0.741144 0.024759
127 0.743168 0.024662
128 0.753228 0.025695
129 0.743492 0.029819
130 0.747731 0.025416
131 0.749528 0.026354
132 0.752280 0.041900
133 0.748376 0.030544
134 0.750890 0.035590
135 0.741817 0.031710
136 0.751158 0.022932
137 0.746940 0.035282
138 0.749380 0.032719
139 0.753492 0.037322
140 0.761478 0.029049
141 0.760846 0.030187
142 0.759690 0.028908
143 0.760798 0.025262
144 0.744265 0.031656
145 0.764597 0.028297
146 0.761369 0.038346
147 0.767289 0.028985
148 0.770968 0.024587
149 0.762587 0.032830
150 0.759895 0.029877
151 0.756241 0.024993
152 0.771685 0.032362
153 0.761352 0.027613
154 0.757935 0.030690
155 0.762174 0.033902
156 0.763424 0.027186
157 0.760533 0.028160
158 0.771265 0.027186
159 0.758532 0.028462
160 0.770951 0.025499
161 0.767224 0.027619
162 0.767777 0.024071
163 0.753158 0.018851
164 0.764058 0.031237
165 0.781013 0.028767
166 0.766084 0.029776
167 0.780173 0.027953
168 0.769812 0.025993
169 0.772127 0.027376
170 0.782682 0.023803
171 0.775703 0.026488
172 0.775561 0.025848
173 0.773554 0.025436
174 0.766340 0.033866
175 0.769674 0.025640
176 0.775067 0.030575
177 0.772783 0.023382
178 0.783744 0.025142
179 0.776397 0.031748
180 0.775608 0.026224
181 0.778175 0.031682
182 0.771306 0.031461
183 0.775514 0.027279
184 0.780711 0.028526
185 0.782040 0.024767
186 0.779648 0.026165
187 0.775543 0.022470
188 0.784266 0.023544
189 0.797198 0.032576
190 0.786072 0.026010
191 0.778982 0.017483
192 0.787345 0.029680
193 0.778179 0.025051
194 0.779736 0.024005
195 0.780896 0.021564
196 0.778944 0.026378
197 0.782838 0.031103
198 0.795533 0.024230
199 0.772350 0.025274
200 0.782950 0.023755
