# Resultados para rota [5,10] 
# Formato: Load Probabilidade_Media Desvio_Padrao
1 0.000000 0.000000
2 0.000000 0.000000
3 0.001220 0.005316
4 0.000000 0.000000
5 0.000000 0.000000
6 0.000000 0.000000
7 0.000000 0.000000
8 0.000000 0.000000
9 0.000000 0.000000
10 0.000000 0.000000
11 0.005319 0.023186
12 0.005556 0.024216
13 0.000000 0.000000
14 0.004651 0.015773
15 0.000000 0.000000
16 0.012862 0.029098
17 0.006000 0.026153
18 0.007854 0.023787
19 0.010006 0.021700
20 0.030863 0.041184
21 0.037524 0.062664
22 0.076725 0.077765
23 0.053001 0.068245
24 0.015416 0.041461
25 0.069384 0.072335
26 0.061330 0.068783
27 0.085559 0.095733
28 0.121482 0.080327
29 0.098526 0.093319
30 0.096270 0.080488
31 0.138284 0.092955
32 0.111378 0.087660
33 0.144242 0.089531
34 0.132284 0.087397
35 0.193200 0.101165
36 0.130669 0.093012
37 0.188735 0.101722
38 0.188213 0.113953
39 0.168934 0.099699
40 0.218565 0.087159
41 0.226485 0.061092
42 0.189276 0.114185
43 0.237910 0.095796
44 0.228310 0.073898
45 0.234698 0.111326
46 0.265115 0.094165
47 0.277820 0.076524
48 0.253395 0.108137
49 0.274959 0.094301
50 0.278154 0.081100
51 0.240422 0.065345
52 0.279144 0.094272
53 0.287240 0.100466
54 0.267727 0.072599
55 0.295989 0.072229
56 0.307849 0.068785
57 0.316588 0.099926
58 0.327145 0.085039
59 0.315671 0.069174
60 0.350404 0.064736
61 0.359377 0.071225
62 0.327782 0.072555
63 0.338610 0.083844
64 0.329490 0.064147
65 0.323326 0.091979
66 0.345120 0.072823
67 0.341513 0.055347
68 0.369074 0.061359
69 0.379032 0.093313
70 0.353135 0.070152
71 0.381888 0.056199
72 0.386204 0.060736
73 0.388849 0.061963
74 0.397259 0.047819
75 0.397216 0.056101
76 0.393140 0.058123
77 0.395791 0.065294
78 0.399010 0.052433
79 0.404905 0.054857
80 0.397268 0.051604
81 0.401279 0.058419
82 0.395426 0.055179
83 0.428159 0.042524
84 0.407127 0.059120
85 0.411301 0.077981
86 0.386704 0.053228
87 0.429929 0.049975
88 0.432143 0.048143
89 0.433179 0.066404
90 0.426470 0.071324
91 0.455170 0.056617
92 0.431940 0.049805
93 0.446499 0.062007
94 0.427060 0.042387
95 0.464881 0.058667
96 0.439652 0.052815
97 0.451328 0.063958
98 0.417937 0.051540
99 0.447350 0.052958
100 0.448229 0.059802
101 0.468966 0.055776
102 0.466517 0.049279
103 0.471339 0.051806
104 0.467073 0.046320
105 0.475799 0.055146
106 0.490680 0.047573
107 0.464169 0.049799
108 0.467217 0.043545
109 0.478917 0.041794
110 0.476564 0.038387
111 0.466419 0.052494
112 0.489246 0.052568
113 0.466559 0.037198
114 0.456652 0.060910
115 0.505210 0.048455
116 0.495472 0.050137
117 0.502398 0.044888
118 0.495628 0.058211
119 0.487088 0.049528
120 0.490871 0.060953
121 0.487137 0.047337
122 0.483377 0.057672
123 0.487060 0.061247
124 0.514045 0.049415
125 0.502354 0.049769
126 0.499683 0.045430
127 0.516715 0.049757
128 0.507454 0.061391
129 0.517474 0.041719
130 0.511000 0.040230
131 0.535034 0.031428
132 0.503308 0.045739
133 0.505791 0.036682
134 0.513487 0.057938
135 0.527483 0.044777
136 0.532876 0.049710
137 0.516299 0.042150
138 0.517688 0.041591
139 0.512328 0.050139
140 0.525134 0.035338
141 0.515875 0.052108
142 0.513194 0.032226
143 0.500068 0.046442
144 0.544339 0.040911
145 0.543638 0.045179
146 0.533718 0.042364
147 0.528834 0.041212
148 0.531219 0.041698
149 0.526971 0.051063
150 0.551443 0.032250
151 0.540754 0.045062
152 0.546106 0.043643
153 0.542493 0.041840
154 0.548853 0.036509
155 0.542638 0.045001
156 0.516577 0.042246
157 0.532691 0.049066
158 0.530976 0.052354
159 0.539741 0.058465
160 0.523291 0.050056
161 0.552656 0.042025
162 0.554855 0.037734
163 0.545939 0.032534
164 0.545437 0.045599
165 0.525042 0.058071
166 0.545852 0.040224
167 0.535245 0.031275
168 0.549191 0.029007
169 0.552966 0.042920
170 0.554799 0.042683
171 0.545475 0.035689
172 0.554359 0.042053
173 0.561124 0.027611
174 0.565975 0.056653
175 0.552120 0.046601
176 0.578966 0.043830
177 0.552195 0.042838
178 0.557148 0.043977
179 0.567716 0.046914
180 0.562926 0.031075
181 0.575546 0.036854
182 0.542665 0.041285
183 0.564240 0.045739
184 0.578853 0.033485
185 0.551297 0.035220
186 0.553078 0.030124
187 0.560780 0.044198
188 0.564310 0.034726
189 0.564148 0.045196
190 0.546889 0.041260
191 0.573840 0.034678
192 0.579825 0.039578
193 0.551599 0.040954
194 0.566414 0.028613
195 0.583557 0.042785
196 0.577116 0.031789
197 0.582890 0.031104
198 0.568772 0.039058
199 0.574827 0.031866
200 0.580378 0.034772
