# Resultados para rota [0,3] 
# Formato: Load Probabilidade_Media Desvio_Padrao
1 0.015985 0.029296
2 0.036617 0.059435
3 0.040878 0.067270
4 0.079108 0.090075
5 0.093344 0.088150
6 0.083685 0.074056
7 0.102451 0.071535
8 0.157388 0.098727
9 0.156115 0.094258
10 0.165087 0.103051
11 0.184009 0.087340
12 0.184171 0.109980
13 0.177267 0.085552
14 0.223137 0.114941
15 0.248946 0.082721
16 0.254316 0.106453
17 0.233538 0.108990
18 0.257898 0.079644
19 0.222889 0.093729
20 0.216123 0.091365
21 0.294720 0.110465
22 0.274757 0.121025
23 0.305036 0.094668
24 0.322626 0.099464
25 0.321204 0.090822
26 0.285625 0.095684
27 0.294640 0.096199
28 0.321740 0.089061
29 0.336285 0.088268
30 0.330198 0.094046
31 0.370953 0.074565
32 0.340009 0.092141
33 0.364532 0.070130
34 0.358857 0.056104
35 0.373957 0.077794
36 0.402365 0.074529
37 0.383607 0.091646
38 0.370190 0.074496
39 0.402584 0.078207
40 0.393336 0.058642
41 0.405839 0.080367
42 0.401822 0.064272
43 0.424606 0.060582
44 0.421551 0.064405
45 0.404700 0.102180
46 0.442037 0.054095
47 0.412026 0.070686
48 0.432108 0.046462
49 0.448595 0.067013
50 0.412299 0.042614
51 0.437061 0.056802
52 0.434608 0.080149
53 0.443974 0.058521
54 0.466600 0.061596
55 0.440219 0.057198
56 0.433889 0.078339
57 0.468260 0.063493
58 0.455254 0.071168
59 0.452814 0.067296
60 0.465411 0.068253
61 0.477810 0.058865
62 0.477251 0.042316
63 0.480307 0.046055
64 0.489328 0.064934
65 0.474604 0.058797
66 0.473578 0.043689
67 0.472148 0.048855
68 0.484461 0.074139
69 0.499746 0.050657
70 0.472963 0.058331
71 0.500572 0.052799
72 0.506932 0.053298
73 0.486986 0.056460
74 0.495516 0.066957
75 0.490252 0.069816
76 0.510905 0.047570
77 0.502021 0.055715
78 0.488343 0.056105
79 0.504286 0.062151
80 0.530264 0.044777
81 0.494108 0.057805
82 0.507748 0.064540
83 0.526615 0.072651
84 0.505982 0.063864
85 0.489849 0.064615
86 0.489439 0.056656
87 0.483188 0.041075
88 0.522771 0.051733
89 0.509338 0.062416
90 0.505232 0.066666
91 0.512021 0.074723
92 0.518313 0.055959
93 0.526310 0.078445
94 0.528412 0.044873
95 0.510800 0.039673
96 0.512306 0.064192
97 0.529949 0.045911
98 0.518772 0.058547
99 0.521603 0.055679
100 0.528877 0.067755
101 0.537238 0.043322
102 0.540414 0.042443
103 0.517352 0.071423
104 0.533436 0.041556
105 0.544479 0.057635
106 0.519000 0.046250
107 0.512435 0.045426
108 0.531149 0.054380
109 0.518342 0.039314
110 0.529014 0.050896
111 0.511836 0.051421
112 0.531388 0.049070
113 0.537074 0.040266
114 0.544865 0.041677
115 0.531527 0.058338
116 0.546087 0.042000
117 0.536480 0.069012
118 0.547424 0.049321
119 0.521909 0.059548
120 0.543802 0.049757
121 0.542552 0.050221
122 0.541498 0.058713
123 0.562668 0.036450
124 0.555141 0.055625
125 0.543866 0.048273
126 0.531293 0.059485
127 0.523612 0.055523
128 0.562739 0.039667
129 0.555451 0.042998
130 0.554936 0.037343
131 0.535756 0.051288
132 0.542380 0.043406
133 0.561408 0.041203
134 0.550106 0.056602
135 0.560022 0.038360
136 0.555266 0.043933
137 0.554056 0.064226
138 0.560515 0.031634
139 0.554286 0.046921
140 0.572388 0.039419
141 0.564704 0.036001
142 0.554617 0.041603
143 0.547399 0.049050
144 0.566350 0.029848
145 0.564124 0.039728
146 0.551389 0.049173
147 0.563633 0.048635
148 0.561583 0.050711
149 0.557526 0.044096
150 0.554821 0.035226
151 0.573812 0.051766
152 0.564552 0.039933
153 0.574335 0.053753
154 0.563648 0.037492
155 0.566520 0.047312
156 0.571136 0.037316
157 0.585360 0.037943
158 0.594185 0.047742
159 0.573792 0.039792
160 0.570078 0.037962
161 0.571092 0.027720
162 0.565732 0.050381
163 0.568765 0.038878
164 0.557375 0.038592
165 0.567221 0.044325
166 0.580469 0.037070
167 0.566115 0.036634
168 0.569447 0.041549
169 0.590753 0.036509
170 0.582514 0.041797
171 0.575577 0.041167
172 0.591928 0.035519
173 0.566984 0.049755
174 0.577176 0.040513
175 0.586358 0.060374
176 0.579979 0.049989
177 0.580081 0.040636
178 0.581834 0.033888
179 0.582233 0.041137
180 0.572161 0.045331
181 0.569890 0.036694
182 0.580854 0.033539
183 0.591805 0.025943
184 0.589280 0.039034
185 0.574451 0.032798
186 0.566239 0.032669
187 0.580077 0.055995
188 0.596049 0.040333
189 0.575687 0.044000
190 0.575957 0.037482
191 0.575405 0.038231
192 0.595156 0.033278
193 0.577465 0.040865
194 0.604373 0.040704
195 0.589736 0.035957
196 0.589911 0.030575
197 0.595154 0.035719
198 0.586703 0.035930
199 0.577060 0.047123
200 0.580493 0.042157
