# Resultados para rota [1,4] 
# Formato: Load Probabilidade_Media Desvio_Padrao
1 0.309742 0.100537
2 0.311566 0.105181
3 0.336601 0.081696
4 0.354310 0.091452
5 0.344448 0.122593
6 0.377851 0.119799
7 0.412440 0.076490
8 0.395011 0.080241
9 0.408657 0.083143
10 0.462594 0.081458
11 0.466989 0.089722
12 0.454828 0.078866
13 0.466590 0.092824
14 0.446861 0.107585
15 0.469472 0.070343
16 0.473257 0.058455
17 0.499198 0.069909
18 0.493571 0.075920
19 0.521867 0.086795
20 0.508428 0.057514
21 0.516931 0.064647
22 0.525754 0.062253
23 0.538995 0.073892
24 0.528043 0.081525
25 0.538779 0.070717
26 0.552709 0.076100
27 0.560853 0.048775
28 0.574507 0.077232
29 0.541244 0.053767
30 0.590150 0.080566
31 0.535481 0.046129
32 0.582251 0.067774
33 0.591600 0.048570
34 0.592713 0.053283
35 0.577879 0.076901
36 0.587975 0.070715
37 0.594664 0.064422
38 0.618511 0.058313
39 0.601186 0.051810
40 0.613911 0.043176
41 0.629017 0.058110
42 0.618835 0.072911
43 0.617366 0.067382
44 0.615737 0.062424
45 0.636878 0.058361
46 0.598538 0.048026
47 0.622842 0.053078
48 0.632547 0.041971
49 0.637224 0.063723
50 0.627380 0.070958
51 0.631569 0.060696
52 0.625630 0.064689
53 0.636073 0.069507
54 0.608410 0.049934
55 0.624685 0.048701
56 0.646988 0.042400
57 0.640000 0.049580
58 0.644343 0.067809
59 0.642350 0.042875
60 0.627713 0.053966
61 0.646245 0.049714
62 0.645770 0.040451
63 0.657242 0.046937
64 0.654108 0.051254
65 0.644972 0.051427
66 0.634823 0.047214
67 0.647546 0.045804
68 0.650931 0.045026
69 0.662040 0.036818
70 0.642736 0.064566
71 0.654392 0.047690
72 0.651285 0.041979
73 0.662977 0.057226
74 0.666407 0.065727
75 0.670561 0.052414
76 0.678851 0.042184
77 0.667697 0.047281
78 0.667128 0.040404
79 0.668751 0.052150
80 0.660809 0.046261
81 0.677070 0.044728
82 0.663399 0.056328
83 0.672358 0.056923
84 0.672169 0.044841
85 0.671250 0.054049
86 0.681285 0.039668
87 0.671593 0.042626
88 0.674151 0.045920
89 0.683614 0.028284
90 0.677794 0.043897
91 0.666411 0.049543
92 0.678633 0.038764
93 0.667280 0.045164
94 0.685460 0.050655
95 0.676383 0.037619
96 0.680219 0.042778
97 0.682593 0.044229
98 0.672207 0.040088
99 0.687183 0.045890
100 0.690893 0.045089
101 0.676234 0.043948
102 0.683615 0.033462
103 0.685687 0.044810
104 0.693791 0.041690
105 0.685066 0.044651
106 0.694710 0.042754
107 0.696326 0.033998
108 0.669022 0.038671
109 0.695397 0.034997
110 0.696541 0.042868
111 0.690262 0.042988
112 0.702620 0.036430
113 0.713425 0.034290
114 0.698288 0.029876
115 0.700295 0.040174
116 0.694459 0.052101
117 0.694110 0.034294
118 0.701326 0.030235
119 0.695493 0.039321
120 0.700961 0.041923
121 0.701512 0.034759
122 0.698419 0.033876
123 0.701072 0.037335
124 0.690889 0.035139
125 0.706361 0.038550
126 0.699327 0.040288
127 0.710410 0.041688
128 0.706553 0.031477
129 0.701639 0.041785
130 0.704130 0.032508
131 0.709531 0.037719
132 0.711861 0.034638
133 0.701212 0.035752
134 0.721614 0.029314
135 0.705639 0.038502
136 0.701779 0.037015
137 0.711555 0.040276
138 0.709061 0.024609
139 0.708853 0.034774
140 0.698675 0.027903
141 0.705571 0.023411
142 0.712737 0.038842
143 0.718281 0.032612
144 0.723464 0.041437
145 0.703399 0.033200
146 0.705942 0.039810
147 0.713311 0.038011
148 0.723167 0.028092
149 0.699915 0.021157
150 0.708334 0.029286
151 0.712005 0.030267
152 0.706710 0.034381
153 0.715777 0.026571
154 0.716126 0.032268
155 0.704137 0.038961
156 0.709476 0.034331
157 0.723457 0.028670
158 0.702933 0.039821
159 0.699825 0.030814
160 0.696994 0.032847
161 0.714726 0.034324
162 0.724039 0.036091
163 0.715779 0.034526
164 0.716309 0.040687
165 0.723632 0.030071
166 0.717515 0.039806
167 0.714765 0.027839
168 0.718364 0.032465
169 0.715618 0.032432
170 0.722195 0.029958
171 0.711520 0.036135
172 0.720001 0.024737
173 0.724941 0.032423
174 0.712785 0.040618
175 0.715198 0.027070
176 0.728176 0.028822
177 0.723770 0.043847
178 0.715549 0.026464
179 0.721919 0.030505
180 0.722469 0.029285
181 0.726839 0.024109
182 0.724709 0.030477
183 0.725616 0.030570
184 0.716833 0.029086
185 0.724436 0.042740
186 0.725712 0.040243
187 0.731839 0.037021
188 0.719091 0.031457
189 0.710391 0.030767
190 0.719727 0.033132
191 0.729212 0.030578
192 0.716211 0.027613
193 0.737357 0.031025
194 0.717329 0.036889
195 0.715812 0.029990
196 0.722633 0.025022
197 0.723555 0.032378
198 0.721226 0.024640
199 0.738446 0.043080
200 0.715549 0.035153
