# Resultados para rota [2,6] 
# Formato: Load Probabilidade_Media Desvio_Padrao
1 0.342670 0.084611
2 0.365887 0.091284
3 0.384488 0.137185
4 0.388856 0.065977
5 0.426843 0.116311
6 0.417626 0.098728
7 0.483123 0.071424
8 0.444398 0.092405
9 0.509435 0.074423
10 0.467069 0.069490
11 0.490884 0.075700
12 0.528877 0.084708
13 0.522683 0.077106
14 0.568505 0.050129
15 0.544391 0.076156
16 0.573580 0.084610
17 0.557780 0.086168
18 0.581246 0.070038
19 0.575421 0.061676
20 0.608598 0.081351
21 0.585204 0.063174
22 0.609136 0.070832
23 0.613720 0.049812
24 0.619043 0.064039
25 0.655764 0.071377
26 0.644803 0.072078
27 0.621064 0.078613
28 0.634841 0.069310
29 0.646621 0.061114
30 0.647134 0.054998
31 0.661035 0.068138
32 0.687598 0.057248
33 0.659086 0.057878
34 0.659551 0.071188
35 0.678515 0.051806
36 0.673481 0.053678
37 0.690920 0.038406
38 0.700815 0.070668
39 0.693091 0.044989
40 0.689901 0.067662
41 0.692044 0.053451
42 0.685163 0.064647
43 0.693791 0.045459
44 0.703923 0.045162
45 0.695170 0.065203
46 0.707131 0.058992
47 0.714009 0.036333
48 0.725005 0.039227
49 0.707933 0.051158
50 0.733459 0.053940
51 0.732728 0.054123
52 0.728366 0.044994
53 0.740061 0.050090
54 0.713884 0.039384
55 0.742184 0.042566
56 0.735546 0.047030
57 0.716350 0.036850
58 0.747231 0.054995
59 0.727448 0.060133
60 0.727938 0.030932
61 0.744851 0.042636
62 0.737522 0.055146
63 0.736607 0.033960
64 0.747143 0.050770
65 0.747866 0.039197
66 0.756516 0.046443
67 0.747628 0.056474
68 0.749066 0.043252
69 0.752444 0.047092
70 0.784675 0.042645
71 0.749632 0.033142
72 0.755592 0.054950
73 0.755856 0.044131
74 0.775265 0.056218
75 0.771441 0.052589
76 0.755649 0.047676
77 0.757746 0.040038
78 0.774401 0.033125
79 0.766785 0.038280
80 0.787052 0.035500
81 0.774291 0.036967
82 0.768162 0.033692
83 0.782329 0.032854
84 0.772709 0.038054
85 0.767293 0.038168
86 0.765392 0.038459
87 0.774035 0.031241
88 0.772253 0.038147
89 0.787019 0.043848
90 0.777362 0.039224
91 0.792590 0.031110
92 0.788005 0.033164
93 0.793219 0.033173
94 0.774883 0.040938
95 0.797423 0.040599
96 0.798010 0.035983
97 0.783040 0.025553
98 0.785563 0.037278
99 0.798277 0.036564
100 0.804193 0.037125
101 0.796443 0.033148
102 0.799578 0.041904
103 0.789659 0.027948
104 0.789123 0.042141
105 0.782908 0.030371
106 0.793637 0.031540
107 0.802581 0.030702
108 0.799615 0.030283
109 0.787950 0.022074
110 0.799722 0.040761
111 0.801783 0.026543
112 0.808066 0.042869
113 0.787316 0.046956
114 0.813712 0.026910
115 0.795843 0.030442
116 0.814075 0.040724
117 0.804655 0.026427
118 0.799587 0.036183
119 0.803077 0.033478
120 0.800650 0.035045
121 0.809993 0.026133
122 0.808627 0.025968
123 0.814394 0.033124
124 0.813142 0.027165
125 0.805544 0.023369
126 0.792453 0.036538
127 0.800704 0.034621
128 0.795382 0.026009
129 0.806466 0.032847
130 0.813404 0.045864
131 0.813032 0.034107
132 0.803040 0.024690
133 0.806753 0.026160
134 0.807298 0.028955
135 0.816756 0.021489
136 0.814413 0.022526
137 0.803220 0.027099
138 0.815436 0.028569
139 0.816352 0.027260
140 0.807838 0.032334
141 0.812145 0.032085
142 0.815463 0.027547
143 0.808940 0.038814
144 0.802576 0.029408
145 0.797982 0.034610
146 0.820524 0.038001
147 0.816191 0.024861
148 0.820422 0.026827
149 0.813477 0.035308
150 0.821540 0.038998
151 0.823335 0.019591
152 0.814686 0.026001
153 0.818439 0.026814
154 0.818152 0.035737
155 0.812785 0.033299
156 0.811575 0.025358
157 0.818185 0.025819
158 0.822801 0.034403
159 0.820815 0.032983
160 0.816828 0.020071
161 0.825396 0.028786
162 0.818075 0.039339
163 0.834997 0.034258
164 0.812322 0.035122
165 0.824055 0.033739
166 0.826648 0.033219
167 0.828276 0.034438
168 0.830622 0.033394
169 0.826360 0.012883
170 0.826274 0.030978
171 0.820424 0.027824
172 0.827507 0.022022
173 0.824858 0.025895
174 0.823050 0.033169
175 0.828306 0.027088
176 0.822921 0.024412
177 0.835343 0.038105
178 0.830837 0.027570
179 0.830508 0.024770
180 0.831182 0.033635
181 0.828799 0.019157
182 0.828190 0.022363
183 0.829797 0.020414
184 0.819657 0.027513
185 0.821230 0.022756
186 0.814404 0.029299
187 0.833021 0.026760
188 0.831149 0.022984
189 0.830377 0.024606
190 0.828997 0.023150
191 0.828663 0.035005
192 0.837279 0.024356
193 0.826539 0.018344
194 0.830060 0.026348
195 0.842458 0.020280
196 0.829275 0.019894
197 0.837735 0.030936
198 0.819726 0.026632
199 0.823512 0.024668
200 0.834222 0.027482
