# Resultados para rota [2,5] 
# Formato: Load Probabilidade_Media Desvio_Padrao
1 0.311714 0.117242
2 0.319576 0.091148
3 0.338030 0.115961
4 0.330366 0.086735
5 0.352176 0.087800
6 0.421212 0.075262
7 0.407245 0.080218
8 0.415935 0.088540
9 0.419069 0.076004
10 0.451103 0.077292
11 0.452999 0.089977
12 0.441107 0.076200
13 0.483959 0.086992
14 0.464066 0.087483
15 0.445083 0.084691
16 0.497050 0.104133
17 0.510645 0.086106
18 0.529535 0.085246
19 0.518950 0.073279
20 0.551962 0.067888
21 0.529798 0.070316
22 0.571796 0.075485
23 0.541288 0.073051
24 0.542262 0.086275
25 0.538346 0.068463
26 0.573597 0.069470
27 0.584849 0.064364
28 0.572620 0.077127
29 0.568275 0.052661
30 0.560729 0.062555
31 0.558144 0.075022
32 0.574276 0.048209
33 0.589161 0.061695
34 0.618410 0.053833
35 0.570968 0.044942
36 0.581264 0.077833
37 0.595461 0.061700
38 0.587828 0.054937
39 0.583034 0.055631
40 0.600957 0.053813
41 0.594332 0.063643
42 0.605124 0.054137
43 0.604821 0.050025
44 0.606307 0.039823
45 0.592096 0.062611
46 0.600674 0.043468
47 0.630444 0.048876
48 0.615370 0.036882
49 0.644085 0.053107
50 0.641721 0.050618
51 0.624429 0.055725
52 0.623263 0.042089
53 0.625142 0.049922
54 0.620757 0.041441
55 0.621140 0.057991
56 0.626164 0.050357
57 0.623440 0.063272
58 0.626441 0.050138
59 0.644972 0.057915
60 0.659720 0.057952
61 0.642582 0.049490
62 0.649850 0.052570
63 0.651385 0.046846
64 0.649741 0.041961
65 0.656895 0.047611
66 0.653318 0.059290
67 0.674345 0.045544
68 0.641583 0.054973
69 0.659924 0.053761
70 0.673246 0.056713
71 0.659093 0.056575
72 0.651301 0.055855
73 0.672317 0.038831
74 0.647680 0.037144
75 0.658861 0.058309
76 0.661610 0.049940
77 0.669940 0.050094
78 0.679019 0.044794
79 0.652666 0.049620
80 0.660015 0.037541
81 0.667929 0.043801
82 0.685212 0.053556
83 0.658904 0.046714
84 0.687101 0.040415
85 0.671545 0.035967
86 0.684128 0.033020
87 0.688208 0.035200
88 0.687377 0.041305
89 0.670605 0.053707
90 0.681337 0.043161
91 0.682691 0.029304
92 0.681333 0.038672
93 0.676938 0.051707
94 0.660605 0.043053
95 0.688836 0.044204
96 0.677175 0.051694
97 0.685104 0.053633
98 0.697677 0.033801
99 0.677727 0.045052
100 0.680981 0.049065
101 0.685125 0.039044
102 0.676812 0.028221
103 0.702801 0.028349
104 0.685821 0.027060
105 0.689122 0.044777
106 0.706577 0.032490
107 0.686121 0.047552
108 0.678469 0.039309
109 0.706510 0.038903
110 0.693754 0.044204
111 0.692492 0.041947
112 0.689892 0.034929
113 0.695551 0.041311
114 0.694291 0.041904
115 0.712673 0.034971
116 0.686451 0.030394
117 0.691443 0.053924
118 0.691416 0.031205
119 0.701245 0.031815
120 0.694097 0.026331
121 0.717158 0.038653
122 0.693129 0.042549
123 0.703665 0.035195
124 0.689137 0.040278
125 0.706399 0.036987
126 0.703617 0.047673
127 0.713960 0.036087
128 0.697920 0.026251
129 0.698384 0.036849
130 0.703611 0.035258
131 0.698823 0.033725
132 0.694061 0.045553
133 0.703970 0.026471
134 0.702982 0.034390
135 0.715177 0.039619
136 0.717049 0.030880
137 0.711864 0.032338
138 0.697216 0.031604
139 0.713099 0.037715
140 0.718225 0.039723
141 0.704606 0.028798
142 0.716579 0.023314
143 0.726702 0.043178
144 0.702080 0.026296
145 0.704514 0.031430
146 0.703064 0.043659
147 0.714734 0.040685
148 0.701509 0.035048
149 0.719722 0.024790
150 0.709731 0.029368
151 0.707915 0.039668
152 0.707443 0.038072
153 0.710391 0.033719
154 0.717890 0.039112
155 0.711220 0.032027
156 0.709083 0.036749
157 0.709922 0.036223
158 0.703185 0.032548
159 0.715842 0.032428
160 0.727863 0.027354
161 0.711911 0.021909
162 0.710634 0.033872
163 0.724292 0.023187
164 0.724827 0.028197
165 0.712620 0.032608
166 0.717628 0.027851
167 0.724873 0.034374
168 0.708926 0.034436
169 0.706744 0.028092
170 0.718434 0.020693
171 0.709784 0.026312
172 0.710509 0.036552
173 0.713463 0.027837
174 0.726471 0.029467
175 0.720906 0.034088
176 0.706513 0.036499
177 0.708636 0.030360
178 0.724408 0.039338
179 0.719727 0.026741
180 0.717216 0.026793
181 0.721808 0.019811
182 0.718236 0.024646
183 0.723867 0.019143
184 0.720650 0.037922
185 0.726779 0.029602
186 0.724349 0.025116
187 0.720969 0.030211
188 0.714613 0.034501
189 0.727808 0.029307
190 0.725317 0.033055
191 0.724671 0.031809
192 0.718151 0.034374
193 0.729309 0.037741
194 0.703935 0.030415
195 0.712563 0.025501
196 0.733127 0.029824
197 0.707268 0.030058
198 0.724424 0.020857
199 0.719996 0.025746
200 0.724520 0.021256
