# TODAS AS PROBABILIDADES (20 SIMULAÇÕES)
# Requisição 5: [3,8]
# Modo: CONJUNTO
# Data: 2026-02-10 20:45:55
# ================================================================================
# Formato: Load | Sim1 | Sim2 | ... | Sim20 | Média | DesvioPadrão
# ================================================================================

Load   1 | 0.00000000 | 0.00000000 | 0.00000000 | 0.00000000 | 0.00000000 | 0.00000000 | 0.00000000 | 0.00000000 | 0.00000000 | 0.00000000 | 0.00000000 | 0.00000000 | 0.00000000 | 0.00000000 | 0.00000000 | 0.00000000 | 0.00000000 | 0.00000000 | 0.00000000 | 0.00000000 | 0.00000000 | 0.00000000
Load   2 | 0.00000000 | 0.00000000 | 0.00000000 | 0.00000000 | 0.00000000 | 0.00000000 | 0.00000000 | 0.00000000 | 0.00000000 | 0.00000000 | 0.00000000 | 0.00000000 | 0.00000000 | 0.00000000 | 0.00000000 | 0.00000000 | 0.00000000 | 0.00000000 | 0.00000000 | 0.00000000 | 0.00000000 | 0.00000000
Load   3 | 0.00000000 | 0.00000000 | 0.00000000 | 0.00000000 | 0.00000000 | 0.00000000 | 0.00000000 | 0.00000000 | 0.00000000 | 0.00000000 | 0.00000000 | 0.00000000 | 0.00000000 | 0.00000000 | 0.00000000 | 0.00000000 | 0.00000000 | 0.00000000 | 0.00000000 | 0.00000000 | 0.00000000 | 0.00000000
Load   4 | 0.00000000 | 0.00000000 | 0.00000000 | 0.00000000 | 0.00000000 | 0.00000000 | 0.00000000 | 0.00000000 | 0.00000000 | 0.00000000 | 0.00000000 | 0.00000000 | 0.00000000 | 0.00000000 | 0.00000000 | 0.00000000 | 0.00000000 | 0.00000000 | 0.00000000 | 0.00000000 | 0.00000000 | 0.00000000
Load   5 | 0.00000000 | 0.00000000 | 0.00000000 | 0.00000000 | 0.00000000 | 0.00000000 | 0.00000000 | 0.00000000 | 0.00000000 | 0.00000000 | 0.00000000 | 0.00000000 | 0.00000000 | 0.00000000 | 0.00000000 | 0.00000000 | 0.00000000 | 0.00000000 | 0.00000000 | 0.00000000 | 0.00000000 | 0.00000000
Load   6 | 0.00000000 | 0.00000000 | 0.00000000 | 0.00000000 | 0.00000000 | 0.00000000 | 0.00000000 | 0.00000000 | 0.00000000 | 0.00000000 | 0.00000000 | 0.00000000 | 0.00000000 | 0.00000000 | 0.00000000 | 0.00000000 | 0.00000000 | 0.00000000 | 0.00000000 | 0.00000000 | 0.00000000 | 0.00000000
Load   7 | 0.00000000 | 0.00000000 | 0.00000000 | 0.00000000 | 0.00000000 | 0.00000000 | 0.00000000 | 0.00000000 | 0.00000000 | 0.00000000 | 0.00000000 | 0.00000000 | 0.00000000 | 0.00000000 | 0.00000000 | 0.00000000 | 0.00000000 | 0.00000000 | 0.00000000 | 0.00000000 | 0.00000000 | 0.00000000
Load   8 | 0.00000000 | 0.00000000 | 0.00000000 | 0.00000000 | 0.00000000 | 0.00000000 | 0.00000000 | 0.00000000 | 0.00000000 | 0.00000000 | 0.00000000 | 0.00000000 | 0.00000000 | 0.00000000 | 0.00000000 | 0.00000000 | 0.00000000 | 0.00000000 | 0.00000000 | 0.00000000 | 0.00000000 | 0.00000000
Load   9 | 0.00000000 | 0.00000000 | 0.00000000 | 0.00000000 | 0.00000000 | 0.00000000 | 0.00000000 | 0.00000000 | 0.00000000 | 0.00000000 | 0.00000000 | 0.00000000 | 0.00000000 | 0.00000000 | 0.00000000 | 0.00000000 | 0.00000000 | 0.00000000 | 0.00000000 | 0.00000000 | 0.00000000 | 0.00000000
Load  10 | 0.00000000 | 0.00000000 | 0.00000000 | 0.00000000 | 0.00000000 | 0.00000000 | 0.00000000 | 0.00000000 | 0.00000000 | 0.00000000 | 0.00000000 | 0.00000000 | 0.00000000 | 0.00000000 | 0.00000000 | 0.00000000 | 0.00000000 | 0.00000000 | 0.00000000 | 0.00000000 | 0.00000000 | 0.00000000
Load  11 | 0.00000000 | 0.00000000 | 0.00000000 | 0.00000000 | 0.00000000 | 0.00000000 | 0.00000000 | 0.00000000 | 0.00000000 | 0.00000000 | 0.00000000 | 0.00000000 | 0.00000000 | 0.00000000 | 0.00000000 | 0.00000000 | 0.00000000 | 0.00000000 | 0.00000000 | 0.00000000 | 0.00000000 | 0.00000000
Load  12 | 0.00000000 | 0.00000000 | 0.00000000 | 0.00000000 | 0.00000000 | 0.00000000 | 0.00000000 | 0.00000000 | 0.00000000 | 0.00000000 | 0.00000000 | 0.00000000 | 0.00000000 | 0.00000000 | 0.00000000 | 0.00000000 | 0.00000000 | 0.00000000 | 0.00000000 | 0.00000000 | 0.00000000 | 0.00000000
Load  13 | 0.00000000 | 0.00000000 | 0.00000000 | 0.00000000 | 0.00000000 | 0.00000000 | 0.00000000 | 0.00000000 | 0.00000000 | 0.00000000 | 0.00000000 | 0.00000000 | 0.00000000 | 0.00000000 | 0.00000000 | 0.00000000 | 0.00000000 | 0.00000000 | 0.00000000 | 0.00000000 | 0.00000000 | 0.00000000
Load  14 | 0.00000000 | 0.00000000 | 0.00000000 | 0.00000000 | 0.00000000 | 0.00000000 | 0.00000000 | 0.00000000 | 0.00000000 | 0.00000000 | 0.00000000 | 0.00000000 | 0.00000000 | 0.00000000 | 0.00000000 | 0.00000000 | 0.00000000 | 0.00000000 | 0.00000000 | 0.00000000 | 0.00000000 | 0.00000000
Load  15 | 0.00000000 | 0.00000000 | 0.00000000 | 0.00000000 | 0.00000000 | 0.00000000 | 0.00000000 | 0.00000000 | 0.00000000 | 0.00000000 | 0.00000000 | 0.00000000 | 0.00000000 | 0.00000000 | 0.00000000 | 0.00000000 | 0.00000000 | 0.00000000 | 0.00000000 | 0.00000000 | 0.00000000 | 0.00000000
Load  16 | 0.00000000 | 0.00000000 | 0.00000000 | 0.00000000 | 0.00000000 | 0.00000000 | 0.00000000 | 0.00000000 | 0.00000000 | 0.00000000 | 0.00000000 | 0.00000000 | 0.00000000 | 0.00000000 | 0.00000000 | 0.00000000 | 0.00000000 | 0.00000000 | 0.00000000 | 0.00000000 | 0.00000000 | 0.00000000
Load  17 | 0.00000000 | 0.00000000 | 0.00000000 | 0.00000000 | 0.00000000 | 0.00000000 | 0.00000000 | 0.00000000 | 0.00000000 | 0.00000000 | 0.00000000 | 0.00000000 | 0.00000000 | 0.00000000 | 0.00000000 | 0.00000000 | 0.00000000 | 0.00000000 | 0.00000000 | 0.00000000 | 0.00000000 | 0.00000000
Load  18 | 0.00000000 | 0.00000000 | 0.00000000 | 0.00000000 | 0.00000000 | 0.00000000 | 0.00000000 | 0.00000000 | 0.00000000 | 0.00000000 | 0.00000000 | 0.00000000 | 0.00000000 | 0.00000000 | 0.00000000 | 0.00000000 | 0.00000000 | 0.00000000 | 0.00000000 | 0.00000000 | 0.00000000 | 0.00000000
Load  19 | 0.00000000 | 0.00000000 | 0.00000000 | 0.00000000 | 0.00000000 | 0.00000000 | 0.00000000 | 0.00000000 | 0.00000000 | 0.00000000 | 0.00000000 | 0.00000000 | 0.00000000 | 0.00000000 | 0.00000000 | 0.00000000 | 0.00000000 | 0.00000000 | 0.00000000 | 0.00000000 | 0.00000000 | 0.00000000
Load  20 | 0.00000000 | 0.00000000 | 0.00000000 | 0.00000000 | 0.00000000 | 0.00000000 | 0.00000000 | 0.00000000 | 0.00000000 | 0.00000000 | 0.00000000 | 0.00000000 | 0.00000000 | 0.00000000 | 0.00000000 | 0.00000000 | 0.00000000 | 0.00000000 | 0.00000000 | 0.00000000 | 0.00000000 | 0.00000000
Load  21 | 0.00000000 | 0.00000000 | 0.00000000 | 0.00000000 | 0.00000000 | 0.00000000 | 0.00000000 | 0.00000000 | 0.00000000 | 0.00000000 | 0.00000000 | 0.00000000 | 0.00000000 | 0.00000000 | 0.00000000 | 0.00000000 | 0.00000000 | 0.00000000 | 0.00000000 | 0.00000000 | 0.00000000 | 0.00000000
Load  22 | 0.00000000 | 0.00000000 | 0.00000000 | 0.00000000 | 0.00000000 | 0.00000000 | 0.00000000 | 0.00000000 | 0.00000000 | 0.00000000 | 0.00000000 | 0.00000000 | 0.00000000 | 0.00000000 | 0.00000000 | 0.00000000 | 0.00000000 | 0.00000000 | 0.00000000 | 0.00000000 | 0.00000000 | 0.00000000
Load  23 | 0.00000000 | 0.00000000 | 0.00000000 | 0.00000000 | 0.00000000 | 0.00000000 | 0.00000000 | 0.00000000 | 0.00000000 | 0.00000000 | 0.00000000 | 0.00000000 | 0.00000000 | 0.00000000 | 0.00000000 | 0.00000000 | 0.00000000 | 0.00000000 | 0.00000000 | 0.00000000 | 0.00000000 | 0.00000000
Load  24 | 0.00000000 | 0.00000000 | 0.00000000 | 0.00000000 | 0.00000000 | 0.00000000 | 0.00000000 | 0.00000000 | 0.00000000 | 0.00000000 | 0.00000000 | 0.00000000 | 0.00000000 | 0.00000000 | 0.00000000 | 0.00000000 | 0.00000000 | 0.00000000 | 0.00000000 | 0.00000000 | 0.00000000 | 0.00000000
Load  25 | 0.00000000 | 0.00000000 | 0.00000000 | 0.00000000 | 0.00000000 | 0.00000000 | 0.00000000 | 0.00000000 | 0.00000000 | 0.00000000 | 0.00000000 | 0.00000000 | 0.00000000 | 0.00000000 | 0.00000000 | 0.00000000 | 0.00000000 | 0.00000000 | 0.00000000 | 0.00000000 | 0.00000000 | 0.00000000
Load  26 | 0.00000000 | 0.00000000 | 0.00000000 | 0.00000000 | 0.00000000 | 0.00000000 | 0.00000000 | 0.00000000 | 0.00000000 | 0.00000000 | 0.00000000 | 0.00000000 | 0.00000000 | 0.00000000 | 0.00000000 | 0.00000000 | 0.00000000 | 0.00000000 | 0.00000000 | 0.00000000 | 0.00000000 | 0.00000000
Load  27 | 0.00000000 | 0.00000000 | 0.00000000 | 0.00000000 | 0.00000000 | 0.00000000 | 0.00000000 | 0.00000000 | 0.00000000 | 0.00000000 | 0.00000000 | 0.00000000 | 0.00000000 | 0.00000000 | 0.00000000 | 0.00000000 | 0.00000000 | 0.00000000 | 0.00000000 | 0.00000000 | 0.00000000 | 0.00000000
Load  28 | 0.00000000 | 0.00000000 | 0.00000000 | 0.00000000 | 0.00000000 | 0.00000000 | 0.00000000 | 0.00000000 | 0.00000000 | 0.00000000 | 0.00000000 | 0.00000000 | 0.00000000 | 0.00000000 | 0.00000000 | 0.00000000 | 0.00000000 | 0.00000000 | 0.00000000 | 0.00000000 | 0.00000000 | 0.00000000
Load  29 | 0.00000000 | 0.00000000 | 0.00000000 | 0.00000000 | 0.00000000 | 0.00000000 | 0.00000000 | 0.00000000 | 0.00000000 | 0.00000000 | 0.00000000 | 0.00000000 | 0.00000000 | 0.00000000 | 0.00000000 | 0.00000000 | 0.00000000 | 0.00000000 | 0.00000000 | 0.00000000 | 0.00000000 | 0.00000000
Load  30 | 0.00000000 | 0.00000000 | 0.00000000 | 0.00000000 | 0.00000000 | 0.00000000 | 0.00000000 | 0.00000000 | 0.00000000 | 0.00000000 | 0.00000000 | 0.00000000 | 0.00000000 | 0.00000000 | 0.00000000 | 0.00000000 | 0.00000000 | 0.00000000 | 0.00000000 | 0.00000000 | 0.00000000 | 0.00000000
Load  31 | 0.00000000 | 0.00000000 | 0.00000000 | 0.00000000 | 0.00000000 | 0.00000000 | 0.00000000 | 0.00000000 | 0.00000000 | 0.00000000 | 0.00000000 | 0.00000000 | 0.00000000 | 0.00000000 | 0.00000000 | 0.00000000 | 0.00000000 | 0.00000000 | 0.00000000 | 0.00000000 | 0.00000000 | 0.00000000
Load  32 | 0.00000000 | 0.00000000 | 0.00000000 | 0.00000000 | 0.00000000 | 0.00000000 | 0.00000000 | 0.00000000 | 0.00000000 | 0.00000000 | 0.00000000 | 0.00000000 | 0.00000000 | 0.00000000 | 0.00000000 | 0.00000000 | 0.00000000 | 0.00000000 | 0.00000000 | 0.00000000 | 0.00000000 | 0.00000000
Load  33 | 0.00000000 | 0.00000000 | 0.00000000 | 0.00000000 | 0.00000000 | 0.00000000 | 0.00000000 | 0.00000000 | 0.00000000 | 0.00000000 | 0.00000000 | 0.00000000 | 0.00000000 | 0.00000000 | 0.00000000 | 0.00000000 | 0.00000000 | 0.00000000 | 0.00000000 | 0.00000000 | 0.00000000 | 0.00000000
Load  34 | 0.00000000 | 0.00000000 | 0.00000000 | 0.00000000 | 0.00000000 | 0.00000000 | 0.00000000 | 0.00000000 | 0.00000000 | 0.00000000 | 0.00000000 | 0.00000000 | 0.00000000 | 0.00000000 | 0.00000000 | 0.00000000 | 0.00000000 | 0.00000000 | 0.00000000 | 0.00000000 | 0.00000000 | 0.00000000
Load  35 | 0.00000000 | 0.00000000 | 0.00000000 | 0.00000000 | 0.00000000 | 0.00000000 | 0.00000000 | 0.00000000 | 0.00000000 | 0.00000000 | 0.00000000 | 0.00000000 | 0.00000000 | 0.00000000 | 0.00000000 | 0.00000000 | 0.00000000 | 0.00000000 | 0.00000000 | 0.00000000 | 0.00000000 | 0.00000000
Load  36 | 0.00000000 | 0.00000000 | 0.00000000 | 0.00000000 | 0.00000000 | 0.00000000 | 0.00000000 | 0.00000000 | 0.00000000 | 0.00000000 | 0.00000000 | 0.00000000 | 0.00000000 | 0.00000000 | 0.00000000 | 0.00000000 | 0.00000000 | 0.00000000 | 0.00000000 | 0.00000000 | 0.00000000 | 0.00000000
Load  37 | 0.00000000 | 0.00000000 | 0.00000000 | 0.00000000 | 0.00000000 | 0.00000000 | 0.00000000 | 0.00000000 | 0.00000000 | 0.00000000 | 0.00000000 | 0.00000000 | 0.00000000 | 0.00000000 | 0.00000000 | 0.00000000 | 0.00000000 | 0.00000000 | 0.00000000 | 0.00000000 | 0.00000000 | 0.00000000
Load  38 | 0.00000000 | 0.00000000 | 0.00000000 | 0.00000000 | 0.00000000 | 0.00000000 | 0.00000000 | 0.00000000 | 0.00000000 | 0.00000000 | 0.00000000 | 0.00000000 | 0.00000000 | 0.00000000 | 0.00000000 | 0.00000000 | 0.00000000 | 0.00000000 | 0.00000000 | 0.00000000 | 0.00000000 | 0.00000000
Load  39 | 0.00000000 | 0.00000000 | 0.00000000 | 0.00000000 | 0.00000000 | 0.00000000 | 0.00000000 | 0.00000000 | 0.00000000 | 0.00000000 | 0.00000000 | 0.00000000 | 0.00000000 | 0.00000000 | 0.00000000 | 0.00000000 | 0.00000000 | 0.00000000 | 0.00000000 | 0.00000000 | 0.00000000 | 0.00000000
Load  40 | 0.00000000 | 0.00000000 | 0.00000000 | 0.00000000 | 0.00000000 | 0.00000000 | 0.00000000 | 0.00000000 | 0.00000000 | 0.00000000 | 0.00000000 | 0.00000000 | 0.00000000 | 0.00000000 | 0.00000000 | 0.00000000 | 0.00000000 | 0.00000000 | 0.00000000 | 0.00000000 | 0.00000000 | 0.00000000
Load  41 | 0.00000000 | 0.00000000 | 0.00000000 | 0.00000000 | 0.00000000 | 0.00000000 | 0.00000000 | 0.00000000 | 0.00000000 | 0.00000000 | 0.00000000 | 0.00000000 | 0.00000000 | 0.00000000 | 0.00000000 | 0.00000000 | 0.00000000 | 0.00000000 | 0.00000000 | 0.00000000 | 0.00000000 | 0.00000000
Load  42 | 0.00000000 | 0.00000000 | 0.00000000 | 0.00000000 | 0.00000000 | 0.00000000 | 0.00000000 | 0.00000000 | 0.00000000 | 0.00000000 | 0.00000000 | 0.00000000 | 0.00000000 | 0.00000000 | 0.00000000 | 0.00000000 | 0.00000000 | 0.00000000 | 0.00000000 | 0.00000000 | 0.00000000 | 0.00000000
Load  43 | 0.00000000 | 0.00000000 | 0.00000000 | 0.00000000 | 0.00000000 | 0.00000000 | 0.00000000 | 0.00000000 | 0.00000000 | 0.00000000 | 0.00000000 | 0.00000000 | 0.00000000 | 0.00000000 | 0.00000000 | 0.00000000 | 0.00000000 | 0.00000000 | 0.00000000 | 0.00000000 | 0.00000000 | 0.00000000
Load  44 | 0.00000000 | 0.00000000 | 0.00000000 | 0.00000000 | 0.00000000 | 0.00000000 | 0.00000000 | 0.00000000 | 0.00000000 | 0.00000000 | 0.00000000 | 0.00000000 | 0.00000000 | 0.00000000 | 0.00000000 | 0.00000000 | 0.00000000 | 0.00000000 | 0.00000000 | 0.00000000 | 0.00000000 | 0.00000000
Load  45 | 0.00000000 | 0.00000000 | 0.00000000 | 0.00000000 | 0.00000000 | 0.00000000 | 0.00000000 | 0.00000000 | 0.00000000 | 0.00000000 | 0.00000000 | 0.00000000 | 0.00000000 | 0.00000000 | 0.00000000 | 0.00000000 | 0.00000000 | 0.00000000 | 0.00000000 | 0.00000000 | 0.00000000 | 0.00000000
Load  46 | 0.00000000 | 0.00000000 | 0.00000000 | 0.00000000 | 0.00000000 | 0.00000000 | 0.00000000 | 0.00000000 | 0.00000000 | 0.00000000 | 0.00000000 | 0.00000000 | 0.00000000 | 0.00000000 | 0.00000000 | 0.00000000 | 0.00000000 | 0.00000000 | 0.00000000 | 0.00000000 | 0.00000000 | 0.00000000
Load  47 | 0.00000000 | 0.00000000 | 0.00000000 | 0.00000000 | 0.00000000 | 0.00000000 | 0.00000000 | 0.00000000 | 0.00000000 | 0.00000000 | 0.00000000 | 0.00000000 | 0.00000000 | 0.00000000 | 0.00000000 | 0.00000000 | 0.00000000 | 0.00000000 | 0.00000000 | 0.00000000 | 0.00000000 | 0.00000000
Load  48 | 0.00000000 | 0.00000000 | 0.00000000 | 0.00000000 | 0.00000000 | 0.00000000 | 0.00000000 | 0.00000000 | 0.00000000 | 0.00000000 | 0.00000000 | 0.00000000 | 0.00000000 | 0.00000000 | 0.00000000 | 0.00000000 | 0.00000000 | 0.00000000 | 0.00000000 | 0.00000000 | 0.00000000 | 0.00000000
Load  49 | 0.00000000 | 0.00000000 | 0.00000000 | 0.00000000 | 0.00000000 | 0.00000000 | 0.00000000 | 0.00000000 | 0.00000000 | 0.00000000 | 0.00000000 | 0.00000000 | 0.00000000 | 0.00000000 | 0.00000000 | 0.00000000 | 0.00000000 | 0.00000000 | 0.00000000 | 0.00000000 | 0.00000000 | 0.00000000
Load  50 | 0.00000000 | 0.00000000 | 0.00000000 | 0.00000000 | 0.00000000 | 0.00000000 | 0.00000000 | 0.00000000 | 0.00000000 | 0.00000000 | 0.00000000 | 0.00197044 | 0.00000000 | 0.00000000 | 0.00000000 | 0.00000000 | 0.00000000 | 0.00000000 | 0.00000000 | 0.00000000 | 0.00009852 | 0.00042945
Load  51 | 0.00095329 | 0.00000000 | 0.00000000 | 0.00000000 | 0.00000000 | 0.00000000 | 0.00000000 | 0.00000000 | 0.00000000 | 0.00000000 | 0.00000000 | 0.00000000 | 0.00000000 | 0.00000000 | 0.00000000 | 0.00000000 | 0.00000000 | 0.00000000 | 0.00000000 | 0.00000000 | 0.00004766 | 0.00020776
Load  52 | 0.00000000 | 0.00000000 | 0.00302115 | 0.00000000 | 0.00000000 | 0.00000000 | 0.00000000 | 0.00000000 | 0.00000000 | 0.00000000 | 0.00000000 | 0.00000000 | 0.00000000 | 0.00000000 | 0.00000000 | 0.00000000 | 0.00000000 | 0.00000000 | 0.00000000 | 0.00000000 | 0.00015106 | 0.00065844
Load  53 | 0.00000000 | 0.00000000 | 0.00000000 | 0.00095785 | 0.00000000 | 0.00000000 | 0.00000000 | 0.00000000 | 0.00000000 | 0.00199203 | 0.00000000 | 0.00000000 | 0.00000000 | 0.00000000 | 0.00000000 | 0.00000000 | 0.00000000 | 0.00091575 | 0.00000000 | 0.00094697 | 0.00024063 | 0.00052264
Load  54 | 0.00000000 | 0.00000000 | 0.00000000 | 0.00000000 | 0.00000000 | 0.00000000 | 0.00000000 | 0.00000000 | 0.00270758 | 0.00000000 | 0.00000000 | 0.00000000 | 0.00000000 | 0.00000000 | 0.00000000 | 0.00000000 | 0.00000000 | 0.00000000 | 0.00000000 | 0.00000000 | 0.00013538 | 0.00059010
Load  55 | 0.00358102 | 0.00000000 | 0.00094162 | 0.00093284 | 0.00000000 | 0.00000000 | 0.00180018 | 0.00000000 | 0.00000000 | 0.00000000 | 0.00000000 | 0.00000000 | 0.00708592 | 0.00000000 | 0.00000000 | 0.00186220 | 0.00000000 | 0.00000000 | 0.00000000 | 0.00000000 | 0.00081019 | 0.00170838
Load  56 | 0.00178891 | 0.00000000 | 0.00000000 | 0.00180180 | 0.00347524 | 0.00000000 | 0.00000000 | 0.00000000 | 0.00000000 | 0.00000000 | 0.00547445 | 0.00000000 | 0.00000000 | 0.00000000 | 0.00000000 | 0.00084388 | 0.00088731 | 0.00187091 | 0.00000000 | 0.00000000 | 0.00080713 | 0.00142240
Load  57 | 0.00595745 | 0.00000000 | 0.00000000 | 0.00087413 | 0.00000000 | 0.00432152 | 0.00000000 | 0.00000000 | 0.00000000 | 0.00086059 | 0.00082576 | 0.00350570 | 0.00000000 | 0.00601375 | 0.00000000 | 0.00605536 | 0.00000000 | 0.00000000 | 0.00091659 | 0.00361011 | 0.00164705 | 0.00224826
Load  58 | 0.00000000 | 0.00524017 | 0.00000000 | 0.00000000 | 0.00000000 | 0.00262467 | 0.00000000 | 0.00000000 | 0.00085251 | 0.00086957 | 0.00084459 | 0.00174825 | 0.00530504 | 0.00000000 | 0.00335570 | 0.00085837 | 0.00173611 | 0.00000000 | 0.00253378 | 0.00000000 | 0.00129844 | 0.00166519
Load  59 | 0.00000000 | 0.00253378 | 0.00000000 | 0.00000000 | 0.00254237 | 0.00084674 | 0.00000000 | 0.00000000 | 0.00000000 | 0.00254453 | 0.00086059 | 0.00000000 | 0.00087873 | 0.00167224 | 0.00080972 | 0.00166528 | 0.00086356 | 0.00405844 | 0.00000000 | 0.00792254 | 0.00135993 | 0.00188160
Load  60 | 0.00253165 | 0.00249584 | 0.00167926 | 0.00000000 | 0.00000000 | 0.00414250 | 0.00574241 | 0.00000000 | 0.00083195 | 0.00000000 | 0.00000000 | 0.00000000 | 0.00257954 | 0.00000000 | 0.00658979 | 0.00084246 | 0.00271003 | 0.00242718 | 0.00162075 | 0.00170940 | 0.00179514 | 0.00188956
Load  61 | 0.00662800 | 0.00253378 | 0.00000000 | 0.00165563 | 0.00462606 | 0.00000000 | 0.00156617 | 0.01290323 | 0.01356744 | 0.00237530 | 0.00241158 | 0.00160514 | 0.00169492 | 0.00000000 | 0.00160385 | 0.00511073 | 0.00504626 | 0.00240964 | 0.00258844 | 0.00000000 | 0.00341631 | 0.00372599
Load  62 | 0.00082102 | 0.00079177 | 0.00163934 | 0.00482315 | 0.00879297 | 0.00315209 | 0.01226492 | 0.00164609 | 0.00000000 | 0.00154083 | 0.00081169 | 0.00169062 | 0.00080775 | 0.00000000 | 0.00580431 | 0.00855432 | 0.00080710 | 0.00324939 | 0.00163399 | 0.00627451 | 0.00325529 | 0.00333438
Load  63 | 0.00000000 | 0.00562701 | 0.00163399 | 0.00236220 | 0.00786782 | 0.00000000 | 0.00400320 | 0.00451128 | 0.00385802 | 0.00465477 | 0.00641540 | 0.01448109 | 0.00543057 | 0.01184834 | 0.00955414 | 0.00812348 | 0.00162866 | 0.00077340 | 0.00328677 | 0.00162338 | 0.00488418 | 0.00382319
Load  64 | 0.00546448 | 0.00000000 | 0.00390016 | 0.00309119 | 0.00077340 | 0.01333333 | 0.00157109 | 0.01289833 | 0.00388199 | 0.01077944 | 0.00772798 | 0.00683371 | 0.00488599 | 0.00780640 | 0.00948617 | 0.00078186 | 0.00909843 | 0.00698758 | 0.00765111 | 0.00480384 | 0.00608782 | 0.00378767
Load  65 | 0.00157109 | 0.00553360 | 0.00681302 | 0.00897532 | 0.00000000 | 0.01353383 | 0.00487013 | 0.00611621 | 0.01170960 | 0.00446097 | 0.00552050 | 0.01071975 | 0.00773994 | 0.01093750 | 0.01024429 | 0.00539291 | 0.01176471 | 0.00223547 | 0.00464756 | 0.01177394 | 0.00722802 | 0.00373543
Load  66 | 0.00315209 | 0.00723473 | 0.00744602 | 0.00453858 | 0.01102941 | 0.01712584 | 0.00076453 | 0.01132075 | 0.01427498 | 0.01202104 | 0.02761628 | 0.01272872 | 0.00464396 | 0.01121076 | 0.00558659 | 0.00994644 | 0.01710037 | 0.00766284 | 0.00468384 | 0.02238267 | 0.01062352 | 0.00651626
Load  67 | 0.02106028 | 0.02769679 | 0.01179941 | 0.01059803 | 0.00842266 | 0.00305111 | 0.01041667 | 0.01239971 | 0.00302572 | 0.00076453 | 0.00904295 | 0.01312741 | 0.00516224 | 0.00654545 | 0.00793651 | 0.01826150 | 0.01710620 | 0.00980392 | 0.00906344 | 0.01117735 | 0.01082309 | 0.00627510
Load  68 | 0.00813008 | 0.01444867 | 0.01846381 | 0.00946143 | 0.01432665 | 0.01039347 | 0.01994092 | 0.00459418 | 0.01582734 | 0.01330377 | 0.02334063 | 0.02303816 | 0.00297398 | 0.00662739 | 0.02881844 | 0.02677279 | 0.00729927 | 0.01237263 | 0.02027516 | 0.00973783 | 0.01450733 | 0.00722296
Load  69 | 0.01412429 | 0.00452148 | 0.01851852 | 0.03008596 | 0.01362984 | 0.01906158 | 0.01244510 | 0.02384393 | 0.01577061 | 0.01238390 | 0.01560284 | 0.00883002 | 0.01228324 | 0.01634684 | 0.00978179 | 0.01376812 | 0.01652299 | 0.02717770 | 0.00623539 | 0.01410437 | 0.01525192 | 0.00618235
Load  70 | 0.00920680 | 0.01771793 | 0.02338767 | 0.01685393 | 0.01578192 | 0.02873987 | 0.01668985 | 0.03157895 | 0.01475755 | 0.01230992 | 0.01036628 | 0.01834862 | 0.02043693 | 0.02531646 | 0.03002144 | 0.01441961 | 0.01789549 | 0.02061123 | 0.03307530 | 0.02141328 | 0.01994645 | 0.00671628
Load  71 | 0.02377622 | 0.04527297 | 0.01566952 | 0.01527273 | 0.00871460 | 0.01124385 | 0.02693125 | 0.01232877 | 0.01758087 | 0.02935290 | 0.01224490 | 0.02867133 | 0.01711157 | 0.01801802 | 0.01734906 | 0.03411514 | 0.01933333 | 0.01997147 | 0.01715511 | 0.02737752 | 0.02087456 | 0.00865988
Load  72 | 0.02126152 | 0.02718833 | 0.02249489 | 0.02414487 | 0.02380952 | 0.02049470 | 0.04824851 | 0.00752394 | 0.02306649 | 0.01652299 | 0.02840495 | 0.03669725 | 0.02859088 | 0.01610738 | 0.03137790 | 0.02418798 | 0.03522099 | 0.01814375 | 0.01399580 | 0.03162333 | 0.02495530 | 0.00885189
Load  73 | 0.02841303 | 0.02362752 | 0.05444887 | 0.02106742 | 0.02662116 | 0.03552279 | 0.05507631 | 0.03274394 | 0.01509705 | 0.01730104 | 0.03007519 | 0.01448276 | 0.01785714 | 0.04758713 | 0.04132791 | 0.03789894 | 0.02781457 | 0.03631473 | 0.02880658 | 0.05224868 | 0.03221664 | 0.01247671
Load  74 | 0.04225352 | 0.03975326 | 0.03324100 | 0.03646185 | 0.02700878 | 0.04081633 | 0.03801765 | 0.03765972 | 0.04049417 | 0.05684755 | 0.02808219 | 0.03180915 | 0.02677942 | 0.05048409 | 0.03310811 | 0.03541667 | 0.03734440 | 0.03448276 | 0.02706454 | 0.03815261 | 0.03676389 | 0.00737354
Load  75 | 0.03970880 | 0.02894555 | 0.03234323 | 0.02044990 | 0.03728814 | 0.04828974 | 0.05072464 | 0.03591549 | 0.02642008 | 0.04524285 | 0.02035088 | 0.03715992 | 0.05610561 | 0.03937008 | 0.03703704 | 0.05217966 | 0.03306878 | 0.04929102 | 0.04560261 | 0.02380952 | 0.03796518 | 0.01034151
Load  76 | 0.05009888 | 0.05986842 | 0.04142766 | 0.06460119 | 0.03006536 | 0.06100629 | 0.03795721 | 0.06152850 | 0.05661619 | 0.04450438 | 0.03758389 | 0.05197368 | 0.03569192 | 0.04701987 | 0.02565834 | 0.02729694 | 0.06135770 | 0.05927835 | 0.05886200 | 0.06470211 | 0.04885494 | 0.01268398
Load  77 | 0.07301587 | 0.05438260 | 0.03566796 | 0.04457751 | 0.05916775 | 0.06035042 | 0.07106599 | 0.04793171 | 0.05314323 | 0.06198083 | 0.06092965 | 0.04432855 | 0.04518272 | 0.05160026 | 0.02896552 | 0.06257669 | 0.04634921 | 0.04688547 | 0.04768125 | 0.04489265 | 0.05203379 | 0.01078466
Load  78 | 0.05068226 | 0.06129247 | 0.06468305 | 0.08260325 | 0.06246057 | 0.06623794 | 0.05436775 | 0.03307393 | 0.05459387 | 0.06301197 | 0.06242038 | 0.03870558 | 0.07107232 | 0.05422446 | 0.03976532 | 0.04844961 | 0.06544503 | 0.06963250 | 0.05038265 | 0.06048906 | 0.05767970 | 0.01167676
Load  79 | 0.06459627 | 0.06521739 | 0.06278027 | 0.06374759 | 0.04636974 | 0.05192178 | 0.04142766 | 0.06877663 | 0.07252888 | 0.04671053 | 0.03927882 | 0.06015524 | 0.04307488 | 0.06199628 | 0.03974359 | 0.04824561 | 0.07188703 | 0.09487666 | 0.06326662 | 0.07759700 | 0.05920992 | 0.01416078
Load  80 | 0.07098765 | 0.09295261 | 0.08471338 | 0.08909091 | 0.08700834 | 0.07233273 | 0.08185279 | 0.08012232 | 0.09180530 | 0.08812500 | 0.09334126 | 0.05882353 | 0.05566470 | 0.07653701 | 0.06538462 | 0.07289720 | 0.06361952 | 0.05447471 | 0.05905512 | 0.04870530 | 0.07437470 | 0.01391097
Load  81 | 0.06203931 | 0.06207325 | 0.08803886 | 0.04530951 | 0.10117939 | 0.09902200 | 0.11192661 | 0.06443618 | 0.07607995 | 0.06195244 | 0.06683805 | 0.07605985 | 0.08156912 | 0.08092486 | 0.08131595 | 0.10856454 | 0.07868649 | 0.08170732 | 0.08555133 | 0.09291245 | 0.08030937 | 0.01663588
Load  82 | 0.09064327 | 0.07418953 | 0.09825196 | 0.07519242 | 0.07356608 | 0.09782609 | 0.09216038 | 0.06598985 | 0.09754638 | 0.07781863 | 0.11764706 | 0.07528958 | 0.09367542 | 0.05804749 | 0.06979617 | 0.10564663 | 0.06771160 | 0.08818126 | 0.07189542 | 0.07147221 | 0.08312737 | 0.01508355
Load  83 | 0.08797468 | 0.07744315 | 0.07840909 | 0.10173549 | 0.08369498 | 0.08877928 | 0.06617192 | 0.09085475 | 0.08145897 | 0.08226221 | 0.10287356 | 0.08832426 | 0.07363861 | 0.09507042 | 0.10554885 | 0.09613059 | 0.08328340 | 0.09395572 | 0.10610734 | 0.07372401 | 0.08787206 | 0.01098241
Load  84 | 0.09251369 | 0.07701787 | 0.12177986 | 0.10404281 | 0.10642202 | 0.09371293 | 0.10952381 | 0.09405340 | 0.11795775 | 0.12940497 | 0.08415233 | 0.11754386 | 0.12660443 | 0.11726576 | 0.12076145 | 0.10445104 | 0.09096349 | 0.10105758 | 0.10703548 | 0.07107540 | 0.10436700 | 0.01592495
Load  85 | 0.12586207 | 0.13088404 | 0.09988109 | 0.13246163 | 0.10787879 | 0.11321873 | 0.12718064 | 0.11371630 | 0.10406977 | 0.12471396 | 0.10610551 | 0.08836076 | 0.10342790 | 0.10453762 | 0.12051734 | 0.13063063 | 0.09648058 | 0.09869203 | 0.08050089 | 0.11014493 | 0.11096326 | 0.01436171
Load  86 | 0.11301775 | 0.10496292 | 0.10359035 | 0.13659942 | 0.09976932 | 0.10760999 | 0.13535589 | 0.12950450 | 0.12256586 | 0.12757202 | 0.12331839 | 0.15846682 | 0.11479290 | 0.10185740 | 0.12514899 | 0.12185355 | 0.12492869 | 0.11085450 | 0.12094907 | 0.12910663 | 0.12059125 | 0.01384599
Load  87 | 0.10544413 | 0.13276836 | 0.10426540 | 0.14334278 | 0.14853672 | 0.11912944 | 0.10949330 | 0.11764706 | 0.10482430 | 0.11098332 | 0.13321995 | 0.09890742 | 0.13947991 | 0.09630065 | 0.13423576 | 0.15944541 | 0.13299663 | 0.12624780 | 0.10354530 | 0.10242424 | 0.12116189 | 0.01801388
Load  88 | 0.12212885 | 0.13322278 | 0.13557358 | 0.16154276 | 0.10748219 | 0.13764045 | 0.15345413 | 0.11796088 | 0.11311199 | 0.15551930 | 0.11487304 | 0.10867052 | 0.12521639 | 0.14073667 | 0.12360212 | 0.13583815 | 0.12694749 | 0.13240418 | 0.14570637 | 0.13801035 | 0.13148211 | 0.01495698
Load  89 | 0.16675962 | 0.13789108 | 0.12881356 | 0.14979989 | 0.16522210 | 0.11627907 | 0.13069190 | 0.14969730 | 0.10958118 | 0.14814815 | 0.14884234 | 0.14705882 | 0.15011416 | 0.16601888 | 0.11940299 | 0.14073227 | 0.17586796 | 0.16039280 | 0.14555556 | 0.16815145 | 0.14625105 | 0.01787346
Load  90 | 0.17310924 | 0.13291139 | 0.14752314 | 0.16858869 | 0.16538462 | 0.14285714 | 0.13543394 | 0.16713248 | 0.17869034 | 0.16792250 | 0.16878103 | 0.17459488 | 0.16303162 | 0.13877784 | 0.12854661 | 0.15205327 | 0.16702586 | 0.17636888 | 0.12280702 | 0.12928177 | 0.15504111 | 0.01799859
Load  91 | 0.17091115 | 0.16621253 | 0.13495200 | 0.18341061 | 0.16489063 | 0.18565870 | 0.13688213 | 0.15695326 | 0.13701657 | 0.17790759 | 0.17722879 | 0.17465565 | 0.16080402 | 0.12961910 | 0.15948778 | 0.18281336 | 0.17286652 | 0.17058166 | 0.19077901 | 0.15392896 | 0.16437800 | 0.01766691
Load  92 | 0.14476615 | 0.17342342 | 0.16385669 | 0.15313853 | 0.21567568 | 0.14446953 | 0.14430245 | 0.19213081 | 0.17546755 | 0.15806627 | 0.18508584 | 0.17139677 | 0.13375071 | 0.12975391 | 0.15201769 | 0.15771812 | 0.19145484 | 0.16173362 | 0.16078218 | 0.14818880 | 0.16285898 | 0.02090214
Load  93 | 0.17331933 | 0.15980231 | 0.13864143 | 0.15517241 | 0.17098731 | 0.16197557 | 0.17301232 | 0.15503876 | 0.17367257 | 0.14668856 | 0.18122626 | 0.19747475 | 0.18580715 | 0.20385233 | 0.17102397 | 0.15315315 | 0.21021820 | 0.17888403 | 0.19428269 | 0.17929864 | 0.17317659 | 0.01858191
Load  94 | 0.18667372 | 0.21765024 | 0.15195292 | 0.17438105 | 0.18530524 | 0.20423280 | 0.19782016 | 0.19796683 | 0.21138640 | 0.18928950 | 0.17564036 | 0.20030896 | 0.16365569 | 0.18927445 | 0.16088154 | 0.21547884 | 0.22694301 | 0.19606772 | 0.20749736 | 0.20426667 | 0.19283367 | 0.01940237
Load  95 | 0.19337607 | 0.20482546 | 0.18316570 | 0.17309753 | 0.21606507 | 0.21285791 | 0.18753417 | 0.17637452 | 0.19444444 | 0.19906929 | 0.18522427 | 0.21625930 | 0.21514992 | 0.21274355 | 0.21120476 | 0.21529597 | 0.19499479 | 0.18673740 | 0.21647307 | 0.18488309 | 0.19898881 | 0.01441787
Load  96 | 0.19595645 | 0.19887237 | 0.21012270 | 0.24229765 | 0.22305630 | 0.22835052 | 0.18490967 | 0.19774920 | 0.24201854 | 0.19082001 | 0.18191662 | 0.22715539 | 0.21941355 | 0.18532405 | 0.23032830 | 0.19073276 | 0.20223011 | 0.22996516 | 0.22049689 | 0.22048882 | 0.21111025 | 0.01905724
Load  97 | 0.21628768 | 0.22054223 | 0.20568817 | 0.20392749 | 0.20775906 | 0.20588235 | 0.26367900 | 0.27826511 | 0.20512821 | 0.22150000 | 0.23626943 | 0.22327044 | 0.20071319 | 0.20551509 | 0.21237113 | 0.22612287 | 0.26256711 | 0.22661871 | 0.20280811 | 0.22509035 | 0.22250029 | 0.02163049
Load  98 | 0.22916667 | 0.22892182 | 0.23520408 | 0.20764463 | 0.19557196 | 0.26230315 | 0.26958291 | 0.25777778 | 0.19375673 | 0.20200000 | 0.23830625 | 0.26358974 | 0.26307613 | 0.20936085 | 0.19893333 | 0.24236253 | 0.21814475 | 0.21468927 | 0.27550517 | 0.20191286 | 0.23039053 | 0.02670228
Load  99 | 0.26559356 | 0.22227926 | 0.26690574 | 0.21373655 | 0.21798223 | 0.22171254 | 0.24248398 | 0.22325581 | 0.25250501 | 0.25796959 | 0.24655355 | 0.22061108 | 0.27159261 | 0.26318408 | 0.24675325 | 0.27000000 | 0.22610837 | 0.25776244 | 0.21646815 | 0.22595657 | 0.24147072 | 0.02010478
Load 100 | 0.22769231 | 0.19604863 | 0.22763819 | 0.26210684 | 0.22365039 | 0.25076609 | 0.25366569 | 0.25581395 | 0.26441558 | 0.24950100 | 0.27167630 | 0.27826942 | 0.23335028 | 0.25216972 | 0.25179120 | 0.22643497 | 0.25101626 | 0.23249739 | 0.25300048 | 0.24987799 | 0.24556913 | 0.01875953
Load 101 | 0.24900794 | 0.27619507 | 0.27741283 | 0.25874126 | 0.27123006 | 0.28799613 | 0.25073457 | 0.25814413 | 0.27258806 | 0.24533857 | 0.23403141 | 0.27176527 | 0.23740648 | 0.28336557 | 0.27321867 | 0.26706231 | 0.27318046 | 0.24606799 | 0.28001993 | 0.22828784 | 0.26208973 | 0.01708986
Load 102 | 0.26913701 | 0.27254509 | 0.24719101 | 0.29310345 | 0.25339806 | 0.24677188 | 0.28359684 | 0.23975721 | 0.27101039 | 0.26888668 | 0.26262626 | 0.24801980 | 0.28502415 | 0.25873094 | 0.26364075 | 0.27071823 | 0.27584564 | 0.27358962 | 0.26727642 | 0.27753518 | 0.26642023 | 0.01371916
Load 103 | 0.27237354 | 0.27971014 | 0.24236355 | 0.30603448 | 0.29072561 | 0.30439172 | 0.29428990 | 0.27575758 | 0.28524743 | 0.29148418 | 0.30029014 | 0.25914936 | 0.28266149 | 0.30000000 | 0.28476190 | 0.27710843 | 0.28146772 | 0.30400782 | 0.28190199 | 0.26266601 | 0.28381965 | 0.01599928
Load 104 | 0.28948587 | 0.27066604 | 0.28675400 | 0.29425612 | 0.29150763 | 0.28120516 | 0.28696498 | 0.29253012 | 0.28612167 | 0.29333333 | 0.25667152 | 0.27916057 | 0.29683698 | 0.31149054 | 0.29237288 | 0.29342168 | 0.27065924 | 0.28205128 | 0.28507239 | 0.24881292 | 0.28446875 | 0.01382809
Load 105 | 0.31109107 | 0.30466122 | 0.31820309 | 0.32784504 | 0.30362885 | 0.29925651 | 0.30358829 | 0.29264706 | 0.29439252 | 0.23058014 | 0.28201507 | 0.26257253 | 0.29295775 | 0.27328897 | 0.34653916 | 0.29580153 | 0.31466147 | 0.32993197 | 0.27976767 | 0.25592417 | 0.29596770 | 0.02644924
Load 106 | 0.29327611 | 0.29689737 | 0.31285444 | 0.32618826 | 0.27857143 | 0.31628788 | 0.29283054 | 0.31524304 | 0.28626321 | 0.30048544 | 0.28978389 | 0.31700424 | 0.33364884 | 0.28655835 | 0.30601358 | 0.32040628 | 0.30650995 | 0.33225658 | 0.30823529 | 0.27981439 | 0.30495645 | 0.01632314
Load 107 | 0.32033426 | 0.28958631 | 0.31328807 | 0.33039443 | 0.28678188 | 0.29610751 | 0.28455672 | 0.33096254 | 0.29470199 | 0.30127298 | 0.28578067 | 0.30156472 | 0.30174081 | 0.32581100 | 0.29127135 | 0.31023551 | 0.32967535 | 0.30033003 | 0.31717850 | 0.34065442 | 0.30761145 | 0.01697619
Load 108 | 0.31593407 | 0.32240437 | 0.30726771 | 0.29058211 | 0.33238231 | 0.30077369 | 0.29515829 | 0.28875793 | 0.33163265 | 0.35593992 | 0.35006605 | 0.33783176 | 0.35342844 | 0.31200374 | 0.32850467 | 0.34865726 | 0.31788079 | 0.30715935 | 0.33273381 | 0.31705026 | 0.32230746 | 0.02015394
Load 109 | 0.31073703 | 0.34242424 | 0.31679035 | 0.33795014 | 0.34486026 | 0.35207373 | 0.33256564 | 0.35811423 | 0.33135011 | 0.31985294 | 0.33500685 | 0.32211101 | 0.34817245 | 0.36528618 | 0.31206007 | 0.37162471 | 0.35590200 | 0.34176633 | 0.33547204 | 0.36584270 | 0.33999815 | 0.01762787
Load 110 | 0.37205315 | 0.37659381 | 0.37048881 | 0.35727525 | 0.32965517 | 0.32654949 | 0.33807197 | 0.35002362 | 0.35760369 | 0.33472415 | 0.34546271 | 0.30489510 | 0.34512888 | 0.33546035 | 0.33781903 | 0.33913043 | 0.38451025 | 0.31483167 | 0.35861464 | 0.33036509 | 0.34546286 | 0.02011973
Load 111 | 0.33002364 | 0.34216336 | 0.35267452 | 0.34878488 | 0.37782805 | 0.33456221 | 0.39551570 | 0.35051546 | 0.31904332 | 0.37601810 | 0.34764919 | 0.37340619 | 0.34196429 | 0.33664260 | 0.33590209 | 0.37900356 | 0.33759708 | 0.34862798 | 0.37614260 | 0.31524664 | 0.35096557 | 0.02127634
Load 112 | 0.36423262 | 0.37207247 | 0.35792851 | 0.41088014 | 0.41451469 | 0.36946237 | 0.33938857 | 0.35326587 | 0.35347985 | 0.37226928 | 0.35772727 | 0.35370370 | 0.36261843 | 0.32392411 | 0.38983813 | 0.38579570 | 0.37171351 | 0.37084950 | 0.32776524 | 0.34955357 | 0.36504918 | 0.02267539
Load 113 | 0.38924456 | 0.38485804 | 0.35768039 | 0.38404534 | 0.39035836 | 0.37188209 | 0.38832055 | 0.36659341 | 0.33824844 | 0.35751979 | 0.38233996 | 0.36399823 | 0.36292906 | 0.36771688 | 0.38091030 | 0.36227413 | 0.36979628 | 0.33837261 | 0.37414656 | 0.36774479 | 0.36994899 | 0.01468693
Load 114 | 0.38010657 | 0.38149280 | 0.38353765 | 0.41525054 | 0.39126560 | 0.37723214 | 0.35841670 | 0.39251915 | 0.41401548 | 0.40439004 | 0.35877193 | 0.39016964 | 0.42654867 | 0.38186690 | 0.40317052 | 0.36247241 | 0.39207048 | 0.36982119 | 0.36441441 | 0.39489619 | 0.38712145 | 0.01875452
Load 115 | 0.40840191 | 0.36376022 | 0.34769094 | 0.42177171 | 0.42222222 | 0.39991372 | 0.39171700 | 0.34720416 | 0.38369517 | 0.37802768 | 0.38609865 | 0.42419152 | 0.37834283 | 0.40317052 | 0.41435986 | 0.40871369 | 0.37403928 | 0.40429043 | 0.38675664 | 0.40614035 | 0.39252543 | 0.02238348
Load 116 | 0.41742130 | 0.40816327 | 0.38234052 | 0.39955850 | 0.38884263 | 0.37816245 | 0.40860673 | 0.40834768 | 0.34986474 | 0.41953528 | 0.38705416 | 0.40387931 | 0.38924731 | 0.33129371 | 0.36171132 | 0.36938863 | 0.39677830 | 0.35994821 | 0.41555076 | 0.42067205 | 0.38981834 | 0.02444867
Load 117 | 0.39285714 | 0.40068201 | 0.39539838 | 0.42600513 | 0.43440487 | 0.37738302 | 0.40960208 | 0.41066098 | 0.41627808 | 0.38830459 | 0.42158516 | 0.40625000 | 0.39551309 | 0.38101430 | 0.40351630 | 0.42681895 | 0.42549599 | 0.40618102 | 0.39847393 | 0.39965473 | 0.40580399 | 0.01530675
Load 118 | 0.43638677 | 0.41171548 | 0.37532134 | 0.40836567 | 0.42547660 | 0.42139918 | 0.39344262 | 0.41198980 | 0.39437857 | 0.39329656 | 0.39197660 | 0.42531646 | 0.41154639 | 0.42107584 | 0.41457179 | 0.41371964 | 0.43270025 | 0.39321608 | 0.40102608 | 0.42721257 | 0.41020671 | 0.01575957
Load 119 | 0.43988019 | 0.41054379 | 0.43284823 | 0.42581727 | 0.42745439 | 0.39631534 | 0.44422390 | 0.39255014 | 0.40331950 | 0.42421712 | 0.43022757 | 0.43351173 | 0.41386644 | 0.45314452 | 0.39782245 | 0.42874693 | 0.41801577 | 0.39983236 | 0.40204866 | 0.39577167 | 0.41850790 | 0.01761181
Load 120 | 0.45443597 | 0.40471434 | 0.40682303 | 0.44942869 | 0.42381930 | 0.43900415 | 0.43644591 | 0.42389937 | 0.44402985 | 0.45926226 | 0.43184768 | 0.42388562 | 0.45162636 | 0.43508628 | 0.41215378 | 0.42184154 | 0.47533445 | 0.46694215 | 0.42976589 | 0.43000401 | 0.43601753 | 0.01873163
Load 121 | 0.46617466 | 0.44773519 | 0.45012165 | 0.45045762 | 0.43377193 | 0.42478992 | 0.43691787 | 0.42468619 | 0.42347148 | 0.41885246 | 0.43961738 | 0.46500843 | 0.41045109 | 0.44876468 | 0.43774235 | 0.44748672 | 0.41759145 | 0.44727124 | 0.45339845 | 0.45268333 | 0.43984970 | 0.01536707
Load 122 | 0.48356998 | 0.44880615 | 0.45255759 | 0.45104603 | 0.43184660 | 0.42975207 | 0.42409830 | 0.40941572 | 0.45761317 | 0.45881384 | 0.48430108 | 0.46404959 | 0.43856103 | 0.43905473 | 0.44435216 | 0.43657191 | 0.43032095 | 0.42087399 | 0.46384339 | 0.42493847 | 0.44471934 | 0.01957495
Load 123 | 0.45133111 | 0.46958175 | 0.45582896 | 0.46021053 | 0.44163658 | 0.44333748 | 0.45282274 | 0.45022718 | 0.44987775 | 0.45221911 | 0.46597692 | 0.44880264 | 0.44194757 | 0.44854772 | 0.48446716 | 0.40116521 | 0.47112211 | 0.43027719 | 0.47272727 | 0.42542787 | 0.45087674 | 0.01801012
Load 124 | 0.46722622 | 0.48058062 | 0.46890344 | 0.44770045 | 0.45873397 | 0.42060606 | 0.46572008 | 0.45614035 | 0.49555016 | 0.45344619 | 0.44828974 | 0.47298387 | 0.48328635 | 0.44373504 | 0.45230396 | 0.44512444 | 0.46415404 | 0.45217391 | 0.41736227 | 0.47463175 | 0.45843265 | 0.01879981
Load 125 | 0.46765394 | 0.47510952 | 0.45547273 | 0.49235105 | 0.46890145 | 0.47357966 | 0.50612890 | 0.45152013 | 0.46620521 | 0.48784314 | 0.48778534 | 0.47221095 | 0.50485044 | 0.47267537 | 0.47349823 | 0.47056560 | 0.47941409 | 0.50039872 | 0.47385621 | 0.47494908 | 0.47774849 | 0.01439199
Load 126 | 0.54307265 | 0.46039604 | 0.49194198 | 0.48375594 | 0.47855441 | 0.49451840 | 0.47613317 | 0.48093385 | 0.47047244 | 0.49741551 | 0.48517941 | 0.50178359 | 0.50059595 | 0.48003195 | 0.48709056 | 0.49550957 | 0.47165992 | 0.54379845 | 0.50909810 | 0.49126892 | 0.49216054 | 0.02063280
Load 127 | 0.50277338 | 0.46700311 | 0.47722924 | 0.48728140 | 0.48600823 | 0.50626468 | 0.49035053 | 0.47686117 | 0.49393480 | 0.47578348 | 0.47251462 | 0.50763209 | 0.46930847 | 0.48337292 | 0.49480831 | 0.49959775 | 0.49251379 | 0.52414059 | 0.48955916 | 0.52501895 | 0.49109783 | 0.01598680
Load 128 | 0.50038344 | 0.50058343 | 0.49000769 | 0.49633063 | 0.49310752 | 0.51357642 | 0.48349901 | 0.48897959 | 0.51188707 | 0.52485769 | 0.48759354 | 0.50173144 | 0.48895899 | 0.47185301 | 0.47056545 | 0.47112211 | 0.53146585 | 0.50883257 | 0.49029851 | 0.45347468 | 0.49395543 | 0.01852844
Load 129 | 0.50992366 | 0.50465477 | 0.50898921 | 0.49941061 | 0.49866054 | 0.49071207 | 0.51453260 | 0.49230769 | 0.51646248 | 0.52422213 | 0.51091193 | 0.51951497 | 0.49007149 | 0.51289950 | 0.52341920 | 0.50774732 | 0.48014587 | 0.51361718 | 0.51111111 | 0.47520500 | 0.50522597 | 0.01334627
Load 130 | 0.49627889 | 0.52483070 | 0.52445129 | 0.52489704 | 0.54120775 | 0.49530516 | 0.52340582 | 0.49783209 | 0.47429719 | 0.50911854 | 0.52876190 | 0.51105937 | 0.51861908 | 0.51892744 | 0.50716776 | 0.51893513 | 0.50650888 | 0.55850467 | 0.50958904 | 0.49033725 | 0.51400175 | 0.01824618
Load 131 | 0.50407135 | 0.52312900 | 0.52027544 | 0.50187970 | 0.53020134 | 0.51813272 | 0.52398942 | 0.53105703 | 0.52196970 | 0.51252937 | 0.52442748 | 0.52579289 | 0.51282051 | 0.50578142 | 0.52185900 | 0.53340799 | 0.52452684 | 0.52064840 | 0.49436455 | 0.49210628 | 0.51714852 | 0.01157796
Load 132 | 0.52402573 | 0.52438110 | 0.54074074 | 0.55047259 | 0.54008909 | 0.51842105 | 0.50390930 | 0.50330639 | 0.50176125 | 0.53252648 | 0.50841992 | 0.50840493 | 0.49540230 | 0.49335863 | 0.52597403 | 0.52736882 | 0.54190154 | 0.53223388 | 0.53119020 | 0.52866487 | 0.52162764 | 0.01624404
Load 133 | 0.55137373 | 0.53189911 | 0.51815055 | 0.53039514 | 0.52981916 | 0.52947933 | 0.55944056 | 0.52135816 | 0.53917221 | 0.56729006 | 0.52187260 | 0.48853211 | 0.53371648 | 0.51575825 | 0.54192833 | 0.51388889 | 0.52172299 | 0.52168993 | 0.54731744 | 0.54907749 | 0.53169413 | 0.01755785
Load 134 | 0.54619364 | 0.55724342 | 0.53080737 | 0.58137774 | 0.52623574 | 0.56334333 | 0.58336414 | 0.56096611 | 0.57121717 | 0.54459203 | 0.52535811 | 0.55299887 | 0.56487455 | 0.52121914 | 0.55784651 | 0.53631082 | 0.57699375 | 0.53542133 | 0.56732892 | 0.54425750 | 0.55239751 | 0.01864104
Load 135 | 0.55297533 | 0.56502572 | 0.55371610 | 0.56431686 | 0.54460270 | 0.52832244 | 0.55102041 | 0.52956204 | 0.58599858 | 0.55144033 | 0.55888808 | 0.51481065 | 0.56732814 | 0.55361687 | 0.59697640 | 0.56350626 | 0.57604563 | 0.52462772 | 0.52976827 | 0.56829178 | 0.55404201 | 0.02052839
Load 136 | 0.56362329 | 0.54109589 | 0.57704918 | 0.54908548 | 0.54435039 | 0.55454875 | 0.56376812 | 0.55652490 | 0.54459917 | 0.54433221 | 0.55150846 | 0.55181347 | 0.56433490 | 0.54919825 | 0.56010138 | 0.52556924 | 0.52497305 | 0.54156261 | 0.53485839 | 0.53791291 | 0.54904050 | 0.01286176
Load 137 | 0.58198529 | 0.53178531 | 0.55630127 | 0.55693885 | 0.55322988 | 0.55515759 | 0.57373520 | 0.56143466 | 0.55945067 | 0.56206416 | 0.54424779 | 0.60634805 | 0.56646143 | 0.55007102 | 0.59138290 | 0.52534221 | 0.55422125 | 0.55162455 | 0.58473338 | 0.55845096 | 0.56124832 | 0.01867646
Load 138 | 0.56485203 | 0.57262774 | 0.57765766 | 0.57577879 | 0.59802848 | 0.57921328 | 0.57601167 | 0.57963446 | 0.57314849 | 0.55069802 | 0.53786192 | 0.55981036 | 0.54990926 | 0.57881598 | 0.57168784 | 0.55134006 | 0.56206518 | 0.56472727 | 0.56343844 | 0.57653430 | 0.56819206 | 0.01339327
Load 139 | 0.58688187 | 0.57410746 | 0.58878505 | 0.58025568 | 0.55900851 | 0.55176171 | 0.57709251 | 0.57814761 | 0.57554213 | 0.56148576 | 0.54039497 | 0.54785847 | 0.59582744 | 0.57972053 | 0.56834532 | 0.58268275 | 0.56195156 | 0.58637993 | 0.57634011 | 0.55785714 | 0.57152133 | 0.01449059
Load 140 | 0.57060101 | 0.61413631 | 0.54980776 | 0.59928826 | 0.59708029 | 0.55941823 | 0.56691783 | 0.57465584 | 0.56605114 | 0.59217675 | 0.56895332 | 0.56910863 | 0.59254191 | 0.59306108 | 0.57098765 | 0.58521924 | 0.57455402 | 0.56924755 | 0.56461825 | 0.61458693 | 0.57965060 | 0.01738940
Load 141 | 0.60878589 | 0.60357518 | 0.58947745 | 0.59587781 | 0.59909754 | 0.57681564 | 0.58216469 | 0.57294242 | 0.58724472 | 0.58793103 | 0.55245256 | 0.59848758 | 0.55575475 | 0.60812721 | 0.59449674 | 0.54522968 | 0.59950071 | 0.59110629 | 0.57596536 | 0.60983264 | 0.58674329 | 0.01826238
Load 142 | 0.58644537 | 0.58162912 | 0.62110060 | 0.60335782 | 0.59492779 | 0.58927938 | 0.58742004 | 0.60761246 | 0.59583191 | 0.59065551 | 0.57429577 | 0.56724938 | 0.59311532 | 0.60588029 | 0.58415480 | 0.60160056 | 0.58001422 | 0.60070053 | 0.58095578 | 0.58785714 | 0.59170419 | 0.01233257
Load 143 | 0.59212428 | 0.59770527 | 0.59170153 | 0.58864998 | 0.57046742 | 0.58630328 | 0.62344583 | 0.59310825 | 0.61461565 | 0.57725018 | 0.59495445 | 0.61829227 | 0.58093205 | 0.60542582 | 0.60000000 | 0.57985512 | 0.59810460 | 0.58380682 | 0.61768851 | 0.61699115 | 0.59657112 | 0.01490685
Load 144 | 0.62111801 | 0.60434633 | 0.59624739 | 0.59042928 | 0.58158263 | 0.60405220 | 0.59470752 | 0.60504492 | 0.62311734 | 0.61214631 | 0.60212202 | 0.58598726 | 0.60000000 | 0.59176553 | 0.63044983 | 0.60875467 | 0.57818053 | 0.61005199 | 0.59176030 | 0.58203800 | 0.60069510 | 0.01395003
Load 145 | 0.63728129 | 0.60210312 | 0.63001028 | 0.63231850 | 0.61500701 | 0.59203633 | 0.62639973 | 0.58202169 | 0.63649123 | 0.62137203 | 0.58447489 | 0.61966410 | 0.61038514 | 0.59896907 | 0.61724974 | 0.62065404 | 0.58708762 | 0.60575237 | 0.61759612 | 0.59134108 | 0.61141077 | 0.01714302
Load 146 | 0.62635870 | 0.60048176 | 0.62050051 | 0.61133741 | 0.64041906 | 0.61011700 | 0.62444671 | 0.59579518 | 0.61698557 | 0.63502674 | 0.59868875 | 0.62094241 | 0.60087131 | 0.60898797 | 0.61603233 | 0.60960334 | 0.63070263 | 0.61355124 | 0.63127148 | 0.60974790 | 0.61609340 | 0.01224939
Load 147 | 0.61887989 | 0.61411063 | 0.60603981 | 0.64340825 | 0.61508772 | 0.61715057 | 0.63873813 | 0.62187711 | 0.60573967 | 0.62564103 | 0.59951287 | 0.61911171 | 0.65153538 | 0.62961685 | 0.59909123 | 0.63484087 | 0.62653899 | 0.63041255 | 0.62030075 | 0.63830497 | 0.62279695 | 0.01395641
Load 148 | 0.63708347 | 0.62707085 | 0.63442341 | 0.61012834 | 0.65395894 | 0.62607545 | 0.62655881 | 0.62105624 | 0.64249748 | 0.58606557 | 0.62390572 | 0.64721938 | 0.61850705 | 0.61530647 | 0.63135889 | 0.65156196 | 0.61475410 | 0.62138628 | 0.63148965 | 0.63861055 | 0.62795093 | 0.01531064
Load 149 | 0.60686896 | 0.64977109 | 0.63521798 | 0.63827621 | 0.64040870 | 0.64149683 | 0.66555961 | 0.61757720 | 0.63259109 | 0.64312394 | 0.61280690 | 0.64207120 | 0.64028533 | 0.63476425 | 0.62940379 | 0.67759020 | 0.62739174 | 0.63256785 | 0.62504230 | 0.60752137 | 0.63501683 | 0.01693344
Load 150 | 0.63843864 | 0.64888889 | 0.61773805 | 0.61853230 | 0.62521353 | 0.64001350 | 0.63041289 | 0.62728460 | 0.64528669 | 0.63447351 | 0.63364426 | 0.62367725 | 0.66011144 | 0.63310299 | 0.63106114 | 0.64436266 | 0.67630987 | 0.63945134 | 0.64126150 | 0.64858646 | 0.63789257 | 0.01365949
Load 151 | 0.63284379 | 0.66184874 | 0.64602649 | 0.63624339 | 0.63730907 | 0.64914586 | 0.65271016 | 0.64518272 | 0.63767618 | 0.63844086 | 0.63031301 | 0.67883926 | 0.64122894 | 0.64577306 | 0.65852843 | 0.64758438 | 0.65996759 | 0.66428328 | 0.62429096 | 0.65914449 | 0.64736903 | 0.01307620
Load 152 | 0.63916176 | 0.64842726 | 0.66624325 | 0.64132554 | 0.64590273 | 0.64380757 | 0.64433962 | 0.66623079 | 0.64838493 | 0.66853377 | 0.63737341 | 0.66699637 | 0.64523574 | 0.64554852 | 0.64358721 | 0.66048177 | 0.65744401 | 0.63455150 | 0.65447290 | 0.63326785 | 0.64956582 | 0.01092666
Load 153 | 0.65186153 | 0.64516129 | 0.64158287 | 0.66168996 | 0.64349776 | 0.63102792 | 0.65165648 | 0.64906141 | 0.66827232 | 0.70460277 | 0.64788263 | 0.63015979 | 0.64410622 | 0.63530175 | 0.63778502 | 0.64520325 | 0.67870968 | 0.66872763 | 0.63212773 | 0.68576948 | 0.65270937 | 0.01924020
Load 154 | 0.63054830 | 0.65737052 | 0.64702051 | 0.66225166 | 0.64297254 | 0.64700000 | 0.66006494 | 0.65724496 | 0.63539652 | 0.67983434 | 0.63456000 | 0.62495990 | 0.66644693 | 0.65949936 | 0.64032787 | 0.66270479 | 0.67047681 | 0.66025216 | 0.66107272 | 0.65250082 | 0.65262528 | 0.01397091
Load 155 | 0.65519502 | 0.65798153 | 0.67714749 | 0.66368858 | 0.67456758 | 0.65646259 | 0.68263473 | 0.66797130 | 0.65043362 | 0.64285714 | 0.66581876 | 0.67121507 | 0.65435271 | 0.68193548 | 0.64188312 | 0.66356937 | 0.66184686 | 0.68663304 | 0.67272727 | 0.68260038 | 0.66557608 | 0.01284151
Load 156 | 0.67447833 | 0.66345227 | 0.69108785 | 0.70878421 | 0.64079538 | 0.68954560 | 0.68367347 | 0.66557699 | 0.65846457 | 0.67036099 | 0.65474642 | 0.68140766 | 0.66020343 | 0.64590924 | 0.66635716 | 0.66860278 | 0.66280526 | 0.67561449 | 0.64427780 | 0.66765092 | 0.66868974 | 0.01636608
Load 157 | 0.67958320 | 0.67100553 | 0.67834596 | 0.67958412 | 0.68261007 | 0.68363402 | 0.65141188 | 0.64694595 | 0.66644909 | 0.70337148 | 0.68381193 | 0.66870770 | 0.66666667 | 0.65835175 | 0.68380463 | 0.67059188 | 0.68114543 | 0.69547831 | 0.66688896 | 0.64606022 | 0.67322244 | 0.01463071
Load 158 | 0.70563874 | 0.68457870 | 0.68302595 | 0.65614035 | 0.66539803 | 0.66687898 | 0.68584212 | 0.68545804 | 0.66198104 | 0.68167702 | 0.68946223 | 0.67962725 | 0.68516170 | 0.66093601 | 0.68407724 | 0.68005058 | 0.68926554 | 0.66256313 | 0.64471184 | 0.68771278 | 0.67700936 | 0.01422266
Load 159 | 0.70756774 | 0.68016321 | 0.67362843 | 0.67349552 | 0.70617132 | 0.68210263 | 0.69298800 | 0.69946389 | 0.68024375 | 0.66355441 | 0.67050913 | 0.65530303 | 0.69182976 | 0.69077926 | 0.68546366 | 0.67807351 | 0.67530864 | 0.68162129 | 0.69609665 | 0.67269891 | 0.68285314 | 0.01325570
Load 160 | 0.71329987 | 0.70416922 | 0.67851526 | 0.67477672 | 0.68806765 | 0.67739919 | 0.68515600 | 0.68643032 | 0.68614994 | 0.68640148 | 0.70245876 | 0.68084455 | 0.69110106 | 0.68207547 | 0.70202330 | 0.69918188 | 0.67255521 | 0.70024722 | 0.69846524 | 0.70154799 | 0.69054332 | 0.01112239
Load 161 | 0.70580848 | 0.69207224 | 0.70869696 | 0.70420753 | 0.70388802 | 0.72450249 | 0.69909091 | 0.66791394 | 0.69843260 | 0.66495623 | 0.68818240 | 0.70452447 | 0.68038366 | 0.69652042 | 0.71604179 | 0.67951508 | 0.69162861 | 0.70034733 | 0.70101196 | 0.65998120 | 0.69438532 | 0.01634399
Load 162 | 0.68386520 | 0.69368812 | 0.71420030 | 0.67914764 | 0.66977724 | 0.69859671 | 0.68655332 | 0.71428571 | 0.68965517 | 0.69887430 | 0.71036397 | 0.70595346 | 0.71698698 | 0.67543591 | 0.68924540 | 0.69987429 | 0.69155745 | 0.70271941 | 0.68514481 | 0.70980884 | 0.69578671 | 0.01329702
Load 163 | 0.69294734 | 0.72671380 | 0.69131934 | 0.70190275 | 0.73018754 | 0.71543986 | 0.69036767 | 0.69881711 | 0.69358894 | 0.71084337 | 0.70263716 | 0.71188550 | 0.68598884 | 0.70091743 | 0.70185759 | 0.72800477 | 0.72945522 | 0.71934106 | 0.69784846 | 0.69221299 | 0.70611384 | 0.01403094
Load 164 | 0.73011974 | 0.71972002 | 0.70839742 | 0.71606061 | 0.69470499 | 0.69876245 | 0.71244240 | 0.72572298 | 0.71748466 | 0.70938354 | 0.69775112 | 0.69956950 | 0.69420200 | 0.69379269 | 0.71652334 | 0.69355314 | 0.69235649 | 0.72013652 | 0.72185230 | 0.72608166 | 0.70943088 | 0.01244825
Load 165 | 0.71642238 | 0.69794904 | 0.71536372 | 0.72520473 | 0.72369625 | 0.71304617 | 0.70761139 | 0.70721139 | 0.73159785 | 0.72480974 | 0.72927344 | 0.74192575 | 0.70271941 | 0.72358491 | 0.68385513 | 0.68406424 | 0.69808498 | 0.72427243 | 0.73494354 | 0.70266183 | 0.71441491 | 0.01574632
Load 166 | 0.71009571 | 0.70079670 | 0.71729323 | 0.71711932 | 0.72919773 | 0.71072089 | 0.70222493 | 0.71390295 | 0.71592582 | 0.72136597 | 0.71531748 | 0.71270037 | 0.69612263 | 0.71253731 | 0.69837518 | 0.72651163 | 0.73859288 | 0.68829594 | 0.69671390 | 0.70894848 | 0.71163795 | 0.01194276
Load 167 | 0.72567976 | 0.72624029 | 0.72344932 | 0.70033567 | 0.73170003 | 0.73219629 | 0.72143928 | 0.70747691 | 0.71548368 | 0.71928251 | 0.71635731 | 0.72345604 | 0.70828258 | 0.70972599 | 0.71630769 | 0.70448954 | 0.68648483 | 0.72470877 | 0.72533333 | 0.71568919 | 0.71670595 | 0.01102942
Load 168 | 0.72676407 | 0.74683162 | 0.71830986 | 0.71389892 | 0.73606168 | 0.71215663 | 0.72625037 | 0.69650986 | 0.72541234 | 0.73318065 | 0.72639011 | 0.73715125 | 0.72769953 | 0.71082880 | 0.73853889 | 0.72719273 | 0.73673410 | 0.70374849 | 0.72145015 | 0.74577752 | 0.72554438 | 0.01301707
Load 169 | 0.71771772 | 0.72173913 | 0.73378213 | 0.72115099 | 0.71259959 | 0.72809316 | 0.73796631 | 0.72403648 | 0.73136553 | 0.74163680 | 0.71779318 | 0.73857186 | 0.70314319 | 0.72084186 | 0.74140464 | 0.73005242 | 0.73064176 | 0.68319808 | 0.73794489 | 0.71690183 | 0.72452908 | 0.01385465
Load 170 | 0.74549820 | 0.72390572 | 0.73417351 | 0.72932985 | 0.73613993 | 0.73978557 | 0.74203915 | 0.73101266 | 0.73188406 | 0.71337772 | 0.70848596 | 0.73744493 | 0.71861086 | 0.72713415 | 0.72105263 | 0.72908133 | 0.72616345 | 0.72326284 | 0.74174701 | 0.74912993 | 0.73046297 | 0.01037147
Load 171 | 0.71902269 | 0.73757629 | 0.72953945 | 0.74949261 | 0.71152704 | 0.74374461 | 0.72126266 | 0.74100506 | 0.75710145 | 0.71116293 | 0.74082569 | 0.74062134 | 0.72630959 | 0.70751834 | 0.72854641 | 0.71977862 | 0.75320036 | 0.73599523 | 0.71640463 | 0.72958580 | 0.73101104 | 0.01408797
Load 172 | 0.72653298 | 0.74315068 | 0.69804618 | 0.74434987 | 0.74362774 | 0.74665503 | 0.75622318 | 0.74060150 | 0.75229885 | 0.74294032 | 0.74485714 | 0.74498162 | 0.74479612 | 0.72655143 | 0.72676797 | 0.74729453 | 0.72295130 | 0.72339791 | 0.73850085 | 0.71497585 | 0.73647505 | 0.01392489
Load 173 | 0.70369293 | 0.77826468 | 0.73953886 | 0.74164047 | 0.74281525 | 0.73633998 | 0.73420350 | 0.74445077 | 0.72790295 | 0.73982351 | 0.73341267 | 0.73189033 | 0.73950300 | 0.72342794 | 0.73468795 | 0.76931722 | 0.74502924 | 0.74578652 | 0.75602672 | 0.75583431 | 0.74117944 | 0.01551884
Load 174 | 0.71959858 | 0.74927954 | 0.72380393 | 0.75909732 | 0.72416762 | 0.77724986 | 0.75372480 | 0.75496296 | 0.74527762 | 0.76058724 | 0.73960739 | 0.75372505 | 0.74714937 | 0.70798258 | 0.76314333 | 0.74964917 | 0.76863309 | 0.76886529 | 0.75992174 | 0.75365114 | 0.74900388 | 0.01752125
Load 175 | 0.74125486 | 0.75424689 | 0.76167698 | 0.76659039 | 0.74637681 | 0.72966846 | 0.74732891 | 0.77002288 | 0.75342849 | 0.75728430 | 0.74956115 | 0.75408426 | 0.76078320 | 0.73137762 | 0.74040375 | 0.72269144 | 0.73296447 | 0.74729653 | 0.74391292 | 0.73354322 | 0.74722488 | 0.01259887
Load 176 | 0.74668142 | 0.72499279 | 0.74406109 | 0.76019253 | 0.74192658 | 0.75304102 | 0.75889655 | 0.76607854 | 0.76840317 | 0.74745187 | 0.72559214 | 0.75685506 | 0.74852941 | 0.74652585 | 0.76158192 | 0.74964316 | 0.75399272 | 0.75177305 | 0.74351102 | 0.73534434 | 0.74925371 | 0.01137734
Load 177 | 0.73322148 | 0.76227169 | 0.76498733 | 0.73597627 | 0.73426184 | 0.77559607 | 0.75370837 | 0.78262077 | 0.75568497 | 0.76185195 | 0.75442043 | 0.75388528 | 0.77140435 | 0.75699856 | 0.75064637 | 0.75445545 | 0.76397865 | 0.74021352 | 0.75112486 | 0.74425048 | 0.75507793 | 0.01299754
Load 178 | 0.78374617 | 0.75432134 | 0.76239026 | 0.77610304 | 0.74674785 | 0.78536319 | 0.75510204 | 0.75438596 | 0.75058411 | 0.76047385 | 0.76158940 | 0.77150997 | 0.76757812 | 0.77369602 | 0.77051029 | 0.76947129 | 0.76424140 | 0.75687044 | 0.75464684 | 0.75419933 | 0.76367655 | 0.01054605
Load 179 | 0.77119822 | 0.76890756 | 0.77479224 | 0.78388176 | 0.76356480 | 0.77521534 | 0.74128493 | 0.77250138 | 0.75405405 | 0.77284228 | 0.78382838 | 0.75661376 | 0.73750000 | 0.79065318 | 0.76650609 | 0.74270332 | 0.76430143 | 0.76232934 | 0.77710008 | 0.77673130 | 0.76682547 | 0.01409981
Load 180 | 0.77077131 | 0.75686928 | 0.76004433 | 0.76131347 | 0.76516200 | 0.73931624 | 0.75332767 | 0.77301631 | 0.76457585 | 0.77283171 | 0.76550388 | 0.78553547 | 0.75863991 | 0.75972028 | 0.76586312 | 0.76121931 | 0.77746793 | 0.76197223 | 0.74103477 | 0.76491812 | 0.76295516 | 0.01053546
Load 181 | 0.76726272 | 0.77852349 | 0.77317339 | 0.77880939 | 0.79638619 | 0.75136612 | 0.76426728 | 0.78753388 | 0.77616927 | 0.74944568 | 0.77195467 | 0.76193073 | 0.76485149 | 0.74958030 | 0.76302521 | 0.75927476 | 0.77583893 | 0.76439646 | 0.75341297 | 0.75995636 | 0.76735796 | 0.01222719
Load 182 | 0.79149852 | 0.77616438 | 0.77646736 | 0.76745480 | 0.77897055 | 0.77376209 | 0.77756340 | 0.77682759 | 0.77306527 | 0.78005043 | 0.77118410 | 0.75564854 | 0.77287671 | 0.76437899 | 0.79010659 | 0.77647059 | 0.77297593 | 0.78037510 | 0.77712692 | 0.78451825 | 0.77587431 | 0.00786971
Load 183 | 0.77576096 | 0.75660793 | 0.78013986 | 0.78044784 | 0.79262926 | 0.77820163 | 0.77024793 | 0.76532303 | 0.76827287 | 0.77119785 | 0.76803279 | 0.75647948 | 0.79117566 | 0.77565364 | 0.76220977 | 0.77147444 | 0.77868407 | 0.78344459 | 0.78474260 | 0.76976869 | 0.77402475 | 0.00977169
Load 184 | 0.77626935 | 0.76617194 | 0.80094261 | 0.77824821 | 0.78612717 | 0.79215897 | 0.78867102 | 0.79173554 | 0.77867036 | 0.79779511 | 0.80849380 | 0.80124729 | 0.78054054 | 0.78387184 | 0.77729495 | 0.76931388 | 0.80070883 | 0.77568306 | 0.80082418 | 0.78565494 | 0.78702118 | 0.01159921
Load 185 | 0.79554711 | 0.79236277 | 0.78017477 | 0.78071370 | 0.79397117 | 0.79662379 | 0.76245937 | 0.78680898 | 0.79218329 | 0.77472078 | 0.75902626 | 0.79019661 | 0.78061505 | 0.77768839 | 0.77768663 | 0.78782895 | 0.80534958 | 0.78778583 | 0.78027027 | 0.77676349 | 0.78393884 | 0.01099247
Load 186 | 0.78490870 | 0.78225144 | 0.79292129 | 0.79524581 | 0.80064137 | 0.78696945 | 0.77965194 | 0.76850886 | 0.78250529 | 0.77607025 | 0.80160044 | 0.79498131 | 0.79566729 | 0.78194070 | 0.80304222 | 0.77444444 | 0.80545062 | 0.77414206 | 0.77395777 | 0.78038265 | 0.78676420 | 0.01086913
Load 187 | 0.78923407 | 0.79183347 | 0.77465918 | 0.78986469 | 0.80000000 | 0.79748823 | 0.79336272 | 0.79594076 | 0.79210805 | 0.77906365 | 0.77939590 | 0.79317697 | 0.79597777 | 0.78869779 | 0.79791895 | 0.79020605 | 0.79735920 | 0.80127694 | 0.80210352 | 0.80080537 | 0.79252366 | 0.00743623
Load 188 | 0.78433957 | 0.77125399 | 0.77272727 | 0.78207905 | 0.79375514 | 0.78848728 | 0.78488841 | 0.80793484 | 0.78760108 | 0.78037991 | 0.77886653 | 0.77798408 | 0.78758435 | 0.80084858 | 0.77358491 | 0.80464873 | 0.80142405 | 0.80237972 | 0.78175896 | 0.77132636 | 0.78669264 | 0.01132373
Load 189 | 0.78454452 | 0.80834024 | 0.80519821 | 0.80693856 | 0.79392681 | 0.80262123 | 0.80790085 | 0.78485737 | 0.77929374 | 0.81839685 | 0.80037116 | 0.78979701 | 0.77264422 | 0.79012346 | 0.80279045 | 0.80335166 | 0.78513478 | 0.80388505 | 0.78320570 | 0.79978384 | 0.79615529 | 0.01157138
Load 190 | 0.80064223 | 0.78780681 | 0.79478398 | 0.80694371 | 0.80633990 | 0.77739270 | 0.80898581 | 0.79410230 | 0.79220085 | 0.80588235 | 0.80429777 | 0.80150416 | 0.80005187 | 0.79601468 | 0.81073967 | 0.79071618 | 0.82146543 | 0.78199681 | 0.78954424 | 0.79196595 | 0.79816887 | 0.01028734
Load 191 | 0.80575350 | 0.79481193 | 0.80953602 | 0.82109276 | 0.80715812 | 0.79882447 | 0.81276151 | 0.79481865 | 0.80400108 | 0.79008134 | 0.80405933 | 0.78378378 | 0.80904131 | 0.79600829 | 0.79315708 | 0.80688907 | 0.79867550 | 0.81266774 | 0.80781011 | 0.79270833 | 0.80218200 | 0.00895865
Load 192 | 0.81166495 | 0.79534408 | 0.79752827 | 0.81300601 | 0.81653278 | 0.79633508 | 0.79646937 | 0.81645244 | 0.80139283 | 0.80429095 | 0.80800849 | 0.79660131 | 0.80005153 | 0.80695286 | 0.79924751 | 0.81237425 | 0.80888081 | 0.83076132 | 0.80942184 | 0.79755081 | 0.80594337 | 0.00898449
Load 193 | 0.80820486 | 0.81081781 | 0.80528224 | 0.80502982 | 0.79569892 | 0.82800413 | 0.79122949 | 0.80104167 | 0.78482003 | 0.83193056 | 0.81423746 | 0.80366972 | 0.80848861 | 0.81806248 | 0.79481971 | 0.81492147 | 0.81424870 | 0.80286169 | 0.79753340 | 0.80697122 | 0.80689370 | 0.01128645
Load 194 | 0.80105105 | 0.82348446 | 0.81504379 | 0.79088542 | 0.79838506 | 0.80416881 | 0.79161274 | 0.80379098 | 0.81453305 | 0.81037567 | 0.81896334 | 0.80833981 | 0.79721931 | 0.80104712 | 0.79791395 | 0.80708149 | 0.80036064 | 0.81747427 | 0.80752383 | 0.81748466 | 0.80633697 | 0.00906292
Load 195 | 0.81975245 | 0.80459770 | 0.82997706 | 0.79342240 | 0.81155399 | 0.79819355 | 0.81463289 | 0.80525624 | 0.82657201 | 0.81853482 | 0.79882413 | 0.80794872 | 0.81410416 | 0.81443038 | 0.81241948 | 0.82525019 | 0.82968988 | 0.82688229 | 0.82844130 | 0.82401231 | 0.81522480 | 0.01095127
Load 196 | 0.82215967 | 0.81318957 | 0.77749937 | 0.82036847 | 0.81220779 | 0.82419517 | 0.81599796 | 0.81643974 | 0.81409602 | 0.82135471 | 0.80347559 | 0.81129157 | 0.79703704 | 0.81116542 | 0.81322060 | 0.83598155 | 0.80514419 | 0.80674449 | 0.81719577 | 0.83704804 | 0.81379064 | 0.01261066
Load 197 | 0.82063008 | 0.83174685 | 0.82838773 | 0.83142056 | 0.82358896 | 0.82741894 | 0.81407804 | 0.82524033 | 0.80377260 | 0.82491246 | 0.81635802 | 0.81827515 | 0.80839089 | 0.83300149 | 0.81029527 | 0.80964467 | 0.83010204 | 0.82245431 | 0.81676315 | 0.80781089 | 0.82021462 | 0.00878849
Load 198 | 0.83422188 | 0.81489786 | 0.83109308 | 0.82047975 | 0.82622029 | 0.83530623 | 0.83461253 | 0.81509625 | 0.79705359 | 0.81174089 | 0.82447083 | 0.82375189 | 0.81690501 | 0.84002958 | 0.82499358 | 0.81480552 | 0.83654568 | 0.81659939 | 0.81619311 | 0.82366530 | 0.82293411 | 0.01023399
Load 199 | 0.83140121 | 0.80617838 | 0.80374065 | 0.81391347 | 0.82742799 | 0.82114625 | 0.81586826 | 0.83009079 | 0.82178465 | 0.83886375 | 0.82184916 | 0.83163005 | 0.80766264 | 0.82810164 | 0.81304126 | 0.83615403 | 0.84055118 | 0.81188617 | 0.82838450 | 0.81448080 | 0.82220784 | 0.01075687
Load 200 | 0.81791626 | 0.82725873 | 0.80143113 | 0.81866065 | 0.83817019 | 0.82086224 | 0.81156156 | 0.84646062 | 0.81492612 | 0.82727041 | 0.82467866 | 0.81465201 | 0.82764766 | 0.82253592 | 0.82856426 | 0.83210753 | 0.85037731 | 0.82778473 | 0.81050228 | 0.82943227 | 0.82464003 | 0.01151479
