# TODAS AS PROBABILIDADES (20 SIMULAÇÕES)
# Requisição 2: [2,6]
# Modo: CONJUNTO
# Data: 2026-02-10 20:45:55
# ================================================================================
# Formato: Load | Sim1 | Sim2 | ... | Sim20 | Média | DesvioPadrão
# ================================================================================

Load   1 | 0.00000000 | 0.00000000 | 0.00000000 | 0.00000000 | 0.00000000 | 0.00000000 | 0.00000000 | 0.00000000 | 0.00000000 | 0.00000000 | 0.00000000 | 0.00000000 | 0.00000000 | 0.00000000 | 0.00000000 | 0.00000000 | 0.00000000 | 0.00000000 | 0.00000000 | 0.00000000 | 0.00000000 | 0.00000000
Load   2 | 0.00000000 | 0.00000000 | 0.00000000 | 0.00000000 | 0.00000000 | 0.00000000 | 0.00000000 | 0.00000000 | 0.00000000 | 0.00000000 | 0.00000000 | 0.00000000 | 0.00000000 | 0.00000000 | 0.00000000 | 0.00000000 | 0.00000000 | 0.00000000 | 0.00000000 | 0.00000000 | 0.00000000 | 0.00000000
Load   3 | 0.00000000 | 0.00000000 | 0.00000000 | 0.00000000 | 0.00000000 | 0.00000000 | 0.00000000 | 0.00000000 | 0.00000000 | 0.00000000 | 0.00000000 | 0.00000000 | 0.00000000 | 0.00000000 | 0.00000000 | 0.00000000 | 0.00000000 | 0.00000000 | 0.00000000 | 0.00000000 | 0.00000000 | 0.00000000
Load   4 | 0.00000000 | 0.00000000 | 0.00000000 | 0.00000000 | 0.00000000 | 0.00000000 | 0.00000000 | 0.00000000 | 0.00000000 | 0.00000000 | 0.00000000 | 0.00000000 | 0.00000000 | 0.00000000 | 0.00000000 | 0.00000000 | 0.00000000 | 0.00000000 | 0.00000000 | 0.00000000 | 0.00000000 | 0.00000000
Load   5 | 0.00000000 | 0.00000000 | 0.00000000 | 0.00000000 | 0.00000000 | 0.00000000 | 0.00000000 | 0.00000000 | 0.00000000 | 0.00000000 | 0.00000000 | 0.00000000 | 0.00000000 | 0.00000000 | 0.00000000 | 0.00000000 | 0.00000000 | 0.00000000 | 0.00000000 | 0.00000000 | 0.00000000 | 0.00000000
Load   6 | 0.00000000 | 0.00000000 | 0.00000000 | 0.00000000 | 0.00000000 | 0.00000000 | 0.00000000 | 0.00000000 | 0.00000000 | 0.00000000 | 0.00000000 | 0.00000000 | 0.00000000 | 0.00000000 | 0.00000000 | 0.00000000 | 0.00000000 | 0.00000000 | 0.00000000 | 0.00000000 | 0.00000000 | 0.00000000
Load   7 | 0.00000000 | 0.00000000 | 0.00000000 | 0.00000000 | 0.00000000 | 0.00000000 | 0.00000000 | 0.00000000 | 0.00000000 | 0.00000000 | 0.00000000 | 0.00000000 | 0.00000000 | 0.00000000 | 0.00000000 | 0.00000000 | 0.00000000 | 0.00000000 | 0.00000000 | 0.00000000 | 0.00000000 | 0.00000000
Load   8 | 0.00000000 | 0.00000000 | 0.00000000 | 0.00000000 | 0.00000000 | 0.00000000 | 0.00000000 | 0.00000000 | 0.00000000 | 0.00000000 | 0.00000000 | 0.00000000 | 0.00000000 | 0.00000000 | 0.00000000 | 0.00000000 | 0.00000000 | 0.00000000 | 0.00000000 | 0.00000000 | 0.00000000 | 0.00000000
Load   9 | 0.00000000 | 0.00000000 | 0.00000000 | 0.00000000 | 0.00000000 | 0.00000000 | 0.00000000 | 0.00000000 | 0.00000000 | 0.00000000 | 0.00000000 | 0.00000000 | 0.00000000 | 0.00000000 | 0.00000000 | 0.00000000 | 0.00000000 | 0.00000000 | 0.00000000 | 0.00000000 | 0.00000000 | 0.00000000
Load  10 | 0.00000000 | 0.00000000 | 0.00000000 | 0.00000000 | 0.00000000 | 0.00000000 | 0.00000000 | 0.00000000 | 0.00000000 | 0.00000000 | 0.00000000 | 0.00000000 | 0.00000000 | 0.00000000 | 0.00000000 | 0.00000000 | 0.00000000 | 0.00000000 | 0.00000000 | 0.00000000 | 0.00000000 | 0.00000000
Load  11 | 0.00000000 | 0.00000000 | 0.00000000 | 0.00000000 | 0.00000000 | 0.00000000 | 0.00000000 | 0.00000000 | 0.00000000 | 0.00000000 | 0.00000000 | 0.00000000 | 0.00000000 | 0.00000000 | 0.00000000 | 0.00000000 | 0.00000000 | 0.00000000 | 0.00000000 | 0.00000000 | 0.00000000 | 0.00000000
Load  12 | 0.00000000 | 0.00000000 | 0.00000000 | 0.00000000 | 0.00000000 | 0.00000000 | 0.00000000 | 0.00000000 | 0.00000000 | 0.00000000 | 0.00000000 | 0.00000000 | 0.00000000 | 0.00000000 | 0.00000000 | 0.00000000 | 0.00000000 | 0.00000000 | 0.00000000 | 0.00000000 | 0.00000000 | 0.00000000
Load  13 | 0.00000000 | 0.00000000 | 0.00000000 | 0.00000000 | 0.00000000 | 0.00000000 | 0.00000000 | 0.00000000 | 0.00000000 | 0.00000000 | 0.00000000 | 0.00000000 | 0.00000000 | 0.00000000 | 0.00000000 | 0.00000000 | 0.00000000 | 0.00000000 | 0.00000000 | 0.00000000 | 0.00000000 | 0.00000000
Load  14 | 0.00000000 | 0.00000000 | 0.00000000 | 0.00000000 | 0.00000000 | 0.00000000 | 0.00000000 | 0.00000000 | 0.00000000 | 0.00000000 | 0.00000000 | 0.00000000 | 0.00000000 | 0.00000000 | 0.00000000 | 0.00000000 | 0.00000000 | 0.00000000 | 0.00000000 | 0.00000000 | 0.00000000 | 0.00000000
Load  15 | 0.00000000 | 0.00000000 | 0.00000000 | 0.00000000 | 0.00000000 | 0.00000000 | 0.00000000 | 0.00000000 | 0.00000000 | 0.00000000 | 0.00000000 | 0.00000000 | 0.00000000 | 0.00000000 | 0.00000000 | 0.00000000 | 0.00000000 | 0.00000000 | 0.00000000 | 0.00000000 | 0.00000000 | 0.00000000
Load  16 | 0.00000000 | 0.00000000 | 0.00000000 | 0.00000000 | 0.00000000 | 0.00000000 | 0.00000000 | 0.00000000 | 0.00000000 | 0.00000000 | 0.00000000 | 0.00000000 | 0.00000000 | 0.00000000 | 0.00000000 | 0.00000000 | 0.00000000 | 0.00000000 | 0.00000000 | 0.00000000 | 0.00000000 | 0.00000000
Load  17 | 0.00000000 | 0.00000000 | 0.00000000 | 0.00000000 | 0.00000000 | 0.00000000 | 0.00000000 | 0.00000000 | 0.00000000 | 0.00000000 | 0.00000000 | 0.00000000 | 0.00000000 | 0.00000000 | 0.00000000 | 0.00000000 | 0.00000000 | 0.00000000 | 0.00000000 | 0.00000000 | 0.00000000 | 0.00000000
Load  18 | 0.00000000 | 0.00000000 | 0.00000000 | 0.00000000 | 0.00000000 | 0.00000000 | 0.00000000 | 0.00000000 | 0.00000000 | 0.00000000 | 0.00000000 | 0.00000000 | 0.00000000 | 0.00000000 | 0.00000000 | 0.00000000 | 0.00000000 | 0.00000000 | 0.00000000 | 0.00000000 | 0.00000000 | 0.00000000
Load  19 | 0.00000000 | 0.00000000 | 0.00000000 | 0.00000000 | 0.00000000 | 0.00000000 | 0.00000000 | 0.00000000 | 0.00000000 | 0.00000000 | 0.00000000 | 0.00000000 | 0.00000000 | 0.00000000 | 0.00000000 | 0.00000000 | 0.00000000 | 0.00000000 | 0.00000000 | 0.00000000 | 0.00000000 | 0.00000000
Load  20 | 0.00000000 | 0.00000000 | 0.00000000 | 0.00000000 | 0.00000000 | 0.00000000 | 0.00000000 | 0.00000000 | 0.00000000 | 0.00000000 | 0.00000000 | 0.00000000 | 0.00000000 | 0.00000000 | 0.00000000 | 0.00000000 | 0.00000000 | 0.00000000 | 0.00000000 | 0.00000000 | 0.00000000 | 0.00000000
Load  21 | 0.00000000 | 0.00000000 | 0.00000000 | 0.00000000 | 0.00000000 | 0.00000000 | 0.00000000 | 0.00000000 | 0.00000000 | 0.00000000 | 0.00000000 | 0.00000000 | 0.00000000 | 0.00000000 | 0.00000000 | 0.00000000 | 0.00000000 | 0.00000000 | 0.00000000 | 0.00000000 | 0.00000000 | 0.00000000
Load  22 | 0.00000000 | 0.00000000 | 0.00000000 | 0.00000000 | 0.00000000 | 0.00000000 | 0.00000000 | 0.00000000 | 0.00000000 | 0.00000000 | 0.00000000 | 0.00000000 | 0.00000000 | 0.00000000 | 0.00000000 | 0.00000000 | 0.00000000 | 0.00000000 | 0.00000000 | 0.00000000 | 0.00000000 | 0.00000000
Load  23 | 0.00000000 | 0.00000000 | 0.00000000 | 0.00000000 | 0.00000000 | 0.00000000 | 0.00000000 | 0.00000000 | 0.00000000 | 0.00000000 | 0.00000000 | 0.00000000 | 0.00000000 | 0.00000000 | 0.00000000 | 0.00000000 | 0.00000000 | 0.00000000 | 0.00000000 | 0.00000000 | 0.00000000 | 0.00000000
Load  24 | 0.00000000 | 0.00000000 | 0.00000000 | 0.00000000 | 0.00000000 | 0.00000000 | 0.00000000 | 0.00000000 | 0.00000000 | 0.00000000 | 0.00000000 | 0.00000000 | 0.00000000 | 0.00000000 | 0.00000000 | 0.00000000 | 0.00000000 | 0.00000000 | 0.00000000 | 0.00000000 | 0.00000000 | 0.00000000
Load  25 | 0.00000000 | 0.00000000 | 0.00000000 | 0.00000000 | 0.00000000 | 0.00000000 | 0.00000000 | 0.00000000 | 0.00000000 | 0.00000000 | 0.00000000 | 0.00000000 | 0.00000000 | 0.00000000 | 0.00000000 | 0.00000000 | 0.00000000 | 0.00000000 | 0.00000000 | 0.00000000 | 0.00000000 | 0.00000000
Load  26 | 0.00000000 | 0.00000000 | 0.00000000 | 0.00000000 | 0.00000000 | 0.00000000 | 0.00000000 | 0.00000000 | 0.00000000 | 0.00000000 | 0.00000000 | 0.00000000 | 0.00000000 | 0.00000000 | 0.00000000 | 0.00000000 | 0.00000000 | 0.00000000 | 0.00000000 | 0.00000000 | 0.00000000 | 0.00000000
Load  27 | 0.00000000 | 0.00000000 | 0.00000000 | 0.00000000 | 0.00000000 | 0.00000000 | 0.00000000 | 0.00000000 | 0.00000000 | 0.00000000 | 0.00000000 | 0.00000000 | 0.00000000 | 0.00000000 | 0.00000000 | 0.00000000 | 0.00000000 | 0.00000000 | 0.00000000 | 0.00000000 | 0.00000000 | 0.00000000
Load  28 | 0.00000000 | 0.00000000 | 0.00000000 | 0.00000000 | 0.00000000 | 0.00000000 | 0.00000000 | 0.00000000 | 0.00000000 | 0.00000000 | 0.00000000 | 0.00000000 | 0.00000000 | 0.00000000 | 0.00000000 | 0.00000000 | 0.00000000 | 0.00000000 | 0.00000000 | 0.00000000 | 0.00000000 | 0.00000000
Load  29 | 0.00000000 | 0.00000000 | 0.00000000 | 0.00000000 | 0.00000000 | 0.00000000 | 0.00000000 | 0.00000000 | 0.00000000 | 0.00000000 | 0.00000000 | 0.00000000 | 0.00000000 | 0.00000000 | 0.00000000 | 0.00000000 | 0.00000000 | 0.00000000 | 0.00000000 | 0.00000000 | 0.00000000 | 0.00000000
Load  30 | 0.00000000 | 0.00000000 | 0.00000000 | 0.00000000 | 0.00000000 | 0.00000000 | 0.00000000 | 0.00000000 | 0.00000000 | 0.00000000 | 0.00000000 | 0.00000000 | 0.00000000 | 0.00000000 | 0.00000000 | 0.00000000 | 0.00000000 | 0.00000000 | 0.00000000 | 0.00000000 | 0.00000000 | 0.00000000
Load  31 | 0.00000000 | 0.00000000 | 0.00000000 | 0.00000000 | 0.00000000 | 0.00000000 | 0.00000000 | 0.00000000 | 0.00000000 | 0.00000000 | 0.00000000 | 0.00000000 | 0.00000000 | 0.00000000 | 0.00000000 | 0.00000000 | 0.00000000 | 0.00000000 | 0.00000000 | 0.00000000 | 0.00000000 | 0.00000000
Load  32 | 0.00000000 | 0.00000000 | 0.00000000 | 0.00000000 | 0.00000000 | 0.00000000 | 0.00000000 | 0.00000000 | 0.00000000 | 0.00000000 | 0.00000000 | 0.00000000 | 0.00000000 | 0.00000000 | 0.00000000 | 0.00000000 | 0.00000000 | 0.00000000 | 0.00000000 | 0.00000000 | 0.00000000 | 0.00000000
Load  33 | 0.00000000 | 0.00000000 | 0.00000000 | 0.00000000 | 0.00000000 | 0.00000000 | 0.00000000 | 0.00000000 | 0.00000000 | 0.00000000 | 0.00000000 | 0.00000000 | 0.00000000 | 0.00000000 | 0.00000000 | 0.00000000 | 0.00000000 | 0.00000000 | 0.00000000 | 0.00000000 | 0.00000000 | 0.00000000
Load  34 | 0.00000000 | 0.00000000 | 0.00000000 | 0.00000000 | 0.00000000 | 0.00000000 | 0.00000000 | 0.00000000 | 0.00000000 | 0.00000000 | 0.00000000 | 0.00000000 | 0.00000000 | 0.00000000 | 0.00000000 | 0.00000000 | 0.00000000 | 0.00000000 | 0.00000000 | 0.00000000 | 0.00000000 | 0.00000000
Load  35 | 0.00000000 | 0.00000000 | 0.00000000 | 0.00000000 | 0.00000000 | 0.00000000 | 0.00000000 | 0.00000000 | 0.00000000 | 0.00000000 | 0.00000000 | 0.00000000 | 0.00000000 | 0.00000000 | 0.00000000 | 0.00000000 | 0.00000000 | 0.00000000 | 0.00000000 | 0.00000000 | 0.00000000 | 0.00000000
Load  36 | 0.00000000 | 0.00000000 | 0.00000000 | 0.00000000 | 0.00000000 | 0.00000000 | 0.00000000 | 0.00000000 | 0.00000000 | 0.00000000 | 0.00000000 | 0.00000000 | 0.00000000 | 0.00000000 | 0.00000000 | 0.00000000 | 0.00000000 | 0.00000000 | 0.00000000 | 0.00000000 | 0.00000000 | 0.00000000
Load  37 | 0.00000000 | 0.00000000 | 0.00000000 | 0.00000000 | 0.00000000 | 0.00000000 | 0.00000000 | 0.00000000 | 0.00000000 | 0.00000000 | 0.00000000 | 0.00000000 | 0.00000000 | 0.00000000 | 0.00000000 | 0.00000000 | 0.00000000 | 0.00000000 | 0.00000000 | 0.00000000 | 0.00000000 | 0.00000000
Load  38 | 0.00000000 | 0.00000000 | 0.00000000 | 0.00000000 | 0.00000000 | 0.00000000 | 0.00000000 | 0.00000000 | 0.00000000 | 0.00000000 | 0.00000000 | 0.00000000 | 0.00000000 | 0.00000000 | 0.00000000 | 0.00000000 | 0.00000000 | 0.00000000 | 0.00000000 | 0.00000000 | 0.00000000 | 0.00000000
Load  39 | 0.00000000 | 0.00000000 | 0.00000000 | 0.00000000 | 0.00000000 | 0.00000000 | 0.00000000 | 0.00000000 | 0.00000000 | 0.00000000 | 0.00000000 | 0.00000000 | 0.00000000 | 0.00000000 | 0.00000000 | 0.00000000 | 0.00000000 | 0.00000000 | 0.00000000 | 0.00000000 | 0.00000000 | 0.00000000
Load  40 | 0.00000000 | 0.00000000 | 0.00000000 | 0.00000000 | 0.00000000 | 0.00000000 | 0.00000000 | 0.00000000 | 0.00000000 | 0.00000000 | 0.00000000 | 0.00000000 | 0.00000000 | 0.00000000 | 0.00000000 | 0.00000000 | 0.00000000 | 0.00000000 | 0.00000000 | 0.00000000 | 0.00000000 | 0.00000000
Load  41 | 0.00000000 | 0.00000000 | 0.00000000 | 0.00000000 | 0.00000000 | 0.00000000 | 0.00000000 | 0.00000000 | 0.00000000 | 0.00000000 | 0.00000000 | 0.00000000 | 0.00000000 | 0.00000000 | 0.00000000 | 0.00000000 | 0.00000000 | 0.00000000 | 0.00000000 | 0.00000000 | 0.00000000 | 0.00000000
Load  42 | 0.00000000 | 0.00000000 | 0.00000000 | 0.00000000 | 0.00000000 | 0.00000000 | 0.00000000 | 0.00000000 | 0.00000000 | 0.00000000 | 0.00000000 | 0.00000000 | 0.00000000 | 0.00000000 | 0.00000000 | 0.00000000 | 0.00000000 | 0.00000000 | 0.00000000 | 0.00000000 | 0.00000000 | 0.00000000
Load  43 | 0.00000000 | 0.00000000 | 0.00000000 | 0.00000000 | 0.00000000 | 0.00000000 | 0.00000000 | 0.00000000 | 0.00000000 | 0.00000000 | 0.00000000 | 0.00000000 | 0.00000000 | 0.00000000 | 0.00000000 | 0.00000000 | 0.00000000 | 0.00000000 | 0.00000000 | 0.00000000 | 0.00000000 | 0.00000000
Load  44 | 0.00000000 | 0.00000000 | 0.00000000 | 0.00000000 | 0.00000000 | 0.00000000 | 0.00000000 | 0.00000000 | 0.00000000 | 0.00000000 | 0.00000000 | 0.00000000 | 0.00000000 | 0.00000000 | 0.00000000 | 0.00000000 | 0.00000000 | 0.00000000 | 0.00000000 | 0.00000000 | 0.00000000 | 0.00000000
Load  45 | 0.00000000 | 0.00000000 | 0.00000000 | 0.00000000 | 0.00000000 | 0.00000000 | 0.00000000 | 0.00000000 | 0.00000000 | 0.00000000 | 0.00000000 | 0.00000000 | 0.00000000 | 0.00000000 | 0.00000000 | 0.00000000 | 0.00000000 | 0.00000000 | 0.00000000 | 0.00000000 | 0.00000000 | 0.00000000
Load  46 | 0.00000000 | 0.00000000 | 0.00000000 | 0.00000000 | 0.00000000 | 0.00000000 | 0.00000000 | 0.00000000 | 0.00000000 | 0.00000000 | 0.00000000 | 0.00000000 | 0.00000000 | 0.00000000 | 0.00000000 | 0.00000000 | 0.00000000 | 0.00000000 | 0.00000000 | 0.00000000 | 0.00000000 | 0.00000000
Load  47 | 0.00000000 | 0.00000000 | 0.00000000 | 0.00000000 | 0.00000000 | 0.00000000 | 0.00000000 | 0.00000000 | 0.00000000 | 0.00000000 | 0.00000000 | 0.00000000 | 0.00000000 | 0.00000000 | 0.00000000 | 0.00000000 | 0.00000000 | 0.00000000 | 0.00000000 | 0.00000000 | 0.00000000 | 0.00000000
Load  48 | 0.00000000 | 0.00000000 | 0.00000000 | 0.00108108 | 0.00000000 | 0.00000000 | 0.00000000 | 0.00000000 | 0.00000000 | 0.00000000 | 0.00000000 | 0.00000000 | 0.00000000 | 0.00000000 | 0.00000000 | 0.00000000 | 0.00000000 | 0.00000000 | 0.00000000 | 0.00000000 | 0.00005405 | 0.00023562
Load  49 | 0.00000000 | 0.00000000 | 0.00000000 | 0.00000000 | 0.00000000 | 0.00000000 | 0.00000000 | 0.00000000 | 0.00000000 | 0.00000000 | 0.00000000 | 0.00000000 | 0.00000000 | 0.00000000 | 0.00000000 | 0.00000000 | 0.00000000 | 0.00000000 | 0.00000000 | 0.00000000 | 0.00000000 | 0.00000000
Load  50 | 0.00000000 | 0.00000000 | 0.00000000 | 0.00000000 | 0.00000000 | 0.00000000 | 0.00000000 | 0.00000000 | 0.00000000 | 0.00000000 | 0.00000000 | 0.00000000 | 0.00000000 | 0.00000000 | 0.00000000 | 0.00000000 | 0.00000000 | 0.00000000 | 0.00000000 | 0.00000000 | 0.00000000 | 0.00000000
Load  51 | 0.00000000 | 0.00000000 | 0.00000000 | 0.00000000 | 0.00000000 | 0.00000000 | 0.00000000 | 0.00000000 | 0.00000000 | 0.00000000 | 0.00000000 | 0.00000000 | 0.00000000 | 0.00000000 | 0.00000000 | 0.00000000 | 0.00000000 | 0.00000000 | 0.00000000 | 0.00000000 | 0.00000000 | 0.00000000
Load  52 | 0.00000000 | 0.00000000 | 0.00195503 | 0.00000000 | 0.00000000 | 0.00000000 | 0.00000000 | 0.00000000 | 0.00000000 | 0.00000000 | 0.00000000 | 0.00000000 | 0.00000000 | 0.00000000 | 0.00000000 | 0.00000000 | 0.00000000 | 0.00000000 | 0.00000000 | 0.00000000 | 0.00009775 | 0.00042609
Load  53 | 0.00000000 | 0.00000000 | 0.00000000 | 0.00090662 | 0.00000000 | 0.00000000 | 0.00000000 | 0.00000000 | 0.00000000 | 0.00000000 | 0.00000000 | 0.00000000 | 0.00000000 | 0.00000000 | 0.00000000 | 0.00000000 | 0.00000000 | 0.00000000 | 0.00000000 | 0.00000000 | 0.00004533 | 0.00019759
Load  54 | 0.00000000 | 0.00000000 | 0.00000000 | 0.00000000 | 0.00000000 | 0.00000000 | 0.00000000 | 0.00000000 | 0.00085397 | 0.00000000 | 0.00000000 | 0.00000000 | 0.00000000 | 0.00000000 | 0.00000000 | 0.00000000 | 0.00000000 | 0.00000000 | 0.00000000 | 0.00000000 | 0.00004270 | 0.00018612
Load  55 | 0.00000000 | 0.00000000 | 0.00000000 | 0.00000000 | 0.00000000 | 0.00000000 | 0.00090416 | 0.00000000 | 0.00000000 | 0.00000000 | 0.00000000 | 0.00000000 | 0.00094877 | 0.00000000 | 0.00000000 | 0.00000000 | 0.00000000 | 0.00000000 | 0.00000000 | 0.00000000 | 0.00009265 | 0.00027803
Load  56 | 0.00000000 | 0.00000000 | 0.00000000 | 0.00000000 | 0.00259965 | 0.00000000 | 0.00000000 | 0.00000000 | 0.00000000 | 0.00000000 | 0.00000000 | 0.00000000 | 0.00000000 | 0.00000000 | 0.00000000 | 0.00000000 | 0.00091324 | 0.00000000 | 0.00000000 | 0.00000000 | 0.00017564 | 0.00059056
Load  57 | 0.00000000 | 0.00000000 | 0.00000000 | 0.00000000 | 0.00000000 | 0.00000000 | 0.00000000 | 0.00000000 | 0.00000000 | 0.00000000 | 0.00000000 | 0.00000000 | 0.00000000 | 0.00000000 | 0.00000000 | 0.00000000 | 0.00000000 | 0.00000000 | 0.00000000 | 0.00169924 | 0.00008496 | 0.00037034
Load  58 | 0.00000000 | 0.00000000 | 0.00000000 | 0.00000000 | 0.00000000 | 0.00087719 | 0.00000000 | 0.00000000 | 0.00253378 | 0.00000000 | 0.00083682 | 0.00000000 | 0.00000000 | 0.00000000 | 0.00000000 | 0.00000000 | 0.00000000 | 0.00000000 | 0.00084531 | 0.00000000 | 0.00025466 | 0.00060446
Load  59 | 0.00000000 | 0.00000000 | 0.00000000 | 0.00000000 | 0.00000000 | 0.00000000 | 0.00000000 | 0.00000000 | 0.00000000 | 0.00000000 | 0.00000000 | 0.00000000 | 0.00000000 | 0.00000000 | 0.00165700 | 0.00079808 | 0.00000000 | 0.00000000 | 0.00000000 | 0.00000000 | 0.00012275 | 0.00039251
Load  60 | 0.00000000 | 0.00000000 | 0.00000000 | 0.00000000 | 0.00000000 | 0.00000000 | 0.00081367 | 0.00000000 | 0.00000000 | 0.00000000 | 0.00249584 | 0.00000000 | 0.00000000 | 0.00000000 | 0.00000000 | 0.00000000 | 0.00087642 | 0.00000000 | 0.00085837 | 0.00170213 | 0.00033732 | 0.00067148
Load  61 | 0.00250000 | 0.00000000 | 0.00000000 | 0.00000000 | 0.00243309 | 0.00000000 | 0.00166945 | 0.00000000 | 0.00000000 | 0.00167645 | 0.00081766 | 0.00078431 | 0.00328677 | 0.00000000 | 0.00000000 | 0.00317712 | 0.00000000 | 0.00000000 | 0.00000000 | 0.00000000 | 0.00081724 | 0.00115305
Load  62 | 0.00000000 | 0.00080972 | 0.00000000 | 0.00156250 | 0.00169062 | 0.00000000 | 0.00738916 | 0.00000000 | 0.00083682 | 0.00000000 | 0.00000000 | 0.00000000 | 0.00000000 | 0.00000000 | 0.00000000 | 0.00157978 | 0.00000000 | 0.00167364 | 0.00000000 | 0.00077340 | 0.00081578 | 0.00164073
Load  63 | 0.00000000 | 0.00154679 | 0.00000000 | 0.00160000 | 0.00079302 | 0.00000000 | 0.00000000 | 0.00152672 | 0.00000000 | 0.00000000 | 0.00000000 | 0.00233645 | 0.00000000 | 0.00401284 | 0.00233281 | 0.00076394 | 0.00000000 | 0.00000000 | 0.00158228 | 0.00000000 | 0.00082474 | 0.00110452
Load  64 | 0.00000000 | 0.00074738 | 0.00000000 | 0.00158103 | 0.00078678 | 0.00315956 | 0.00000000 | 0.00317965 | 0.00159872 | 0.00078003 | 0.00467654 | 0.00000000 | 0.00159490 | 0.00000000 | 0.00152555 | 0.00000000 | 0.00000000 | 0.00000000 | 0.00077640 | 0.00152439 | 0.00109655 | 0.00127581
Load  65 | 0.00000000 | 0.00147601 | 0.00229008 | 0.00000000 | 0.00000000 | 0.00153257 | 0.00076511 | 0.00229709 | 0.00518519 | 0.00149031 | 0.00460123 | 0.00000000 | 0.00149813 | 0.00229358 | 0.00154919 | 0.00074627 | 0.00076687 | 0.00000000 | 0.00234742 | 0.00000000 | 0.00144195 | 0.00142983
Load  66 | 0.00000000 | 0.00000000 | 0.00829563 | 0.00075131 | 0.00077340 | 0.00654070 | 0.00074184 | 0.00212314 | 0.00153257 | 0.00074794 | 0.00386997 | 0.00588235 | 0.00000000 | 0.00153022 | 0.00370096 | 0.00222058 | 0.00591716 | 0.00000000 | 0.00143781 | 0.00000000 | 0.00230328 | 0.00247238
Load  67 | 0.00287356 | 0.00367107 | 0.00600601 | 0.00000000 | 0.00000000 | 0.00226244 | 0.00297177 | 0.00295421 | 0.00077280 | 0.00076805 | 0.00527108 | 0.00513573 | 0.00151515 | 0.00073910 | 0.00146843 | 0.00507614 | 0.00145879 | 0.00361272 | 0.00226074 | 0.00231660 | 0.00255672 | 0.00175382
Load  68 | 0.00153139 | 0.00296296 | 0.00431344 | 0.00073475 | 0.00000000 | 0.00000000 | 0.00213523 | 0.00216294 | 0.00363636 | 0.00074738 | 0.00370096 | 0.00227964 | 0.00221893 | 0.00371471 | 0.00648882 | 0.00603318 | 0.00070771 | 0.00077760 | 0.00508351 | 0.00000000 | 0.00246148 | 0.00193882
Load  69 | 0.00076104 | 0.00150602 | 0.00616438 | 0.00430416 | 0.00146199 | 0.00439883 | 0.00141143 | 0.00429185 | 0.00430725 | 0.00439239 | 0.00215827 | 0.00000000 | 0.00148038 | 0.00633357 | 0.00297398 | 0.00369549 | 0.00553250 | 0.00412939 | 0.00420757 | 0.00589102 | 0.00347008 | 0.00184149
Load  70 | 0.00000000 | 0.00145879 | 0.00069541 | 0.00566171 | 0.00072359 | 0.00904662 | 0.00218659 | 0.00933908 | 0.00344116 | 0.00437318 | 0.00654070 | 0.00627615 | 0.00073421 | 0.00067159 | 0.00643777 | 0.00210970 | 0.00361011 | 0.00691085 | 0.00278552 | 0.00288600 | 0.00379444 | 0.00281052
Load  71 | 0.00537996 | 0.00625000 | 0.00359454 | 0.00211268 | 0.00356379 | 0.00000000 | 0.00492264 | 0.00000000 | 0.00360750 | 0.00481100 | 0.00290909 | 0.00358680 | 0.00560617 | 0.00580552 | 0.00000000 | 0.00681199 | 0.00213220 | 0.00220264 | 0.00287150 | 0.00417537 | 0.00351717 | 0.00198765
Load  72 | 0.00000000 | 0.00861450 | 0.00206612 | 0.00208768 | 0.00417827 | 0.00628931 | 0.01108033 | 0.00143575 | 0.00528053 | 0.00281294 | 0.00206469 | 0.00636042 | 0.00288184 | 0.00574300 | 0.00552868 | 0.00884956 | 0.01984942 | 0.00340136 | 0.00214592 | 0.00741740 | 0.00540439 | 0.00433827
Load  73 | 0.00623269 | 0.00489853 | 0.01339585 | 0.00272109 | 0.00575954 | 0.00706215 | 0.00555556 | 0.01067378 | 0.00638751 | 0.00988142 | 0.00752909 | 0.00071124 | 0.00281096 | 0.01286391 | 0.00858086 | 0.00562588 | 0.00204360 | 0.00630694 | 0.00536913 | 0.00538358 | 0.00648966 | 0.00325026
Load  74 | 0.00740242 | 0.00132890 | 0.00456026 | 0.00204360 | 0.00402685 | 0.00725594 | 0.01282917 | 0.00411805 | 0.00919238 | 0.01471572 | 0.00068213 | 0.01013514 | 0.00604027 | 0.00527357 | 0.00200133 | 0.00447284 | 0.01204819 | 0.00481100 | 0.00903405 | 0.00457516 | 0.00632735 | 0.00383819
Load  75 | 0.00472973 | 0.00404858 | 0.00747791 | 0.00864937 | 0.00264550 | 0.00683995 | 0.00272480 | 0.00465426 | 0.00402414 | 0.00334672 | 0.00661376 | 0.00660066 | 0.00739744 | 0.01032924 | 0.00400534 | 0.01075269 | 0.01290323 | 0.00876011 | 0.00727032 | 0.00407056 | 0.00639221 | 0.00278924
Load  76 | 0.00817610 | 0.00792602 | 0.00657895 | 0.00585938 | 0.00477164 | 0.00851900 | 0.00730412 | 0.02018229 | 0.01074547 | 0.00595238 | 0.00644745 | 0.00640615 | 0.01909151 | 0.00662691 | 0.00727513 | 0.01252472 | 0.01749838 | 0.01128069 | 0.01497396 | 0.01720841 | 0.01026743 | 0.00479790
Load  77 | 0.00883281 | 0.01273074 | 0.00872483 | 0.00790514 | 0.01206349 | 0.00944032 | 0.00944669 | 0.01058201 | 0.01175702 | 0.00770218 | 0.01476252 | 0.01190476 | 0.01079622 | 0.00811993 | 0.00464499 | 0.01344430 | 0.01194426 | 0.00661376 | 0.00854139 | 0.00691389 | 0.00984356 | 0.00250842
Load  78 | 0.01208651 | 0.00685786 | 0.01735219 | 0.00625391 | 0.01461245 | 0.01698113 | 0.01797603 | 0.00390879 | 0.00837090 | 0.01678657 | 0.01644529 | 0.01461245 | 0.01593625 | 0.00795229 | 0.01266624 | 0.00828025 | 0.01161290 | 0.01681759 | 0.01075269 | 0.01108937 | 0.01236758 | 0.00419998
Load  79 | 0.01212508 | 0.01642576 | 0.02024291 | 0.00953592 | 0.00463269 | 0.00877193 | 0.00962773 | 0.01664612 | 0.01941140 | 0.01231527 | 0.00930233 | 0.01142132 | 0.00844704 | 0.00889454 | 0.01545396 | 0.01060512 | 0.01503759 | 0.00808458 | 0.00906149 | 0.01158301 | 0.01188129 | 0.00398372
Load  80 | 0.01246883 | 0.01718651 | 0.01007557 | 0.01334142 | 0.01791639 | 0.01292825 | 0.00935745 | 0.01303538 | 0.01224740 | 0.01428571 | 0.01023018 | 0.00857318 | 0.01186758 | 0.00435594 | 0.02335859 | 0.01293661 | 0.01253918 | 0.01670951 | 0.01554404 | 0.01034260 | 0.01296502 | 0.00390000
Load  81 | 0.01348748 | 0.00379267 | 0.01829268 | 0.00561447 | 0.01313321 | 0.01311680 | 0.02270012 | 0.00582902 | 0.00982198 | 0.01283619 | 0.00935745 | 0.02371073 | 0.01343922 | 0.00974421 | 0.01607916 | 0.02288732 | 0.01021059 | 0.01944793 | 0.02532427 | 0.01448401 | 0.01416548 | 0.00610551
Load  82 | 0.01925391 | 0.01705238 | 0.02525556 | 0.00429185 | 0.00542495 | 0.01690670 | 0.02351558 | 0.01142857 | 0.01408451 | 0.01109813 | 0.02466907 | 0.02032020 | 0.01438849 | 0.01258653 | 0.02039516 | 0.02674129 | 0.01393095 | 0.02342787 | 0.01048735 | 0.01754386 | 0.01664015 | 0.00624085
Load  83 | 0.01058531 | 0.01971326 | 0.02256098 | 0.01532802 | 0.01159951 | 0.01543943 | 0.02357320 | 0.02524038 | 0.01897185 | 0.01334142 | 0.03341149 | 0.02200489 | 0.02019584 | 0.01828909 | 0.02282282 | 0.02570093 | 0.01914153 | 0.01387214 | 0.01961950 | 0.01150818 | 0.01914599 | 0.00555596
Load  84 | 0.01414514 | 0.01307190 | 0.02451839 | 0.02669762 | 0.02649007 | 0.01141827 | 0.02356495 | 0.02527283 | 0.02008269 | 0.02732558 | 0.01589242 | 0.02406739 | 0.04608019 | 0.02355072 | 0.01312785 | 0.01671827 | 0.02213162 | 0.01778305 | 0.02172601 | 0.00603865 | 0.02098518 | 0.00815366
Load  85 | 0.01942319 | 0.02328289 | 0.02365840 | 0.01602374 | 0.02204176 | 0.01387214 | 0.02696500 | 0.01246291 | 0.02924312 | 0.02003536 | 0.02493766 | 0.01637427 | 0.01383043 | 0.02598937 | 0.02779386 | 0.03221957 | 0.01244076 | 0.02707475 | 0.01911589 | 0.02280502 | 0.02147950 | 0.00577222
Load  86 | 0.02956522 | 0.02309859 | 0.02121560 | 0.04175947 | 0.01358535 | 0.03579812 | 0.02546689 | 0.02513150 | 0.01288811 | 0.01703578 | 0.02664298 | 0.02523474 | 0.01658768 | 0.01570997 | 0.03250145 | 0.03233392 | 0.03548575 | 0.02469880 | 0.03581421 | 0.01756440 | 0.02540593 | 0.00814180
Load  87 | 0.02147417 | 0.03624009 | 0.01597633 | 0.02072539 | 0.02125148 | 0.02116402 | 0.01311085 | 0.02168816 | 0.02400000 | 0.02934407 | 0.02097506 | 0.02136499 | 0.02163062 | 0.01903114 | 0.02046784 | 0.02490096 | 0.04064110 | 0.02320048 | 0.01705882 | 0.02939447 | 0.02318200 | 0.00632663
Load  88 | 0.02408257 | 0.02080856 | 0.01405152 | 0.03872054 | 0.02183651 | 0.02567095 | 0.02107728 | 0.03359462 | 0.02142444 | 0.04290618 | 0.01640271 | 0.02510460 | 0.02411666 | 0.02266289 | 0.01553510 | 0.02358749 | 0.04619565 | 0.02170188 | 0.03082192 | 0.00984936 | 0.02500757 | 0.00909664
Load  89 | 0.02692092 | 0.03720406 | 0.02011173 | 0.02411022 | 0.01628854 | 0.02253033 | 0.01209456 | 0.02176403 | 0.02205882 | 0.02611111 | 0.04010989 | 0.03553299 | 0.02891845 | 0.02810568 | 0.02752294 | 0.01250711 | 0.04057018 | 0.03082003 | 0.01750292 | 0.04420817 | 0.02674963 | 0.00898093
Load  90 | 0.02420242 | 0.02767017 | 0.02717693 | 0.02860348 | 0.02878870 | 0.02646720 | 0.03026906 | 0.01799775 | 0.02111111 | 0.03563474 | 0.02982646 | 0.04798255 | 0.04209919 | 0.01879699 | 0.03571429 | 0.03118040 | 0.01889849 | 0.02652951 | 0.03539356 | 0.02444571 | 0.02893944 | 0.00748290
Load  91 | 0.03886730 | 0.04913607 | 0.02866779 | 0.03723691 | 0.03561644 | 0.02316810 | 0.02364475 | 0.02139331 | 0.02911593 | 0.04082774 | 0.03348214 | 0.04008909 | 0.01875345 | 0.03290574 | 0.02749326 | 0.03316750 | 0.02917620 | 0.02926560 | 0.02453988 | 0.03787451 | 0.03172109 | 0.00744522
Load  92 | 0.02672606 | 0.03914209 | 0.04730106 | 0.03000546 | 0.04429390 | 0.01835373 | 0.04008786 | 0.02416756 | 0.02711677 | 0.03275109 | 0.03960396 | 0.03762268 | 0.02064096 | 0.03057254 | 0.03192075 | 0.03837953 | 0.03703704 | 0.01850813 | 0.02835333 | 0.03344121 | 0.03230128 | 0.00802379
Load  93 | 0.04015193 | 0.04057018 | 0.02275190 | 0.04094488 | 0.03344121 | 0.03080191 | 0.03103983 | 0.03083700 | 0.03134963 | 0.02950311 | 0.02863560 | 0.04086140 | 0.04911906 | 0.02811671 | 0.03102885 | 0.03220612 | 0.04228446 | 0.02160994 | 0.04481641 | 0.02590394 | 0.03379870 | 0.00730512
Load  94 | 0.03651987 | 0.02843847 | 0.02783964 | 0.04368175 | 0.03731343 | 0.03061224 | 0.03528173 | 0.03592814 | 0.04430038 | 0.03105590 | 0.03298429 | 0.03586498 | 0.03802281 | 0.02795699 | 0.04413348 | 0.03408495 | 0.03342175 | 0.02688172 | 0.02819067 | 0.03416978 | 0.03433415 | 0.00526309
Load  95 | 0.04117946 | 0.04309450 | 0.03504317 | 0.04641350 | 0.05215540 | 0.02996845 | 0.03294368 | 0.03086420 | 0.05175983 | 0.03148807 | 0.02933473 | 0.02868852 | 0.03025641 | 0.04811715 | 0.03906674 | 0.04064171 | 0.03926702 | 0.03296703 | 0.05852417 | 0.03968668 | 0.03907302 | 0.00851152
Load  96 | 0.03412218 | 0.03850211 | 0.06256358 | 0.03701717 | 0.04700413 | 0.04372723 | 0.03502352 | 0.03113648 | 0.04751958 | 0.03781513 | 0.03303143 | 0.04685139 | 0.04398516 | 0.03466667 | 0.02280975 | 0.04133961 | 0.03525143 | 0.04471983 | 0.04592902 | 0.03357817 | 0.03982968 | 0.00818586
Load  97 | 0.04878049 | 0.03897385 | 0.04304979 | 0.03569581 | 0.03076923 | 0.03280423 | 0.04579025 | 0.04797048 | 0.03435897 | 0.04595300 | 0.02851218 | 0.05151065 | 0.03020496 | 0.04012036 | 0.03331598 | 0.03580832 | 0.05631659 | 0.05236401 | 0.03136831 | 0.03009504 | 0.03968813 | 0.00842531
Load  98 | 0.03869347 | 0.06066946 | 0.02923387 | 0.03975219 | 0.05162242 | 0.05005160 | 0.04628262 | 0.05483549 | 0.03598972 | 0.04076231 | 0.05101010 | 0.04453441 | 0.04911392 | 0.04325956 | 0.02816901 | 0.05856299 | 0.04010152 | 0.03084161 | 0.04536188 | 0.04155977 | 0.04402040 | 0.00885740
Load  99 | 0.02610442 | 0.03411942 | 0.05956588 | 0.04522613 | 0.04724409 | 0.05022831 | 0.05150433 | 0.04672897 | 0.04455446 | 0.04974619 | 0.05198020 | 0.04072165 | 0.02885111 | 0.05739733 | 0.04148148 | 0.05914513 | 0.06558210 | 0.05398458 | 0.03799392 | 0.02756508 | 0.04598624 | 0.01077025
Load 100 | 0.05046094 | 0.02855659 | 0.04045387 | 0.04266125 | 0.02783300 | 0.04424334 | 0.03562341 | 0.04166667 | 0.04622496 | 0.04494949 | 0.05312810 | 0.05078895 | 0.02480211 | 0.04276986 | 0.06085686 | 0.03003003 | 0.03555104 | 0.04990215 | 0.04821698 | 0.05004907 | 0.04243843 | 0.00929550
Load 101 | 0.05922003 | 0.04289277 | 0.04422604 | 0.04089581 | 0.01987084 | 0.04330900 | 0.04470116 | 0.05237154 | 0.03957916 | 0.05118110 | 0.04950024 | 0.05291790 | 0.04319437 | 0.03398301 | 0.05382716 | 0.04919630 | 0.05685786 | 0.05265797 | 0.05199807 | 0.02873563 | 0.04555580 | 0.00946079
Load 102 | 0.05327468 | 0.03151576 | 0.04413240 | 0.06117290 | 0.03152455 | 0.04433498 | 0.04463852 | 0.04172662 | 0.06110572 | 0.03502538 | 0.04549902 | 0.05032713 | 0.04656985 | 0.05303417 | 0.04685942 | 0.05637379 | 0.06437970 | 0.05118300 | 0.05195448 | 0.04902451 | 0.04818283 | 0.00885604
Load 103 | 0.05083089 | 0.05905512 | 0.04092702 | 0.07166588 | 0.04499761 | 0.05324615 | 0.04201681 | 0.05663970 | 0.06410256 | 0.05890669 | 0.06198547 | 0.06076811 | 0.06480605 | 0.08245048 | 0.05216095 | 0.04900534 | 0.05693431 | 0.03950000 | 0.05660377 | 0.07163601 | 0.05691195 | 0.01074263
Load 104 | 0.05597723 | 0.05525672 | 0.06094050 | 0.04831625 | 0.04674699 | 0.05044372 | 0.04745925 | 0.05250482 | 0.04764107 | 0.06223073 | 0.05081496 | 0.04920477 | 0.05078895 | 0.04086538 | 0.06244042 | 0.05250597 | 0.04887781 | 0.05600000 | 0.04752667 | 0.03498251 | 0.05107624 | 0.00654482
Load 105 | 0.06504445 | 0.05405405 | 0.06305465 | 0.05166895 | 0.07465438 | 0.05593719 | 0.05566406 | 0.04435873 | 0.05673077 | 0.02970297 | 0.05576208 | 0.03164557 | 0.06012506 | 0.05521472 | 0.06833494 | 0.04587604 | 0.06676273 | 0.05993545 | 0.05534167 | 0.04811508 | 0.05489918 | 0.01087421
Load 106 | 0.06317775 | 0.05675422 | 0.06174626 | 0.06247064 | 0.06483673 | 0.05322657 | 0.07864655 | 0.06653992 | 0.04956689 | 0.07656396 | 0.04892086 | 0.06542056 | 0.06349206 | 0.06241331 | 0.04619692 | 0.08456562 | 0.05521180 | 0.06091846 | 0.04887398 | 0.06396181 | 0.06167524 | 0.00985903
Load 107 | 0.04928910 | 0.06774194 | 0.05098223 | 0.06744731 | 0.06338349 | 0.08050847 | 0.05879564 | 0.06090191 | 0.04886148 | 0.06153846 | 0.06437768 | 0.06697674 | 0.06552838 | 0.05518868 | 0.05072464 | 0.04909438 | 0.05974395 | 0.04611650 | 0.06293064 | 0.06798867 | 0.05990601 | 0.00855497
Load 108 | 0.06530801 | 0.05705009 | 0.06594442 | 0.03953713 | 0.07643312 | 0.06064751 | 0.07326178 | 0.05848787 | 0.08314607 | 0.05977011 | 0.07085202 | 0.06327373 | 0.07730787 | 0.06530029 | 0.07607192 | 0.05411656 | 0.06252874 | 0.05975555 | 0.06706753 | 0.06959707 | 0.06527287 | 0.00953118
Load 109 | 0.05777360 | 0.06323738 | 0.06663645 | 0.05157993 | 0.07283289 | 0.05016722 | 0.06574074 | 0.07967406 | 0.06421591 | 0.06775068 | 0.04112865 | 0.05166745 | 0.06109614 | 0.05919854 | 0.04351939 | 0.06593906 | 0.06107226 | 0.06512043 | 0.05944700 | 0.06998158 | 0.06088897 | 0.00931505
Load 110 | 0.07071168 | 0.07766564 | 0.06876664 | 0.05289331 | 0.05251245 | 0.04772938 | 0.06653992 | 0.07032967 | 0.06795680 | 0.08695652 | 0.05709024 | 0.05205479 | 0.07276888 | 0.06445672 | 0.07790433 | 0.06217859 | 0.06504065 | 0.06220547 | 0.07181088 | 0.06133333 | 0.06544529 | 0.00963996
Load 111 | 0.05570530 | 0.05705009 | 0.06612686 | 0.07245725 | 0.05004677 | 0.06841404 | 0.05936842 | 0.07473776 | 0.07387387 | 0.07923860 | 0.07465438 | 0.06170599 | 0.08178278 | 0.06837607 | 0.07537688 | 0.06899602 | 0.05484461 | 0.07720758 | 0.07181572 | 0.05908886 | 0.06754339 | 0.00887325
Load 112 | 0.04130731 | 0.07650765 | 0.06827133 | 0.06024626 | 0.05861136 | 0.07743957 | 0.07155556 | 0.07132996 | 0.05428832 | 0.09134406 | 0.05553047 | 0.06430155 | 0.05485041 | 0.05236794 | 0.06820156 | 0.07155556 | 0.06414254 | 0.07786885 | 0.06675627 | 0.06687063 | 0.06566736 | 0.01091881
Load 113 | 0.06699419 | 0.08340426 | 0.06654836 | 0.06681319 | 0.07194245 | 0.06999554 | 0.07993050 | 0.06592428 | 0.07839644 | 0.06483126 | 0.05786219 | 0.06822183 | 0.08637578 | 0.08311461 | 0.05507510 | 0.04915103 | 0.06606742 | 0.06191806 | 0.07689076 | 0.07890071 | 0.06991790 | 0.00970162
Load 114 | 0.07692308 | 0.06468764 | 0.07253219 | 0.08080357 | 0.07918650 | 0.06482698 | 0.07659208 | 0.10359775 | 0.07906360 | 0.08541393 | 0.07959543 | 0.07695633 | 0.08859118 | 0.07183530 | 0.07012059 | 0.08368027 | 0.08695652 | 0.06213152 | 0.06786340 | 0.06053911 | 0.07659485 | 0.01013097
Load 115 | 0.08659100 | 0.06351292 | 0.06657609 | 0.09751997 | 0.07472527 | 0.08128704 | 0.06920718 | 0.07867212 | 0.06884378 | 0.09433164 | 0.06420405 | 0.06874717 | 0.07188980 | 0.09781696 | 0.09013965 | 0.06326889 | 0.07750557 | 0.07404181 | 0.07553004 | 0.07695633 | 0.07706836 | 0.01077306
Load 116 | 0.10299705 | 0.08453085 | 0.08508810 | 0.05726872 | 0.06006138 | 0.06732844 | 0.07445443 | 0.06201214 | 0.09009394 | 0.07020476 | 0.07024433 | 0.06577294 | 0.06937693 | 0.07337434 | 0.08279431 | 0.06844444 | 0.08196721 | 0.07509546 | 0.07269580 | 0.06914661 | 0.07414761 | 0.01075173
Load 117 | 0.06845238 | 0.07226309 | 0.07426598 | 0.09025424 | 0.10257475 | 0.06190886 | 0.09223706 | 0.07715388 | 0.10873147 | 0.07378807 | 0.08255319 | 0.08654670 | 0.07542147 | 0.07155323 | 0.08138528 | 0.09380306 | 0.09306261 | 0.06163522 | 0.06335844 | 0.05666090 | 0.07938049 | 0.01386738
Load 118 | 0.07841448 | 0.08365019 | 0.07477439 | 0.08484848 | 0.09029819 | 0.06960657 | 0.07042254 | 0.07801114 | 0.06955381 | 0.07950530 | 0.06555944 | 0.07493310 | 0.07245763 | 0.08390119 | 0.08665809 | 0.07820300 | 0.09216966 | 0.08340499 | 0.07731739 | 0.09294741 | 0.07933185 | 0.00763298
Load 119 | 0.09401709 | 0.09545268 | 0.07381151 | 0.07316036 | 0.09445585 | 0.06776003 | 0.09300445 | 0.07056277 | 0.06677727 | 0.11102007 | 0.07905460 | 0.08294931 | 0.08472454 | 0.09670866 | 0.08487845 | 0.08930818 | 0.10223124 | 0.09475465 | 0.06061909 | 0.05635649 | 0.08358036 | 0.01429355
Load 120 | 0.09267880 | 0.08701188 | 0.07829787 | 0.09206081 | 0.06547085 | 0.07376709 | 0.09233954 | 0.09708333 | 0.06832832 | 0.08686530 | 0.07502096 | 0.09344609 | 0.07405875 | 0.08844389 | 0.05874786 | 0.09633594 | 0.10532787 | 0.09905076 | 0.09214315 | 0.09305263 | 0.08547659 | 0.01222455
Load 121 | 0.10004067 | 0.07724778 | 0.06986900 | 0.08825911 | 0.08462796 | 0.08963816 | 0.07505071 | 0.08851468 | 0.08786970 | 0.10229483 | 0.10376189 | 0.07861897 | 0.08657829 | 0.08395062 | 0.09220146 | 0.09224490 | 0.08343763 | 0.10291667 | 0.07531915 | 0.10149013 | 0.08819661 | 0.00987830
Load 122 | 0.07906414 | 0.09612211 | 0.08119135 | 0.07384488 | 0.09185720 | 0.08790738 | 0.11266447 | 0.09818482 | 0.09996002 | 0.09842678 | 0.08360390 | 0.07302231 | 0.08264120 | 0.09903382 | 0.06332342 | 0.09664537 | 0.09010101 | 0.05676483 | 0.09302326 | 0.07600849 | 0.08666954 | 0.01334678
Load 123 | 0.07689178 | 0.10909091 | 0.10348977 | 0.09094617 | 0.07210548 | 0.09053999 | 0.10967220 | 0.08951513 | 0.09943865 | 0.08267553 | 0.08618557 | 0.07670221 | 0.08504519 | 0.06973899 | 0.11267606 | 0.09051211 | 0.09623260 | 0.09251101 | 0.09728239 | 0.06309278 | 0.08971723 | 0.01328743
Load 124 | 0.07947805 | 0.09866017 | 0.08613782 | 0.09873521 | 0.08607069 | 0.09357201 | 0.07339450 | 0.09417596 | 0.09400000 | 0.10722892 | 0.09427208 | 0.08968254 | 0.09050505 | 0.07844723 | 0.10271159 | 0.09232715 | 0.09452333 | 0.08377175 | 0.07369707 | 0.08283552 | 0.08971133 | 0.00895801
Load 125 | 0.10253411 | 0.10110069 | 0.09814009 | 0.09700039 | 0.09146095 | 0.07698574 | 0.09295775 | 0.06691297 | 0.08246597 | 0.09263754 | 0.08753530 | 0.07701711 | 0.09877519 | 0.09640984 | 0.09233792 | 0.10209963 | 0.10501567 | 0.09884416 | 0.10151274 | 0.10156863 | 0.09316562 | 0.00996697
Load 126 | 0.08760266 | 0.09841897 | 0.07238172 | 0.11492014 | 0.08809332 | 0.09719478 | 0.08400974 | 0.11520190 | 0.10166059 | 0.09375000 | 0.12109375 | 0.10042986 | 0.08198020 | 0.06554756 | 0.10312130 | 0.09533228 | 0.09123794 | 0.08967391 | 0.10916179 | 0.10679230 | 0.09588024 | 0.01375171
Load 127 | 0.09891808 | 0.10039683 | 0.09912420 | 0.11184723 | 0.10451761 | 0.07969256 | 0.10616706 | 0.10164191 | 0.08532290 | 0.10354016 | 0.09563826 | 0.09767264 | 0.08550039 | 0.08423586 | 0.10007880 | 0.10200154 | 0.10127085 | 0.12438189 | 0.09194949 | 0.11886503 | 0.09963816 | 0.01082891
Load 128 | 0.08281250 | 0.11093376 | 0.09146095 | 0.08878128 | 0.11226852 | 0.10467362 | 0.08502185 | 0.11399767 | 0.08837772 | 0.11206897 | 0.07996801 | 0.10354331 | 0.11298548 | 0.09036624 | 0.09172873 | 0.10833333 | 0.09694863 | 0.10569423 | 0.09336995 | 0.09249702 | 0.09829159 | 0.01091753
Load 129 | 0.08690614 | 0.09657321 | 0.10486609 | 0.10898204 | 0.09450039 | 0.08117788 | 0.09154930 | 0.08595304 | 0.11698113 | 0.10813909 | 0.10216963 | 0.09303202 | 0.09145129 | 0.09055728 | 0.11111111 | 0.08375339 | 0.09840529 | 0.11414102 | 0.09281095 | 0.08489438 | 0.09689773 | 0.01045994
Load 130 | 0.09289827 | 0.12194218 | 0.11263941 | 0.10774540 | 0.11160549 | 0.08409725 | 0.11598036 | 0.09259259 | 0.10076582 | 0.10127561 | 0.12031192 | 0.10540437 | 0.10931021 | 0.09618321 | 0.08799691 | 0.10498084 | 0.10809807 | 0.11698113 | 0.08362642 | 0.07721713 | 0.10258263 | 0.01259223
Load 131 | 0.09977152 | 0.10137720 | 0.09173963 | 0.08938547 | 0.10538117 | 0.11643836 | 0.10501567 | 0.11413252 | 0.11309298 | 0.10264267 | 0.09959123 | 0.08870653 | 0.09646791 | 0.13607712 | 0.10649547 | 0.09779769 | 0.10585938 | 0.09022838 | 0.09210526 | 0.09545984 | 0.10238830 | 0.01111932
Load 132 | 0.10894495 | 0.09166352 | 0.12127008 | 0.10126582 | 0.11495116 | 0.09118541 | 0.13034033 | 0.09217123 | 0.10867138 | 0.14342342 | 0.11015288 | 0.11214605 | 0.11769006 | 0.12154696 | 0.11598138 | 0.09581290 | 0.09522045 | 0.12201493 | 0.11283345 | 0.10298622 | 0.11051363 | 0.01345086
Load 133 | 0.10707529 | 0.11263841 | 0.08688966 | 0.11610763 | 0.08902301 | 0.07958478 | 0.11690246 | 0.12870920 | 0.11235955 | 0.11793155 | 0.09478493 | 0.07783019 | 0.10182768 | 0.09969674 | 0.11787218 | 0.08650519 | 0.11758119 | 0.08758837 | 0.09552463 | 0.08792846 | 0.10171805 | 0.01475827
Load 134 | 0.11719039 | 0.11107011 | 0.11808951 | 0.09409594 | 0.10130354 | 0.10091075 | 0.08536142 | 0.12459016 | 0.11009510 | 0.08635312 | 0.11538462 | 0.10103627 | 0.12486023 | 0.10007358 | 0.12422133 | 0.09438969 | 0.09211009 | 0.09844166 | 0.14203108 | 0.10037453 | 0.10709916 | 0.01446928
Load 135 | 0.11840176 | 0.10958395 | 0.11462160 | 0.14198198 | 0.11099060 | 0.10792453 | 0.11395694 | 0.10939268 | 0.10859896 | 0.11027569 | 0.13403179 | 0.11231102 | 0.09438202 | 0.11419069 | 0.10626118 | 0.10376662 | 0.10905125 | 0.11330600 | 0.11908397 | 0.11046086 | 0.11312871 | 0.00983436
Load 136 | 0.11639042 | 0.12146789 | 0.11225577 | 0.12218182 | 0.11386861 | 0.09627093 | 0.11907347 | 0.12267525 | 0.08541747 | 0.13154016 | 0.11010558 | 0.11140991 | 0.12381300 | 0.14027477 | 0.11061618 | 0.11988304 | 0.11791556 | 0.09603659 | 0.10029499 | 0.12486349 | 0.11481774 | 0.01256285
Load 137 | 0.10248793 | 0.11402214 | 0.12347052 | 0.11646884 | 0.10396975 | 0.11347518 | 0.13001776 | 0.12373372 | 0.09781401 | 0.10978261 | 0.13208241 | 0.10734870 | 0.11242604 | 0.13633014 | 0.13148415 | 0.10608309 | 0.13035518 | 0.11265545 | 0.11368573 | 0.12185478 | 0.11697741 | 0.01085076
Load 138 | 0.12914863 | 0.12910365 | 0.11439913 | 0.11427515 | 0.13646055 | 0.13779667 | 0.09561012 | 0.10789568 | 0.14991182 | 0.10681004 | 0.13012478 | 0.11844939 | 0.11807316 | 0.12778386 | 0.09766764 | 0.09939985 | 0.10262874 | 0.11351351 | 0.12957645 | 0.10124269 | 0.11799358 | 0.01487892
Load 139 | 0.12903226 | 0.12468559 | 0.13515483 | 0.12313988 | 0.10633001 | 0.11268103 | 0.10617551 | 0.12552891 | 0.10032597 | 0.10989412 | 0.11488733 | 0.13325991 | 0.14010508 | 0.12799428 | 0.12963643 | 0.10379747 | 0.11420311 | 0.12056738 | 0.13772242 | 0.14642857 | 0.12207750 | 0.01280627
Load 140 | 0.07832220 | 0.12435233 | 0.12180180 | 0.11119031 | 0.14034494 | 0.13890883 | 0.12590188 | 0.14686059 | 0.12038352 | 0.11308677 | 0.10984150 | 0.10806916 | 0.11043603 | 0.14975507 | 0.13231552 | 0.11075612 | 0.11785714 | 0.10884601 | 0.10468521 | 0.13207547 | 0.12028952 | 0.01640083
Load 141 | 0.12901000 | 0.12136267 | 0.12656418 | 0.13366870 | 0.11111111 | 0.11215971 | 0.13529618 | 0.09217578 | 0.12651461 | 0.11553785 | 0.12387468 | 0.12286932 | 0.10969388 | 0.11605554 | 0.09777621 | 0.11730630 | 0.12884078 | 0.10871130 | 0.12263815 | 0.12280084 | 0.11869839 | 0.01085505
Load 142 | 0.12993763 | 0.14688857 | 0.12639665 | 0.10426370 | 0.12237027 | 0.13142047 | 0.10739437 | 0.11890565 | 0.10871905 | 0.11640954 | 0.11816514 | 0.11245122 | 0.14330764 | 0.11837779 | 0.10994398 | 0.12012757 | 0.13558719 | 0.14076845 | 0.13997879 | 0.11233168 | 0.12318727 | 0.01261554
Load 143 | 0.12326327 | 0.13220573 | 0.11428571 | 0.12561061 | 0.13803894 | 0.12355618 | 0.13903018 | 0.13856486 | 0.16592996 | 0.12831541 | 0.12303390 | 0.13524732 | 0.11806495 | 0.12131962 | 0.13449477 | 0.15200831 | 0.12168759 | 0.12843717 | 0.10645048 | 0.10021475 | 0.12848799 | 0.01438277
Load 144 | 0.16129032 | 0.15426808 | 0.12777974 | 0.11736111 | 0.11498619 | 0.13700516 | 0.17065767 | 0.09989521 | 0.13471327 | 0.14171922 | 0.11851852 | 0.11379310 | 0.14781712 | 0.09815734 | 0.12104539 | 0.13765324 | 0.09982548 | 0.12547926 | 0.12215100 | 0.13715455 | 0.12906355 | 0.01951528
Load 145 | 0.11250435 | 0.13319672 | 0.12252690 | 0.13089907 | 0.13404635 | 0.12084902 | 0.09808696 | 0.13157895 | 0.14521452 | 0.13729579 | 0.12906648 | 0.15143247 | 0.12029036 | 0.13935264 | 0.13208806 | 0.12063602 | 0.14482284 | 0.12716968 | 0.11625514 | 0.13041958 | 0.12888659 | 0.01205151
Load 146 | 0.13726813 | 0.12260929 | 0.12672269 | 0.12634048 | 0.12865895 | 0.12530541 | 0.14579818 | 0.13657003 | 0.11053719 | 0.10440341 | 0.11758437 | 0.13006469 | 0.13379549 | 0.15358593 | 0.09922861 | 0.12894560 | 0.14102131 | 0.11635985 | 0.13981763 | 0.14879725 | 0.12867072 | 0.01392283
Load 147 | 0.11505982 | 0.13553492 | 0.11177087 | 0.15299838 | 0.13021189 | 0.13947281 | 0.13528824 | 0.11200560 | 0.13324128 | 0.12930740 | 0.12301453 | 0.11792938 | 0.14471545 | 0.13704206 | 0.12219888 | 0.15794735 | 0.12427647 | 0.15852003 | 0.15268676 | 0.12273642 | 0.13279793 | 0.01436519
Load 148 | 0.12984364 | 0.12304022 | 0.14165827 | 0.14052399 | 0.11522491 | 0.12320329 | 0.11784976 | 0.12578397 | 0.12671347 | 0.11579675 | 0.11268091 | 0.12764505 | 0.13422131 | 0.13302139 | 0.13248151 | 0.14803825 | 0.11770590 | 0.12294807 | 0.13550773 | 0.15242881 | 0.12881586 | 0.01074190
Load 149 | 0.11347024 | 0.12592344 | 0.13458950 | 0.12666439 | 0.13105802 | 0.15425008 | 0.15728155 | 0.14103853 | 0.11774686 | 0.14448542 | 0.15200274 | 0.15356671 | 0.14164690 | 0.14499501 | 0.13223971 | 0.13150147 | 0.12962335 | 0.12788694 | 0.13637937 | 0.13796717 | 0.13671587 | 0.01172887
Load 150 | 0.13002287 | 0.14131501 | 0.13005391 | 0.12542720 | 0.12631926 | 0.12530038 | 0.13653014 | 0.13688469 | 0.13964418 | 0.12662560 | 0.14914021 | 0.14871624 | 0.11612252 | 0.16233558 | 0.11925043 | 0.14011897 | 0.15029664 | 0.13083164 | 0.12383489 | 0.11568886 | 0.13372296 | 0.01210379
Load 151 | 0.16135525 | 0.14083145 | 0.15354201 | 0.15965026 | 0.15697290 | 0.11953945 | 0.12191049 | 0.11930874 | 0.14170951 | 0.14845293 | 0.13424841 | 0.16356041 | 0.12528773 | 0.16296050 | 0.14725698 | 0.14634146 | 0.15965855 | 0.13368283 | 0.14804845 | 0.15188617 | 0.14481022 | 0.01441709
Load 152 | 0.13606341 | 0.13970346 | 0.13214863 | 0.13317757 | 0.14170854 | 0.12100231 | 0.15177994 | 0.14166944 | 0.13556567 | 0.13301982 | 0.12210457 | 0.13287402 | 0.12715232 | 0.14445910 | 0.14047151 | 0.12166272 | 0.15914948 | 0.12829169 | 0.13382402 | 0.13402406 | 0.13549261 | 0.00938432
Load 153 | 0.11912014 | 0.16174583 | 0.14018692 | 0.15949936 | 0.15682478 | 0.15478548 | 0.15903927 | 0.12871622 | 0.14061478 | 0.18707692 | 0.14239691 | 0.15563025 | 0.12983979 | 0.16265452 | 0.16306483 | 0.12675138 | 0.15824808 | 0.16788786 | 0.14452744 | 0.16795367 | 0.15132822 | 0.01645798
Load 154 | 0.14609740 | 0.12219618 | 0.15313002 | 0.13803089 | 0.15511009 | 0.13876071 | 0.15249361 | 0.13177015 | 0.14181092 | 0.16104147 | 0.15331355 | 0.12912913 | 0.14290302 | 0.13649659 | 0.12981408 | 0.15028324 | 0.13253789 | 0.13002681 | 0.14963744 | 0.13853241 | 0.14165578 | 0.01037087
Load 155 | 0.13156146 | 0.14888259 | 0.14624131 | 0.13157895 | 0.15015974 | 0.13157895 | 0.15695067 | 0.14996789 | 0.14777195 | 0.13453947 | 0.15719389 | 0.14660691 | 0.13295378 | 0.13624595 | 0.12765263 | 0.15428754 | 0.14410339 | 0.15354713 | 0.14084957 | 0.14044762 | 0.14315607 | 0.00914522
Load 156 | 0.15765070 | 0.14634146 | 0.14677470 | 0.15467512 | 0.15791139 | 0.13953488 | 0.11504712 | 0.15446901 | 0.14892269 | 0.15767635 | 0.14837864 | 0.14290323 | 0.14837464 | 0.12674230 | 0.16920583 | 0.15606012 | 0.16107166 | 0.14051752 | 0.13118490 | 0.16283587 | 0.14831391 | 0.01275657
Load 157 | 0.16993464 | 0.13880837 | 0.16155811 | 0.13565891 | 0.12806452 | 0.15425532 | 0.15868455 | 0.14626391 | 0.14793468 | 0.16165770 | 0.13777778 | 0.14391739 | 0.16416480 | 0.12324289 | 0.14653279 | 0.12643302 | 0.14760026 | 0.16015985 | 0.13600783 | 0.15382166 | 0.14712395 | 0.01306722
Load 158 | 0.17255266 | 0.16070853 | 0.16282011 | 0.14345992 | 0.14825488 | 0.16516049 | 0.15522107 | 0.15230961 | 0.15479975 | 0.15712900 | 0.16949686 | 0.14702155 | 0.16823014 | 0.13984426 | 0.14231379 | 0.14481659 | 0.15266196 | 0.14351699 | 0.17175941 | 0.13686606 | 0.15444718 | 0.01090808
Load 159 | 0.15838886 | 0.15948276 | 0.17520049 | 0.13830465 | 0.15813253 | 0.15935763 | 0.15918367 | 0.15492958 | 0.16938009 | 0.13848117 | 0.13906448 | 0.16708622 | 0.14772365 | 0.14434289 | 0.15236318 | 0.14623244 | 0.16782334 | 0.16457680 | 0.17330429 | 0.14419961 | 0.15587792 | 0.01137351
Load 160 | 0.16437929 | 0.17732022 | 0.14363230 | 0.16338832 | 0.15658582 | 0.17860465 | 0.14339861 | 0.16216216 | 0.14765944 | 0.15595201 | 0.15660786 | 0.17020631 | 0.14647264 | 0.15382215 | 0.15126050 | 0.14932127 | 0.15147666 | 0.16863354 | 0.14514066 | 0.12836569 | 0.15571951 | 0.01211364
Load 161 | 0.17059553 | 0.15859970 | 0.16073620 | 0.16014449 | 0.15234254 | 0.15634675 | 0.17023227 | 0.14122137 | 0.18228850 | 0.17860465 | 0.14164839 | 0.14212587 | 0.14276827 | 0.15268353 | 0.14981156 | 0.15358982 | 0.15909803 | 0.13010204 | 0.15321304 | 0.15536985 | 0.15557612 | 0.01266774
Load 162 | 0.16875191 | 0.17529519 | 0.15091463 | 0.16645729 | 0.16170479 | 0.15963581 | 0.15727188 | 0.16872682 | 0.17127240 | 0.16438772 | 0.15015480 | 0.19594393 | 0.18236353 | 0.16955860 | 0.17547230 | 0.13456046 | 0.16187828 | 0.15956454 | 0.15988994 | 0.17677071 | 0.16552878 | 0.01266556
Load 163 | 0.18068630 | 0.17160494 | 0.16975966 | 0.17016105 | 0.16439628 | 0.16165644 | 0.15387007 | 0.17627325 | 0.16038025 | 0.14553270 | 0.15558959 | 0.14361702 | 0.17519380 | 0.17134831 | 0.16433462 | 0.20440529 | 0.16286243 | 0.16417455 | 0.14996908 | 0.15503876 | 0.16504272 | 0.01337047
Load 164 | 0.16236272 | 0.17871064 | 0.15066829 | 0.15454271 | 0.18106015 | 0.17869102 | 0.17173252 | 0.15094908 | 0.14946728 | 0.16728054 | 0.16257669 | 0.15873978 | 0.15160891 | 0.18349187 | 0.14995400 | 0.17310049 | 0.15351812 | 0.16089488 | 0.14900763 | 0.15633505 | 0.16223462 | 0.01146559
Load 165 | 0.16301328 | 0.13832409 | 0.15776987 | 0.15979537 | 0.18171161 | 0.16095787 | 0.14326019 | 0.16536904 | 0.16851574 | 0.18903704 | 0.17020631 | 0.18023430 | 0.15161483 | 0.14501055 | 0.14038811 | 0.16850829 | 0.18637884 | 0.15323807 | 0.15747304 | 0.15505549 | 0.16179310 | 0.01441296
Load 166 | 0.15956809 | 0.18827817 | 0.18553929 | 0.17184265 | 0.15254237 | 0.17373134 | 0.15601560 | 0.15441403 | 0.17140293 | 0.17076831 | 0.16551724 | 0.15417428 | 0.15977619 | 0.14923584 | 0.17940999 | 0.16550681 | 0.17555887 | 0.17678182 | 0.16013370 | 0.16696535 | 0.16685814 | 0.01083628
Load 167 | 0.19611819 | 0.17387387 | 0.14984520 | 0.14351567 | 0.16874629 | 0.16297420 | 0.15756303 | 0.19148303 | 0.18940515 | 0.17769092 | 0.18411023 | 0.15631627 | 0.15988113 | 0.16229117 | 0.15081481 | 0.16501054 | 0.14908874 | 0.17336030 | 0.19280281 | 0.16766110 | 0.16862763 | 0.01546789
Load 168 | 0.15336323 | 0.18202503 | 0.18079952 | 0.18313532 | 0.16701776 | 0.17126744 | 0.17416887 | 0.16763714 | 0.14573924 | 0.17984988 | 0.16025067 | 0.17586612 | 0.16600184 | 0.17171112 | 0.19251024 | 0.16427481 | 0.17214076 | 0.17967115 | 0.15280761 | 0.15787897 | 0.16990584 | 0.01152804
Load 169 | 0.16972749 | 0.17700730 | 0.18137675 | 0.15696807 | 0.16817633 | 0.15231591 | 0.17333726 | 0.17869718 | 0.16970421 | 0.15760234 | 0.15375116 | 0.16705539 | 0.16603109 | 0.15274034 | 0.18933177 | 0.17401669 | 0.20297313 | 0.17171717 | 0.16294118 | 0.16592195 | 0.16956964 | 0.01231703
Load 170 | 0.19349411 | 0.16572951 | 0.18411765 | 0.16209844 | 0.16228703 | 0.18205349 | 0.18390805 | 0.19869615 | 0.15188736 | 0.18141462 | 0.17693431 | 0.15995296 | 0.21024182 | 0.19552752 | 0.16088517 | 0.16526040 | 0.17241379 | 0.19684805 | 0.17025144 | 0.18341635 | 0.17787091 | 0.01533836
Load 171 | 0.18453938 | 0.16965318 | 0.18060101 | 0.16059458 | 0.17562829 | 0.18321918 | 0.14603659 | 0.19381385 | 0.19914530 | 0.17432273 | 0.19670735 | 0.14399060 | 0.17264907 | 0.16552341 | 0.18043165 | 0.16976127 | 0.16238318 | 0.16148708 | 0.16453055 | 0.20932911 | 0.17471737 | 0.01645612
Load 172 | 0.18387837 | 0.16744731 | 0.17743831 | 0.16380298 | 0.14281626 | 0.17725948 | 0.18569385 | 0.17281380 | 0.15982405 | 0.15110054 | 0.17669961 | 0.18096906 | 0.19148936 | 0.16068223 | 0.17195375 | 0.18181818 | 0.16412214 | 0.16750369 | 0.17002629 | 0.16983895 | 0.17085891 | 0.01158194
Load 173 | 0.17713270 | 0.18932728 | 0.18975991 | 0.18902094 | 0.15294804 | 0.20366066 | 0.17877574 | 0.17682927 | 0.18904899 | 0.16847986 | 0.19503034 | 0.16686114 | 0.18585859 | 0.20457838 | 0.16342301 | 0.17804667 | 0.15110209 | 0.19462893 | 0.17396415 | 0.19444444 | 0.18114606 | 0.01478700
Load 174 | 0.18168689 | 0.16948165 | 0.17287544 | 0.18943227 | 0.19278533 | 0.20090293 | 0.16835700 | 0.17711016 | 0.21311475 | 0.17900709 | 0.16923077 | 0.18275271 | 0.17578917 | 0.19830360 | 0.18036596 | 0.16040757 | 0.20839200 | 0.19162547 | 0.20504386 | 0.18711136 | 0.18518880 | 0.01420553
Load 175 | 0.20384726 | 0.16096288 | 0.18641115 | 0.18842193 | 0.16297609 | 0.17194307 | 0.20735129 | 0.21291400 | 0.19143505 | 0.19004007 | 0.16738817 | 0.17416546 | 0.16618413 | 0.16845774 | 0.20039459 | 0.17452007 | 0.18911842 | 0.18241135 | 0.17196532 | 0.17064846 | 0.18207782 | 0.01513050
Load 176 | 0.17710145 | 0.16222480 | 0.20683857 | 0.17904925 | 0.18278302 | 0.18952968 | 0.18305773 | 0.18750000 | 0.17167744 | 0.17904055 | 0.18347578 | 0.17370360 | 0.19977616 | 0.18801712 | 0.17828571 | 0.18307087 | 0.18140200 | 0.17933836 | 0.20965011 | 0.18021201 | 0.18378671 | 0.01094115
Load 177 | 0.19890930 | 0.17653824 | 0.18405428 | 0.16420931 | 0.19244186 | 0.19513559 | 0.18507551 | 0.20044668 | 0.20660216 | 0.20841515 | 0.18719772 | 0.17572620 | 0.18285714 | 0.17838911 | 0.19015418 | 0.17623188 | 0.17173165 | 0.19199299 | 0.16961131 | 0.20391061 | 0.18698154 | 0.01243639
Load 178 | 0.21292461 | 0.20399667 | 0.17901413 | 0.17337461 | 0.17621653 | 0.20418410 | 0.20890507 | 0.17599328 | 0.18871104 | 0.19345821 | 0.17991875 | 0.19271121 | 0.20000000 | 0.18111965 | 0.16762673 | 0.20186599 | 0.18739496 | 0.18060296 | 0.18506954 | 0.16671491 | 0.18799015 | 0.01339204
Load 179 | 0.20344074 | 0.20349321 | 0.17470047 | 0.20115258 | 0.20016657 | 0.19055745 | 0.18287168 | 0.16727273 | 0.17609716 | 0.21000565 | 0.20094628 | 0.18389186 | 0.19305239 | 0.19230769 | 0.19499450 | 0.18705849 | 0.16887885 | 0.18626082 | 0.19222284 | 0.18652424 | 0.18979481 | 0.01154846
Load 180 | 0.20714091 | 0.18593103 | 0.19500693 | 0.19434629 | 0.18111327 | 0.20275103 | 0.20454545 | 0.19591611 | 0.17820946 | 0.18829242 | 0.17258019 | 0.19237057 | 0.20288648 | 0.20486305 | 0.19557918 | 0.19705642 | 0.16304348 | 0.17658402 | 0.21201218 | 0.18900249 | 0.19196155 | 0.01240277
Load 181 | 0.17028475 | 0.18319978 | 0.21254451 | 0.18729003 | 0.21389646 | 0.21927644 | 0.19220209 | 0.22312483 | 0.18622025 | 0.19668382 | 0.19880985 | 0.19440480 | 0.20207537 | 0.17185730 | 0.18926475 | 0.22279652 | 0.19405886 | 0.19602978 | 0.19502868 | 0.17881356 | 0.19639312 | 0.01512234
Load 182 | 0.20934682 | 0.19961977 | 0.20016273 | 0.18281115 | 0.18560088 | 0.17350592 | 0.21695828 | 0.22698244 | 0.18348875 | 0.19339880 | 0.20738714 | 0.21054107 | 0.18546366 | 0.19093672 | 0.17216523 | 0.17694444 | 0.21252015 | 0.22040816 | 0.20375408 | 0.20162602 | 0.19768111 | 0.01560769
Load 183 | 0.19934283 | 0.19637959 | 0.20912951 | 0.19080396 | 0.20446597 | 0.20664307 | 0.18808864 | 0.19800885 | 0.18545660 | 0.19224377 | 0.20626202 | 0.20000000 | 0.17802617 | 0.20123589 | 0.17319065 | 0.24511117 | 0.19680265 | 0.19776848 | 0.18927701 | 0.20296622 | 0.19806015 | 0.01414941
Load 184 | 0.21534392 | 0.17914587 | 0.19418541 | 0.19757509 | 0.19061822 | 0.19872136 | 0.19578150 | 0.19840849 | 0.18357755 | 0.21974180 | 0.19816754 | 0.21158488 | 0.19380926 | 0.19165758 | 0.21981004 | 0.19767756 | 0.19738597 | 0.18196949 | 0.20855333 | 0.18591473 | 0.19798148 | 0.01149947
Load 185 | 0.22121535 | 0.20527942 | 0.22004824 | 0.17431193 | 0.21522453 | 0.19680000 | 0.21235310 | 0.20379919 | 0.17590560 | 0.20043812 | 0.18916667 | 0.19075766 | 0.21760000 | 0.19183565 | 0.19038514 | 0.18365628 | 0.19074522 | 0.19547270 | 0.17988827 | 0.19080780 | 0.19728454 | 0.01399281
Load 186 | 0.21768162 | 0.19268030 | 0.21112006 | 0.19347070 | 0.20633217 | 0.22911757 | 0.17441225 | 0.19775521 | 0.19509507 | 0.18936695 | 0.20649282 | 0.20437386 | 0.18786903 | 0.19795693 | 0.20550508 | 0.20528179 | 0.19592476 | 0.21723858 | 0.19956675 | 0.20256891 | 0.20149052 | 0.01175645
Load 187 | 0.21964238 | 0.20251092 | 0.20460016 | 0.23154541 | 0.19799631 | 0.21111407 | 0.20944342 | 0.22447326 | 0.20816653 | 0.18532609 | 0.20671905 | 0.22756240 | 0.21169622 | 0.20312500 | 0.20996068 | 0.22042576 | 0.18779715 | 0.22222222 | 0.18366815 | 0.18490246 | 0.20764488 | 0.01403997
Load 188 | 0.20605733 | 0.21415120 | 0.16998386 | 0.19264787 | 0.21927588 | 0.19536785 | 0.20497725 | 0.22144522 | 0.19249330 | 0.21967128 | 0.19860814 | 0.20198675 | 0.23424837 | 0.18566862 | 0.19278097 | 0.20638821 | 0.21587961 | 0.23915316 | 0.21548004 | 0.20643290 | 0.20663489 | 0.01608699
Load 189 | 0.19387755 | 0.21498963 | 0.20816968 | 0.21011058 | 0.21382637 | 0.24156863 | 0.19529348 | 0.21176782 | 0.19743521 | 0.19187712 | 0.18723060 | 0.20070806 | 0.20994918 | 0.21116179 | 0.20299974 | 0.18839428 | 0.19893333 | 0.17921243 | 0.19870235 | 0.21215296 | 0.20341804 | 0.01315913
Load 190 | 0.21338251 | 0.20878553 | 0.19973369 | 0.22718001 | 0.21359477 | 0.20332717 | 0.21037687 | 0.22528492 | 0.20081411 | 0.18188976 | 0.20919842 | 0.19091147 | 0.23751930 | 0.20850840 | 0.21675258 | 0.18895116 | 0.19607843 | 0.18538136 | 0.19475358 | 0.19624898 | 0.20543365 | 0.01413658
Load 191 | 0.23116615 | 0.18815896 | 0.22648262 | 0.19179542 | 0.19984076 | 0.20556456 | 0.19544592 | 0.21186670 | 0.19803557 | 0.20677083 | 0.20210250 | 0.20655911 | 0.23505260 | 0.24429224 | 0.23409208 | 0.21592373 | 0.18887105 | 0.17807133 | 0.18525419 | 0.24588900 | 0.20956177 | 0.01984390
Load 192 | 0.24284629 | 0.21065058 | 0.21548822 | 0.20314583 | 0.20041269 | 0.21049855 | 0.22039216 | 0.23864809 | 0.21548387 | 0.20439675 | 0.21443141 | 0.23745819 | 0.20382825 | 0.22489754 | 0.22005277 | 0.25044495 | 0.23051196 | 0.22518892 | 0.23143219 | 0.18275862 | 0.21914839 | 0.01610626
Load 193 | 0.23124358 | 0.21419550 | 0.22002059 | 0.19936792 | 0.21724407 | 0.21769409 | 0.19740329 | 0.20133511 | 0.19539317 | 0.21819098 | 0.22601171 | 0.21205008 | 0.21523265 | 0.21866260 | 0.21685482 | 0.21488033 | 0.22036050 | 0.23655914 | 0.23384776 | 0.20892763 | 0.21577378 | 0.01108580
Load 194 | 0.23221649 | 0.24030625 | 0.19273013 | 0.22262397 | 0.25354919 | 0.21410256 | 0.20952381 | 0.20265004 | 0.19875292 | 0.22205128 | 0.21002571 | 0.23058946 | 0.20461020 | 0.23974522 | 0.21125654 | 0.21779378 | 0.21959373 | 0.19726460 | 0.21806854 | 0.22207792 | 0.21797662 | 0.01533257
Load 195 | 0.22352045 | 0.22692308 | 0.22391034 | 0.21528861 | 0.21788991 | 0.24633283 | 0.23591189 | 0.19824471 | 0.20920183 | 0.21659102 | 0.21662404 | 0.22414671 | 0.23183926 | 0.22461383 | 0.20982939 | 0.24790123 | 0.22239186 | 0.22636248 | 0.19667446 | 0.21916752 | 0.22166827 | 0.01276257
Load 196 | 0.22323049 | 0.22098734 | 0.22132849 | 0.20537578 | 0.22310559 | 0.22830237 | 0.23198370 | 0.21101152 | 0.23119777 | 0.20596628 | 0.23318159 | 0.21297242 | 0.22335690 | 0.23601533 | 0.20272704 | 0.23248082 | 0.21954925 | 0.22316167 | 0.21216769 | 0.24722975 | 0.22226659 | 0.01119740
Load 197 | 0.23671013 | 0.20712810 | 0.23117603 | 0.23143996 | 0.20930233 | 0.24654436 | 0.21113097 | 0.23248166 | 0.23206536 | 0.22608044 | 0.22076923 | 0.21799486 | 0.23901582 | 0.22056594 | 0.22735392 | 0.21148958 | 0.21019270 | 0.22640081 | 0.23057260 | 0.20403473 | 0.22362247 | 0.01155670
Load 198 | 0.22561430 | 0.22978403 | 0.23898262 | 0.22498100 | 0.21861304 | 0.23454318 | 0.22801383 | 0.22203056 | 0.25326305 | 0.21618852 | 0.23542886 | 0.23258197 | 0.24177184 | 0.20801624 | 0.24610438 | 0.21172555 | 0.24237205 | 0.20491174 | 0.24401198 | 0.21414141 | 0.22865401 | 0.01326695
Load 199 | 0.24528302 | 0.23513035 | 0.20509586 | 0.24630048 | 0.19775925 | 0.23282254 | 0.24269889 | 0.22847011 | 0.24366126 | 0.22564735 | 0.24479683 | 0.20433437 | 0.23867684 | 0.20949222 | 0.21998995 | 0.23842535 | 0.24416342 | 0.22423640 | 0.22644750 | 0.25210500 | 0.23027685 | 0.01555744
Load 200 | 0.26212385 | 0.23400049 | 0.24266734 | 0.22030938 | 0.21057986 | 0.20568648 | 0.24324988 | 0.24987642 | 0.22898121 | 0.22252679 | 0.22323462 | 0.22407688 | 0.25339926 | 0.23667325 | 0.20997442 | 0.20107034 | 0.20989543 | 0.20585293 | 0.21128871 | 0.23437111 | 0.22649193 | 0.01720370
