# TODAS AS PROBABILIDADES (20 SIMULAÇÕES)
# Requisição 4: [4,11]
# Modo: CONJUNTO
# Data: 2026-02-10 20:45:55
# ================================================================================
# Formato: Load | Sim1 | Sim2 | ... | Sim20 | Média | DesvioPadrão
# ================================================================================

Load   1 | 0.00000000 | 0.00000000 | 0.00000000 | 0.00000000 | 0.00000000 | 0.00000000 | 0.00000000 | 0.00000000 | 0.00000000 | 0.00000000 | 0.00000000 | 0.00000000 | 0.00000000 | 0.00000000 | 0.00000000 | 0.00000000 | 0.00000000 | 0.00000000 | 0.00000000 | 0.00000000 | 0.00000000 | 0.00000000
Load   2 | 0.00000000 | 0.00000000 | 0.00000000 | 0.00000000 | 0.00000000 | 0.00000000 | 0.00000000 | 0.00000000 | 0.00000000 | 0.00000000 | 0.00000000 | 0.00000000 | 0.00000000 | 0.00000000 | 0.00000000 | 0.00000000 | 0.00000000 | 0.00000000 | 0.00000000 | 0.00000000 | 0.00000000 | 0.00000000
Load   3 | 0.00000000 | 0.00000000 | 0.00000000 | 0.00000000 | 0.00000000 | 0.00000000 | 0.00000000 | 0.00000000 | 0.00000000 | 0.00000000 | 0.00000000 | 0.00000000 | 0.00000000 | 0.00000000 | 0.00000000 | 0.00000000 | 0.00000000 | 0.00000000 | 0.00000000 | 0.00000000 | 0.00000000 | 0.00000000
Load   4 | 0.00000000 | 0.00000000 | 0.00000000 | 0.00000000 | 0.00000000 | 0.00000000 | 0.00000000 | 0.00000000 | 0.00000000 | 0.00000000 | 0.00000000 | 0.00000000 | 0.00000000 | 0.00000000 | 0.00000000 | 0.00000000 | 0.00000000 | 0.00000000 | 0.00000000 | 0.00000000 | 0.00000000 | 0.00000000
Load   5 | 0.00000000 | 0.00000000 | 0.00000000 | 0.00000000 | 0.00000000 | 0.00000000 | 0.00000000 | 0.00000000 | 0.00000000 | 0.00000000 | 0.00000000 | 0.00000000 | 0.00000000 | 0.00000000 | 0.00000000 | 0.00000000 | 0.00000000 | 0.00000000 | 0.00000000 | 0.00000000 | 0.00000000 | 0.00000000
Load   6 | 0.00000000 | 0.00000000 | 0.00000000 | 0.00000000 | 0.00000000 | 0.00000000 | 0.00000000 | 0.00000000 | 0.00000000 | 0.00000000 | 0.00000000 | 0.00000000 | 0.00000000 | 0.00000000 | 0.00000000 | 0.00000000 | 0.00000000 | 0.00000000 | 0.00000000 | 0.00000000 | 0.00000000 | 0.00000000
Load   7 | 0.00000000 | 0.00000000 | 0.00000000 | 0.00000000 | 0.00000000 | 0.00000000 | 0.00000000 | 0.00000000 | 0.00000000 | 0.00000000 | 0.00000000 | 0.00000000 | 0.00000000 | 0.00000000 | 0.00000000 | 0.00000000 | 0.00000000 | 0.00000000 | 0.00000000 | 0.00000000 | 0.00000000 | 0.00000000
Load   8 | 0.00000000 | 0.00000000 | 0.00000000 | 0.00000000 | 0.00000000 | 0.00000000 | 0.00000000 | 0.00000000 | 0.00000000 | 0.00000000 | 0.00000000 | 0.00000000 | 0.00000000 | 0.00000000 | 0.00000000 | 0.00000000 | 0.00000000 | 0.00000000 | 0.00000000 | 0.00000000 | 0.00000000 | 0.00000000
Load   9 | 0.00000000 | 0.00000000 | 0.00000000 | 0.00000000 | 0.00000000 | 0.00000000 | 0.00000000 | 0.00000000 | 0.00000000 | 0.00000000 | 0.00000000 | 0.00000000 | 0.00000000 | 0.00000000 | 0.00000000 | 0.00000000 | 0.00000000 | 0.00000000 | 0.00000000 | 0.00000000 | 0.00000000 | 0.00000000
Load  10 | 0.00000000 | 0.00000000 | 0.00000000 | 0.00000000 | 0.00000000 | 0.00000000 | 0.00000000 | 0.00000000 | 0.00000000 | 0.00000000 | 0.00000000 | 0.00000000 | 0.00000000 | 0.00000000 | 0.00000000 | 0.00000000 | 0.00000000 | 0.00000000 | 0.00000000 | 0.00000000 | 0.00000000 | 0.00000000
Load  11 | 0.00000000 | 0.00000000 | 0.00000000 | 0.00000000 | 0.00000000 | 0.00000000 | 0.00000000 | 0.00000000 | 0.00000000 | 0.00000000 | 0.00000000 | 0.00000000 | 0.00000000 | 0.00000000 | 0.00000000 | 0.00000000 | 0.00000000 | 0.00000000 | 0.00000000 | 0.00000000 | 0.00000000 | 0.00000000
Load  12 | 0.00000000 | 0.00000000 | 0.00000000 | 0.00000000 | 0.00000000 | 0.00000000 | 0.00000000 | 0.00000000 | 0.00000000 | 0.00000000 | 0.00000000 | 0.00000000 | 0.00000000 | 0.00000000 | 0.00000000 | 0.00000000 | 0.00000000 | 0.00000000 | 0.00000000 | 0.00000000 | 0.00000000 | 0.00000000
Load  13 | 0.00000000 | 0.00000000 | 0.00000000 | 0.00000000 | 0.00000000 | 0.00000000 | 0.00000000 | 0.00000000 | 0.00000000 | 0.00000000 | 0.00000000 | 0.00000000 | 0.00000000 | 0.00000000 | 0.00000000 | 0.00000000 | 0.00000000 | 0.00000000 | 0.00000000 | 0.00000000 | 0.00000000 | 0.00000000
Load  14 | 0.00000000 | 0.00000000 | 0.00000000 | 0.00000000 | 0.00000000 | 0.00000000 | 0.00000000 | 0.00000000 | 0.00000000 | 0.00000000 | 0.00000000 | 0.00000000 | 0.00000000 | 0.00000000 | 0.00000000 | 0.00000000 | 0.00000000 | 0.00000000 | 0.00000000 | 0.00000000 | 0.00000000 | 0.00000000
Load  15 | 0.00000000 | 0.00000000 | 0.00000000 | 0.00000000 | 0.00000000 | 0.00000000 | 0.00000000 | 0.00000000 | 0.00000000 | 0.00000000 | 0.00000000 | 0.00000000 | 0.00000000 | 0.00000000 | 0.00000000 | 0.00000000 | 0.00000000 | 0.00000000 | 0.00000000 | 0.00000000 | 0.00000000 | 0.00000000
Load  16 | 0.00000000 | 0.00000000 | 0.00000000 | 0.00000000 | 0.00000000 | 0.00000000 | 0.00000000 | 0.00000000 | 0.00000000 | 0.00000000 | 0.00000000 | 0.00000000 | 0.00000000 | 0.00000000 | 0.00000000 | 0.00000000 | 0.00000000 | 0.00000000 | 0.00000000 | 0.00000000 | 0.00000000 | 0.00000000
Load  17 | 0.00000000 | 0.00000000 | 0.00000000 | 0.00000000 | 0.00000000 | 0.00000000 | 0.00000000 | 0.00000000 | 0.00000000 | 0.00000000 | 0.00000000 | 0.00000000 | 0.00000000 | 0.00000000 | 0.00000000 | 0.00000000 | 0.00000000 | 0.00000000 | 0.00000000 | 0.00000000 | 0.00000000 | 0.00000000
Load  18 | 0.00000000 | 0.00000000 | 0.00000000 | 0.00000000 | 0.00000000 | 0.00000000 | 0.00000000 | 0.00000000 | 0.00000000 | 0.00000000 | 0.00000000 | 0.00000000 | 0.00000000 | 0.00000000 | 0.00000000 | 0.00000000 | 0.00000000 | 0.00000000 | 0.00000000 | 0.00000000 | 0.00000000 | 0.00000000
Load  19 | 0.00000000 | 0.00000000 | 0.00000000 | 0.00000000 | 0.00000000 | 0.00000000 | 0.00000000 | 0.00000000 | 0.00000000 | 0.00000000 | 0.00000000 | 0.00000000 | 0.00000000 | 0.00000000 | 0.00000000 | 0.00000000 | 0.00000000 | 0.00000000 | 0.00000000 | 0.00000000 | 0.00000000 | 0.00000000
Load  20 | 0.00000000 | 0.00000000 | 0.00000000 | 0.00000000 | 0.00000000 | 0.00000000 | 0.00000000 | 0.00000000 | 0.00000000 | 0.00000000 | 0.00000000 | 0.00000000 | 0.00000000 | 0.00000000 | 0.00000000 | 0.00000000 | 0.00000000 | 0.00000000 | 0.00000000 | 0.00000000 | 0.00000000 | 0.00000000
Load  21 | 0.00000000 | 0.00000000 | 0.00000000 | 0.00000000 | 0.00000000 | 0.00000000 | 0.00000000 | 0.00000000 | 0.00000000 | 0.00000000 | 0.00000000 | 0.00000000 | 0.00000000 | 0.00000000 | 0.00000000 | 0.00000000 | 0.00000000 | 0.00000000 | 0.00000000 | 0.00000000 | 0.00000000 | 0.00000000
Load  22 | 0.00000000 | 0.00000000 | 0.00000000 | 0.00000000 | 0.00000000 | 0.00000000 | 0.00000000 | 0.00000000 | 0.00000000 | 0.00000000 | 0.00000000 | 0.00000000 | 0.00000000 | 0.00000000 | 0.00000000 | 0.00000000 | 0.00000000 | 0.00000000 | 0.00000000 | 0.00000000 | 0.00000000 | 0.00000000
Load  23 | 0.00000000 | 0.00000000 | 0.00000000 | 0.00000000 | 0.00000000 | 0.00000000 | 0.00000000 | 0.00000000 | 0.00000000 | 0.00000000 | 0.00000000 | 0.00000000 | 0.00000000 | 0.00000000 | 0.00000000 | 0.00000000 | 0.00000000 | 0.00000000 | 0.00000000 | 0.00000000 | 0.00000000 | 0.00000000
Load  24 | 0.00000000 | 0.00000000 | 0.00000000 | 0.00000000 | 0.00000000 | 0.00000000 | 0.00000000 | 0.00000000 | 0.00000000 | 0.00000000 | 0.00000000 | 0.00000000 | 0.00000000 | 0.00000000 | 0.00000000 | 0.00000000 | 0.00000000 | 0.00000000 | 0.00000000 | 0.00000000 | 0.00000000 | 0.00000000
Load  25 | 0.00000000 | 0.00000000 | 0.00000000 | 0.00000000 | 0.00000000 | 0.00000000 | 0.00000000 | 0.00000000 | 0.00000000 | 0.00000000 | 0.00000000 | 0.00000000 | 0.00000000 | 0.00000000 | 0.00000000 | 0.00000000 | 0.00000000 | 0.00000000 | 0.00000000 | 0.00000000 | 0.00000000 | 0.00000000
Load  26 | 0.00000000 | 0.00000000 | 0.00000000 | 0.00000000 | 0.00000000 | 0.00000000 | 0.00000000 | 0.00000000 | 0.00000000 | 0.00000000 | 0.00000000 | 0.00000000 | 0.00000000 | 0.00000000 | 0.00000000 | 0.00000000 | 0.00000000 | 0.00000000 | 0.00000000 | 0.00000000 | 0.00000000 | 0.00000000
Load  27 | 0.00000000 | 0.00000000 | 0.00000000 | 0.00000000 | 0.00000000 | 0.00000000 | 0.00000000 | 0.00000000 | 0.00000000 | 0.00000000 | 0.00000000 | 0.00000000 | 0.00000000 | 0.00000000 | 0.00000000 | 0.00000000 | 0.00000000 | 0.00000000 | 0.00000000 | 0.00000000 | 0.00000000 | 0.00000000
Load  28 | 0.00000000 | 0.00000000 | 0.00000000 | 0.00000000 | 0.00000000 | 0.00000000 | 0.00000000 | 0.00000000 | 0.00000000 | 0.00000000 | 0.00000000 | 0.00000000 | 0.00000000 | 0.00000000 | 0.00000000 | 0.00000000 | 0.00000000 | 0.00000000 | 0.00000000 | 0.00000000 | 0.00000000 | 0.00000000
Load  29 | 0.00000000 | 0.00000000 | 0.00000000 | 0.00000000 | 0.00000000 | 0.00000000 | 0.00000000 | 0.00000000 | 0.00000000 | 0.00000000 | 0.00000000 | 0.00000000 | 0.00000000 | 0.00000000 | 0.00000000 | 0.00000000 | 0.00000000 | 0.00000000 | 0.00000000 | 0.00000000 | 0.00000000 | 0.00000000
Load  30 | 0.00000000 | 0.00000000 | 0.00000000 | 0.00000000 | 0.00000000 | 0.00000000 | 0.00000000 | 0.00000000 | 0.00000000 | 0.00000000 | 0.00000000 | 0.00000000 | 0.00000000 | 0.00000000 | 0.00000000 | 0.00000000 | 0.00000000 | 0.00000000 | 0.00000000 | 0.00000000 | 0.00000000 | 0.00000000
Load  31 | 0.00000000 | 0.00000000 | 0.00000000 | 0.00000000 | 0.00000000 | 0.00000000 | 0.00000000 | 0.00000000 | 0.00000000 | 0.00000000 | 0.00000000 | 0.00000000 | 0.00000000 | 0.00000000 | 0.00000000 | 0.00000000 | 0.00000000 | 0.00000000 | 0.00000000 | 0.00000000 | 0.00000000 | 0.00000000
Load  32 | 0.00000000 | 0.00000000 | 0.00000000 | 0.00000000 | 0.00000000 | 0.00000000 | 0.00000000 | 0.00000000 | 0.00000000 | 0.00000000 | 0.00000000 | 0.00000000 | 0.00000000 | 0.00000000 | 0.00000000 | 0.00000000 | 0.00000000 | 0.00000000 | 0.00000000 | 0.00000000 | 0.00000000 | 0.00000000
Load  33 | 0.00000000 | 0.00000000 | 0.00000000 | 0.00000000 | 0.00000000 | 0.00000000 | 0.00000000 | 0.00000000 | 0.00000000 | 0.00000000 | 0.00000000 | 0.00000000 | 0.00000000 | 0.00000000 | 0.00000000 | 0.00000000 | 0.00000000 | 0.00000000 | 0.00000000 | 0.00000000 | 0.00000000 | 0.00000000
Load  34 | 0.00000000 | 0.00000000 | 0.00000000 | 0.00000000 | 0.00000000 | 0.00000000 | 0.00000000 | 0.00000000 | 0.00000000 | 0.00000000 | 0.00000000 | 0.00000000 | 0.00000000 | 0.00000000 | 0.00000000 | 0.00000000 | 0.00000000 | 0.00000000 | 0.00000000 | 0.00000000 | 0.00000000 | 0.00000000
Load  35 | 0.00000000 | 0.00000000 | 0.00000000 | 0.00000000 | 0.00000000 | 0.00000000 | 0.00000000 | 0.00000000 | 0.00000000 | 0.00000000 | 0.00000000 | 0.00000000 | 0.00000000 | 0.00000000 | 0.00000000 | 0.00000000 | 0.00000000 | 0.00000000 | 0.00000000 | 0.00000000 | 0.00000000 | 0.00000000
Load  36 | 0.00000000 | 0.00000000 | 0.00000000 | 0.00000000 | 0.00000000 | 0.00000000 | 0.00000000 | 0.00000000 | 0.00000000 | 0.00000000 | 0.00000000 | 0.00000000 | 0.00000000 | 0.00000000 | 0.00000000 | 0.00000000 | 0.00000000 | 0.00000000 | 0.00000000 | 0.00000000 | 0.00000000 | 0.00000000
Load  37 | 0.00000000 | 0.00000000 | 0.00000000 | 0.00000000 | 0.00000000 | 0.00000000 | 0.00000000 | 0.00000000 | 0.00000000 | 0.00000000 | 0.00000000 | 0.00000000 | 0.00000000 | 0.00000000 | 0.00000000 | 0.00000000 | 0.00000000 | 0.00000000 | 0.00000000 | 0.00000000 | 0.00000000 | 0.00000000
Load  38 | 0.00000000 | 0.00000000 | 0.00000000 | 0.00000000 | 0.00000000 | 0.00000000 | 0.00000000 | 0.00000000 | 0.00000000 | 0.00000000 | 0.00000000 | 0.00000000 | 0.00000000 | 0.00000000 | 0.00000000 | 0.00000000 | 0.00000000 | 0.00000000 | 0.00000000 | 0.00000000 | 0.00000000 | 0.00000000
Load  39 | 0.00000000 | 0.00000000 | 0.00000000 | 0.00000000 | 0.00000000 | 0.00000000 | 0.00000000 | 0.00000000 | 0.00000000 | 0.00000000 | 0.00000000 | 0.00000000 | 0.00000000 | 0.00000000 | 0.00000000 | 0.00000000 | 0.00000000 | 0.00000000 | 0.00000000 | 0.00000000 | 0.00000000 | 0.00000000
Load  40 | 0.00000000 | 0.00000000 | 0.00000000 | 0.00000000 | 0.00000000 | 0.00000000 | 0.00000000 | 0.00000000 | 0.00000000 | 0.00000000 | 0.00000000 | 0.00000000 | 0.00000000 | 0.00000000 | 0.00000000 | 0.00000000 | 0.00000000 | 0.00000000 | 0.00000000 | 0.00000000 | 0.00000000 | 0.00000000
Load  41 | 0.00000000 | 0.00000000 | 0.00000000 | 0.00000000 | 0.00000000 | 0.00000000 | 0.00000000 | 0.00000000 | 0.00000000 | 0.00000000 | 0.00000000 | 0.00000000 | 0.00000000 | 0.00000000 | 0.00000000 | 0.00000000 | 0.00000000 | 0.00000000 | 0.00000000 | 0.00000000 | 0.00000000 | 0.00000000
Load  42 | 0.00000000 | 0.00000000 | 0.00000000 | 0.00000000 | 0.00000000 | 0.00000000 | 0.00000000 | 0.00000000 | 0.00000000 | 0.00000000 | 0.00000000 | 0.00000000 | 0.00000000 | 0.00000000 | 0.00000000 | 0.00000000 | 0.00000000 | 0.00000000 | 0.00000000 | 0.00000000 | 0.00000000 | 0.00000000
Load  43 | 0.00000000 | 0.00000000 | 0.00000000 | 0.00000000 | 0.00000000 | 0.00000000 | 0.00000000 | 0.00000000 | 0.00000000 | 0.00000000 | 0.00000000 | 0.00000000 | 0.00000000 | 0.00000000 | 0.00000000 | 0.00000000 | 0.00000000 | 0.00000000 | 0.00000000 | 0.00000000 | 0.00000000 | 0.00000000
Load  44 | 0.00000000 | 0.00000000 | 0.00000000 | 0.00000000 | 0.00000000 | 0.00000000 | 0.00000000 | 0.00000000 | 0.00000000 | 0.00000000 | 0.00000000 | 0.00000000 | 0.00000000 | 0.00000000 | 0.00000000 | 0.00000000 | 0.00000000 | 0.00000000 | 0.00000000 | 0.00000000 | 0.00000000 | 0.00000000
Load  45 | 0.00000000 | 0.00000000 | 0.00000000 | 0.00000000 | 0.00000000 | 0.00000000 | 0.00000000 | 0.00000000 | 0.00000000 | 0.00000000 | 0.00000000 | 0.00000000 | 0.00000000 | 0.00000000 | 0.00000000 | 0.00000000 | 0.00000000 | 0.00000000 | 0.00000000 | 0.00000000 | 0.00000000 | 0.00000000
Load  46 | 0.00000000 | 0.00000000 | 0.00000000 | 0.00000000 | 0.00000000 | 0.00000000 | 0.00000000 | 0.00000000 | 0.00000000 | 0.00000000 | 0.00000000 | 0.00000000 | 0.00000000 | 0.00000000 | 0.00000000 | 0.00000000 | 0.00000000 | 0.00000000 | 0.00000000 | 0.00000000 | 0.00000000 | 0.00000000
Load  47 | 0.00000000 | 0.00000000 | 0.00000000 | 0.00000000 | 0.00000000 | 0.00000000 | 0.00000000 | 0.00000000 | 0.00000000 | 0.00000000 | 0.00000000 | 0.00000000 | 0.00000000 | 0.00000000 | 0.00000000 | 0.00000000 | 0.00000000 | 0.00000000 | 0.00000000 | 0.00000000 | 0.00000000 | 0.00000000
Load  48 | 0.00000000 | 0.00000000 | 0.00000000 | 0.00000000 | 0.00000000 | 0.00000000 | 0.00000000 | 0.00000000 | 0.00103627 | 0.00000000 | 0.00000000 | 0.00000000 | 0.00000000 | 0.00000000 | 0.00000000 | 0.00000000 | 0.00000000 | 0.00000000 | 0.00000000 | 0.00000000 | 0.00005181 | 0.00022585
Load  49 | 0.00000000 | 0.00000000 | 0.00000000 | 0.00000000 | 0.00000000 | 0.00000000 | 0.00000000 | 0.00000000 | 0.00000000 | 0.00000000 | 0.00000000 | 0.00000000 | 0.00000000 | 0.00290135 | 0.00000000 | 0.00000000 | 0.00000000 | 0.00000000 | 0.00000000 | 0.00000000 | 0.00014507 | 0.00063234
Load  50 | 0.00000000 | 0.00000000 | 0.00000000 | 0.00000000 | 0.00000000 | 0.00000000 | 0.00000000 | 0.00000000 | 0.00000000 | 0.00000000 | 0.00000000 | 0.00000000 | 0.00000000 | 0.00000000 | 0.00000000 | 0.00000000 | 0.00000000 | 0.00000000 | 0.00000000 | 0.00000000 | 0.00000000 | 0.00000000
Load  51 | 0.00000000 | 0.00000000 | 0.00000000 | 0.00000000 | 0.00283019 | 0.00000000 | 0.00000000 | 0.00000000 | 0.00000000 | 0.00000000 | 0.00000000 | 0.00000000 | 0.00000000 | 0.00000000 | 0.00000000 | 0.00000000 | 0.00000000 | 0.00000000 | 0.00000000 | 0.00098912 | 0.00019097 | 0.00064261
Load  52 | 0.00000000 | 0.00000000 | 0.00000000 | 0.00095057 | 0.00000000 | 0.00000000 | 0.00000000 | 0.00000000 | 0.00000000 | 0.00000000 | 0.00000000 | 0.00000000 | 0.00000000 | 0.00000000 | 0.00000000 | 0.00000000 | 0.00000000 | 0.00000000 | 0.00000000 | 0.00000000 | 0.00004753 | 0.00020717
Load  53 | 0.00000000 | 0.00000000 | 0.00000000 | 0.00000000 | 0.00185529 | 0.00000000 | 0.00478469 | 0.00000000 | 0.00000000 | 0.00000000 | 0.00000000 | 0.00000000 | 0.00000000 | 0.00000000 | 0.00179372 | 0.00101937 | 0.00000000 | 0.00000000 | 0.00000000 | 0.00000000 | 0.00047265 | 0.00114289
Load  54 | 0.00000000 | 0.00000000 | 0.00000000 | 0.00000000 | 0.00000000 | 0.00000000 | 0.00000000 | 0.00000000 | 0.00000000 | 0.00000000 | 0.00000000 | 0.00000000 | 0.00000000 | 0.00000000 | 0.00000000 | 0.00000000 | 0.00000000 | 0.00178891 | 0.00000000 | 0.00000000 | 0.00008945 | 0.00038988
Load  55 | 0.00000000 | 0.00000000 | 0.00000000 | 0.00000000 | 0.00000000 | 0.00000000 | 0.00000000 | 0.00000000 | 0.00000000 | 0.00000000 | 0.00000000 | 0.00369004 | 0.00000000 | 0.00000000 | 0.00000000 | 0.00000000 | 0.00000000 | 0.00090992 | 0.00000000 | 0.00000000 | 0.00023000 | 0.00081812
Load  56 | 0.00000000 | 0.00000000 | 0.00000000 | 0.00000000 | 0.00000000 | 0.00000000 | 0.00000000 | 0.00000000 | 0.00000000 | 0.00000000 | 0.00000000 | 0.00000000 | 0.00176523 | 0.00000000 | 0.00000000 | 0.00000000 | 0.00000000 | 0.00000000 | 0.00000000 | 0.00000000 | 0.00008826 | 0.00038472
Load  57 | 0.00000000 | 0.00000000 | 0.00000000 | 0.00080775 | 0.00000000 | 0.00349956 | 0.00000000 | 0.00085251 | 0.00000000 | 0.00000000 | 0.00000000 | 0.00000000 | 0.00000000 | 0.00179051 | 0.00179211 | 0.00173762 | 0.00000000 | 0.00000000 | 0.00000000 | 0.00000000 | 0.00052400 | 0.00093732
Load  58 | 0.00435161 | 0.00087336 | 0.00000000 | 0.00000000 | 0.00086655 | 0.00000000 | 0.00000000 | 0.00000000 | 0.00000000 | 0.00000000 | 0.00000000 | 0.00000000 | 0.00000000 | 0.00000000 | 0.00000000 | 0.00000000 | 0.00000000 | 0.00084531 | 0.00000000 | 0.00000000 | 0.00034684 | 0.00096847
Load  59 | 0.00000000 | 0.00166251 | 0.00000000 | 0.00171380 | 0.00000000 | 0.00000000 | 0.00000000 | 0.00000000 | 0.00256410 | 0.00000000 | 0.00158856 | 0.00000000 | 0.00000000 | 0.00000000 | 0.00000000 | 0.00000000 | 0.00000000 | 0.00000000 | 0.00164745 | 0.00000000 | 0.00045882 | 0.00081557
Load  60 | 0.00000000 | 0.00000000 | 0.00171674 | 0.00081566 | 0.00082237 | 0.00000000 | 0.00000000 | 0.00000000 | 0.00178412 | 0.00000000 | 0.00415282 | 0.00000000 | 0.00000000 | 0.00083893 | 0.00000000 | 0.00170648 | 0.00000000 | 0.00083612 | 0.00000000 | 0.00000000 | 0.00063366 | 0.00102475
Load  61 | 0.00000000 | 0.00159363 | 0.00240000 | 0.00000000 | 0.00000000 | 0.00000000 | 0.00234192 | 0.00161031 | 0.00000000 | 0.00080386 | 0.00084962 | 0.00000000 | 0.00000000 | 0.00079808 | 0.00254885 | 0.00343643 | 0.00161031 | 0.00164474 | 0.00000000 | 0.00080775 | 0.00102227 | 0.00104254
Load  62 | 0.00230769 | 0.00000000 | 0.00252101 | 0.00000000 | 0.00000000 | 0.00083472 | 0.00235849 | 0.00161160 | 0.00154799 | 0.00407498 | 0.00079177 | 0.00085985 | 0.00153610 | 0.00000000 | 0.00000000 | 0.00000000 | 0.00158103 | 0.00000000 | 0.00000000 | 0.00081103 | 0.00104181 | 0.00111164
Load  63 | 0.00000000 | 0.00082102 | 0.00241741 | 0.00166251 | 0.00244300 | 0.00078125 | 0.00000000 | 0.00159744 | 0.00080128 | 0.00000000 | 0.00257732 | 0.00320256 | 0.00240192 | 0.00078003 | 0.00157480 | 0.00000000 | 0.00082169 | 0.00000000 | 0.00242131 | 0.00162999 | 0.00129668 | 0.00100941
Load  64 | 0.00161160 | 0.00306279 | 0.00159109 | 0.00157604 | 0.00078064 | 0.00232378 | 0.00307456 | 0.00158604 | 0.00082508 | 0.00075188 | 0.00379075 | 0.00000000 | 0.00000000 | 0.00000000 | 0.00000000 | 0.00616808 | 0.00302572 | 0.00000000 | 0.00549882 | 0.00000000 | 0.00178334 | 0.00179469
Load  65 | 0.00000000 | 0.00081833 | 0.00840979 | 0.00000000 | 0.00363901 | 0.00449438 | 0.00145349 | 0.00376790 | 0.00942712 | 0.00523560 | 0.00000000 | 0.00074963 | 0.00073801 | 0.00396825 | 0.00000000 | 0.00392157 | 0.00075586 | 0.00000000 | 0.00077519 | 0.00000000 | 0.00240771 | 0.00278291
Load  66 | 0.00233645 | 0.00383436 | 0.00301887 | 0.00686499 | 0.00224048 | 0.00750751 | 0.00363108 | 0.00684411 | 0.00235849 | 0.00076104 | 0.01071155 | 0.00816630 | 0.00365764 | 0.00397456 | 0.00236407 | 0.00295203 | 0.00306279 | 0.00080841 | 0.00433526 | 0.00161160 | 0.00405208 | 0.00256805
Load  67 | 0.00439883 | 0.00079808 | 0.00453858 | 0.00300075 | 0.01220442 | 0.00210822 | 0.00075529 | 0.00233281 | 0.00223214 | 0.00294985 | 0.00078003 | 0.00147167 | 0.00292826 | 0.00860832 | 0.00448430 | 0.00147929 | 0.00932568 | 0.00587372 | 0.00376790 | 0.00149365 | 0.00377659 | 0.00302550
Load  68 | 0.01013025 | 0.00669643 | 0.00000000 | 0.00300075 | 0.00297619 | 0.00070077 | 0.00297841 | 0.00967982 | 0.00281294 | 0.00073475 | 0.00804094 | 0.00305577 | 0.00657414 | 0.00950988 | 0.00657414 | 0.00072254 | 0.00942712 | 0.00150716 | 0.00000000 | 0.00456621 | 0.00448441 | 0.00344983
Load  69 | 0.00454201 | 0.00759144 | 0.00226586 | 0.00487805 | 0.00224215 | 0.00072359 | 0.00000000 | 0.00221566 | 0.00290698 | 0.01171606 | 0.00431344 | 0.00440529 | 0.00298730 | 0.00369549 | 0.00074129 | 0.00430725 | 0.00145138 | 0.00947522 | 0.00074239 | 0.00371195 | 0.00374564 | 0.00290414
Load  70 | 0.00417537 | 0.00291545 | 0.01120448 | 0.01510989 | 0.00359971 | 0.00975610 | 0.00292184 | 0.00069444 | 0.00286944 | 0.01133144 | 0.01007388 | 0.00848057 | 0.00506879 | 0.00423729 | 0.00591716 | 0.00497866 | 0.00416667 | 0.00561798 | 0.01141227 | 0.00443131 | 0.00644814 | 0.00372597
Load  71 | 0.00715820 | 0.00677507 | 0.00496102 | 0.01829268 | 0.00143575 | 0.00147167 | 0.00650289 | 0.01596114 | 0.01659751 | 0.00208478 | 0.00556328 | 0.00291333 | 0.00932568 | 0.00769769 | 0.00515464 | 0.00696379 | 0.00282087 | 0.00355366 | 0.00844704 | 0.01018182 | 0.00719313 | 0.00479053
Load  72 | 0.00347705 | 0.00705716 | 0.00484429 | 0.01257862 | 0.00208478 | 0.01084599 | 0.00636492 | 0.00503235 | 0.00647017 | 0.01307639 | 0.00426743 | 0.00854701 | 0.00692521 | 0.00689180 | 0.00495400 | 0.01038781 | 0.00869565 | 0.01023891 | 0.00356888 | 0.01566952 | 0.00759890 | 0.00351623
Load  73 | 0.01275168 | 0.00071429 | 0.01790451 | 0.01127555 | 0.00778485 | 0.01293661 | 0.00613079 | 0.02238806 | 0.01576422 | 0.00813559 | 0.00412088 | 0.00904662 | 0.00213220 | 0.00968858 | 0.00617284 | 0.00709723 | 0.00413793 | 0.00773015 | 0.01521438 | 0.01036628 | 0.00957466 | 0.00529311
Load  74 | 0.00189633 | 0.01261620 | 0.02117803 | 0.01470588 | 0.01183020 | 0.00733823 | 0.02017485 | 0.00613079 | 0.01334223 | 0.01464714 | 0.01185771 | 0.00794702 | 0.01837985 | 0.00201478 | 0.00738751 | 0.02400000 | 0.00770848 | 0.00870730 | 0.00931900 | 0.01173403 | 0.01164578 | 0.00583954
Load  75 | 0.01981506 | 0.01274313 | 0.02239789 | 0.01163587 | 0.00823045 | 0.00857520 | 0.02542373 | 0.00555170 | 0.01283784 | 0.00401875 | 0.00710594 | 0.00524590 | 0.01956815 | 0.00992720 | 0.00617284 | 0.03244275 | 0.00656168 | 0.01206434 | 0.02076356 | 0.02216428 | 0.01366231 | 0.00780841
Load  76 | 0.01436031 | 0.01536406 | 0.02204929 | 0.01639344 | 0.02018843 | 0.00811359 | 0.02688860 | 0.01703801 | 0.02363756 | 0.02301118 | 0.00862641 | 0.01761518 | 0.02001334 | 0.01855533 | 0.01499348 | 0.00603217 | 0.01574264 | 0.02093909 | 0.01598465 | 0.02155992 | 0.01735533 | 0.00522173
Load  77 | 0.02460697 | 0.01301236 | 0.01098901 | 0.01894187 | 0.01091142 | 0.01299545 | 0.01363918 | 0.01548387 | 0.01806020 | 0.00773694 | 0.00660939 | 0.01906640 | 0.02226588 | 0.02013423 | 0.01872176 | 0.01616162 | 0.01900393 | 0.02298851 | 0.01919386 | 0.01006711 | 0.01602950 | 0.00497329
Load  78 | 0.02935546 | 0.02690864 | 0.01808786 | 0.01174935 | 0.02356688 | 0.01402167 | 0.03152247 | 0.02431012 | 0.02197112 | 0.01900393 | 0.01485788 | 0.03043754 | 0.01575299 | 0.01360104 | 0.03015385 | 0.01941748 | 0.01511335 | 0.01981506 | 0.02178091 | 0.02660610 | 0.02140168 | 0.00608649
Load  79 | 0.01498127 | 0.01408451 | 0.03039899 | 0.02461140 | 0.01953371 | 0.02668361 | 0.01933874 | 0.02330097 | 0.01224227 | 0.02087170 | 0.03542062 | 0.04606061 | 0.02804878 | 0.01248357 | 0.01946014 | 0.02033037 | 0.02002503 | 0.00662691 | 0.01867995 | 0.02917443 | 0.02211788 | 0.00871901
Load  80 | 0.01500326 | 0.03426791 | 0.01860167 | 0.02142407 | 0.02337334 | 0.04129032 | 0.03143894 | 0.03919167 | 0.03795893 | 0.02701005 | 0.02276923 | 0.02769231 | 0.02375000 | 0.03219927 | 0.03635204 | 0.01549907 | 0.02197112 | 0.02421737 | 0.03101266 | 0.02592593 | 0.02754746 | 0.00749724
Load  81 | 0.02670623 | 0.04642857 | 0.02842704 | 0.02582311 | 0.02265769 | 0.03402985 | 0.03488372 | 0.03794513 | 0.03846154 | 0.02526848 | 0.02058640 | 0.02469880 | 0.01622971 | 0.01842440 | 0.01819284 | 0.02435978 | 0.02440551 | 0.01611940 | 0.03398927 | 0.03117783 | 0.02744076 | 0.00798001
Load  82 | 0.02989628 | 0.01332487 | 0.02772755 | 0.02882206 | 0.03395062 | 0.02728351 | 0.03437877 | 0.02366505 | 0.02948255 | 0.03337531 | 0.02743142 | 0.03512881 | 0.04790419 | 0.03312883 | 0.03207896 | 0.02005013 | 0.03422983 | 0.02018927 | 0.03416149 | 0.02736466 | 0.02967871 | 0.00700532
Load  83 | 0.03462940 | 0.03985285 | 0.03217972 | 0.02223523 | 0.02803169 | 0.06143944 | 0.02212661 | 0.03305288 | 0.05173427 | 0.02925046 | 0.03716814 | 0.02935995 | 0.03896882 | 0.02153846 | 0.05558876 | 0.03493976 | 0.02786011 | 0.05011655 | 0.06040268 | 0.01755486 | 0.03640153 | 0.01279062
Load  84 | 0.04128158 | 0.03081571 | 0.03846154 | 0.02869353 | 0.04205318 | 0.05595238 | 0.04011461 | 0.03090379 | 0.03533569 | 0.02944712 | 0.03102190 | 0.03411765 | 0.03739445 | 0.02063107 | 0.04389087 | 0.03246340 | 0.03902155 | 0.04181601 | 0.03862151 | 0.03540337 | 0.03637204 | 0.00715507
Load  85 | 0.04501801 | 0.05459770 | 0.04117647 | 0.05174419 | 0.05856354 | 0.03301887 | 0.05697674 | 0.03372781 | 0.05204678 | 0.04025671 | 0.03233256 | 0.05840708 | 0.04054860 | 0.03834980 | 0.05306604 | 0.02276708 | 0.03297998 | 0.05105105 | 0.04489796 | 0.04553216 | 0.04435296 | 0.00989705
Load  86 | 0.05287897 | 0.05354155 | 0.06137811 | 0.03902155 | 0.03699212 | 0.04384384 | 0.04652568 | 0.03803394 | 0.05026611 | 0.04732041 | 0.04709937 | 0.04416037 | 0.03442136 | 0.04756312 | 0.05205321 | 0.03692494 | 0.05271829 | 0.02634731 | 0.04092527 | 0.07959068 | 0.04658031 | 0.01094912
Load  87 | 0.04335586 | 0.05356125 | 0.04068002 | 0.07971014 | 0.04211725 | 0.05163511 | 0.05555556 | 0.05182761 | 0.04020979 | 0.04394943 | 0.05830583 | 0.04652499 | 0.06734578 | 0.05530217 | 0.06107718 | 0.05945036 | 0.05297234 | 0.06484069 | 0.05181347 | 0.04115226 | 0.05306935 | 0.01000538
Load  88 | 0.06805399 | 0.05959885 | 0.04526988 | 0.06449864 | 0.06772256 | 0.04899135 | 0.04882353 | 0.04868270 | 0.07186630 | 0.05156431 | 0.05117884 | 0.04069119 | 0.06594656 | 0.05208930 | 0.05103758 | 0.04920914 | 0.04759141 | 0.04266511 | 0.04980414 | 0.05731441 | 0.05412999 | 0.00885970
Load  89 | 0.04770318 | 0.04782848 | 0.05656109 | 0.08142077 | 0.05949008 | 0.04601770 | 0.04127358 | 0.03448276 | 0.04164257 | 0.06079197 | 0.06451613 | 0.06887347 | 0.06736610 | 0.06323447 | 0.05807936 | 0.05110837 | 0.06080708 | 0.05408451 | 0.06068890 | 0.05509182 | 0.05605312 | 0.01072494
Load  90 | 0.05989011 | 0.07420091 | 0.07023411 | 0.06936737 | 0.06087438 | 0.05340079 | 0.05708245 | 0.06150342 | 0.06598407 | 0.07353760 | 0.06304825 | 0.06092789 | 0.06074241 | 0.05634604 | 0.05774728 | 0.06477733 | 0.06037322 | 0.04643449 | 0.06483922 | 0.05173363 | 0.06165225 | 0.00686146
Load  91 | 0.08089034 | 0.07427938 | 0.06573034 | 0.09867374 | 0.05354155 | 0.06000000 | 0.07442117 | 0.09854015 | 0.08870116 | 0.06030702 | 0.05304299 | 0.05500550 | 0.05506118 | 0.08044164 | 0.06818182 | 0.06358059 | 0.07306434 | 0.06185003 | 0.07973422 | 0.07963656 | 0.07123419 | 0.01368947
Load  92 | 0.08886451 | 0.05194805 | 0.06294472 | 0.08384572 | 0.07162384 | 0.07683983 | 0.06714761 | 0.07004964 | 0.06172140 | 0.05810882 | 0.07066139 | 0.07650570 | 0.08921162 | 0.07002653 | 0.05829596 | 0.05141243 | 0.05586907 | 0.07276619 | 0.06511123 | 0.08112407 | 0.06920392 | 0.01101670
Load  93 | 0.09155286 | 0.07799145 | 0.09623218 | 0.08498129 | 0.07871569 | 0.09081081 | 0.08571429 | 0.06588109 | 0.06455142 | 0.07901762 | 0.09889532 | 0.08034280 | 0.07385120 | 0.06997863 | 0.08417688 | 0.07252747 | 0.06371191 | 0.09090909 | 0.08241150 | 0.07382169 | 0.08030376 | 0.01002763
Load  94 | 0.10165119 | 0.08956797 | 0.08702616 | 0.07896160 | 0.11088083 | 0.10666667 | 0.08324206 | 0.08453608 | 0.07799145 | 0.08359294 | 0.07573416 | 0.10081883 | 0.10396294 | 0.09862142 | 0.08606557 | 0.08194965 | 0.10026247 | 0.08919936 | 0.05425936 | 0.09147287 | 0.08932318 | 0.01282126
Load  95 | 0.08693333 | 0.09936909 | 0.10851419 | 0.10663130 | 0.09315492 | 0.06466632 | 0.09248850 | 0.10898760 | 0.08272506 | 0.06062232 | 0.06620763 | 0.08972973 | 0.10095137 | 0.06200318 | 0.07582938 | 0.07908992 | 0.09466866 | 0.10748663 | 0.06382979 | 0.07474227 | 0.08593156 | 0.01636300
Load  96 | 0.08546118 | 0.07419018 | 0.11364816 | 0.06576200 | 0.08736842 | 0.08530043 | 0.08106695 | 0.12609819 | 0.08259279 | 0.08702369 | 0.08342078 | 0.08726899 | 0.10104712 | 0.10255075 | 0.08771008 | 0.09095528 | 0.07820647 | 0.07696391 | 0.08383838 | 0.08675079 | 0.08836123 | 0.01329132
Load  97 | 0.09056604 | 0.12816692 | 0.08101266 | 0.11401777 | 0.09302326 | 0.08834104 | 0.10817805 | 0.09581789 | 0.07808433 | 0.10547464 | 0.13677812 | 0.08748036 | 0.09335363 | 0.12202689 | 0.09419904 | 0.09346787 | 0.09656992 | 0.09498681 | 0.11116726 | 0.09804928 | 0.10053809 | 0.01498884
Load  98 | 0.10951894 | 0.09724951 | 0.09907121 | 0.10443350 | 0.10015330 | 0.10076336 | 0.09490986 | 0.10031679 | 0.08012327 | 0.09919028 | 0.08329075 | 0.09827761 | 0.12266010 | 0.12430800 | 0.10904523 | 0.12409887 | 0.08988187 | 0.11690209 | 0.14250125 | 0.12108056 | 0.10588882 | 0.01505886
Load  99 | 0.12252161 | 0.10824230 | 0.11941057 | 0.10746720 | 0.11631345 | 0.12026276 | 0.11231527 | 0.10380803 | 0.10679612 | 0.07459572 | 0.10285132 | 0.12323429 | 0.12101000 | 0.11165765 | 0.11679920 | 0.10895141 | 0.09202454 | 0.09047870 | 0.13779528 | 0.09737249 | 0.10969540 | 0.01367367
Load 100 | 0.11670124 | 0.10180542 | 0.11776447 | 0.11116601 | 0.10434348 | 0.12670369 | 0.14758144 | 0.11667454 | 0.08684481 | 0.09648663 | 0.11638142 | 0.10584677 | 0.10272214 | 0.09752400 | 0.13159216 | 0.11500000 | 0.11214496 | 0.11061286 | 0.10820332 | 0.13028515 | 0.11281923 | 0.01356271
Load 101 | 0.10979228 | 0.10626836 | 0.10916179 | 0.12608919 | 0.11896636 | 0.14814815 | 0.11443038 | 0.10640444 | 0.10998479 | 0.10398445 | 0.11599210 | 0.12620424 | 0.12222222 | 0.11525087 | 0.11162551 | 0.10487078 | 0.13307985 | 0.11067772 | 0.11304781 | 0.10408163 | 0.11551415 | 0.01084362
Load 102 | 0.11162080 | 0.12674028 | 0.11540342 | 0.14423541 | 0.10492611 | 0.12204724 | 0.10996055 | 0.12745592 | 0.11462656 | 0.13425469 | 0.12315271 | 0.14644550 | 0.12758621 | 0.14139942 | 0.11094747 | 0.10669975 | 0.13983259 | 0.13849187 | 0.12545360 | 0.11268986 | 0.12419850 | 0.01283265
Load 103 | 0.13587488 | 0.11639425 | 0.12142152 | 0.13490158 | 0.12190287 | 0.14272300 | 0.15444390 | 0.13916786 | 0.12064738 | 0.12176414 | 0.13996139 | 0.12382368 | 0.12125604 | 0.11271102 | 0.15055315 | 0.13585638 | 0.10407240 | 0.11278561 | 0.14768340 | 0.14238095 | 0.13001627 | 0.01375786
Load 104 | 0.14798851 | 0.13809754 | 0.12872763 | 0.14671246 | 0.14392874 | 0.10721248 | 0.14251324 | 0.14259259 | 0.13865752 | 0.12011577 | 0.12630532 | 0.13432836 | 0.13311069 | 0.14210526 | 0.15927022 | 0.14312977 | 0.10981535 | 0.12512171 | 0.09733607 | 0.14038462 | 0.13337269 | 0.01494556
Load 105 | 0.15173068 | 0.14536817 | 0.13879518 | 0.14245014 | 0.12696897 | 0.13419293 | 0.13564214 | 0.13783270 | 0.14816579 | 0.15048077 | 0.15988909 | 0.14796905 | 0.11089109 | 0.14464802 | 0.14704514 | 0.15642458 | 0.14155031 | 0.16072301 | 0.15934812 | 0.15438108 | 0.14472485 | 0.01181433
Load 106 | 0.15136364 | 0.16166823 | 0.14650284 | 0.16310033 | 0.11333024 | 0.13912631 | 0.15777043 | 0.15034803 | 0.13751797 | 0.15004660 | 0.14225746 | 0.13744076 | 0.16977612 | 0.12529663 | 0.13959028 | 0.16173014 | 0.13601896 | 0.10139165 | 0.17005196 | 0.17580340 | 0.14650660 | 0.01850422
Load 107 | 0.12944523 | 0.18165138 | 0.18101852 | 0.14510895 | 0.19655333 | 0.14200641 | 0.15696320 | 0.14089835 | 0.14978602 | 0.16815406 | 0.16520535 | 0.14272167 | 0.15409683 | 0.15698730 | 0.13544241 | 0.13214990 | 0.16206089 | 0.13768461 | 0.13900709 | 0.13680782 | 0.15268747 | 0.01793088
Load 108 | 0.16949931 | 0.15221489 | 0.15240767 | 0.17612809 | 0.13675214 | 0.13870968 | 0.16301239 | 0.15649380 | 0.16689977 | 0.17369615 | 0.16589435 | 0.15533981 | 0.14383875 | 0.14636364 | 0.17345472 | 0.16047059 | 0.14332553 | 0.13026445 | 0.14312707 | 0.15045960 | 0.15491762 | 0.01308644
Load 109 | 0.17692658 | 0.15886985 | 0.17270694 | 0.16117381 | 0.16598824 | 0.16559927 | 0.16553902 | 0.15753425 | 0.18087408 | 0.16383662 | 0.15955983 | 0.15006884 | 0.16817102 | 0.16689592 | 0.18875686 | 0.15069124 | 0.16681860 | 0.18553459 | 0.15202853 | 0.15571557 | 0.16566448 | 0.01065477
Load 110 | 0.17405063 | 0.13411079 | 0.16251698 | 0.16100512 | 0.15435943 | 0.15514874 | 0.14842301 | 0.13404453 | 0.17577948 | 0.20326279 | 0.17353480 | 0.15169569 | 0.16218679 | 0.16862038 | 0.17723214 | 0.16197822 | 0.15870070 | 0.17042381 | 0.15443841 | 0.19371728 | 0.16376148 | 0.01656201
Load 111 | 0.18727915 | 0.15924129 | 0.17200366 | 0.19276018 | 0.18078840 | 0.17871948 | 0.17827051 | 0.16949153 | 0.16164748 | 0.17269076 | 0.15495495 | 0.18479263 | 0.17941712 | 0.16290019 | 0.17354260 | 0.20879630 | 0.17883690 | 0.19348923 | 0.17708333 | 0.18821380 | 0.17774597 | 0.01262569
Load 112 | 0.17803366 | 0.17351598 | 0.18694885 | 0.17589721 | 0.17798491 | 0.18525262 | 0.18867083 | 0.17381591 | 0.16703491 | 0.18940754 | 0.18448729 | 0.15947137 | 0.20095279 | 0.16607617 | 0.17744093 | 0.16448517 | 0.17594255 | 0.18885870 | 0.18318966 | 0.18109188 | 0.17892795 | 0.00979217
Load 113 | 0.16375345 | 0.18641037 | 0.20406279 | 0.17902351 | 0.16857012 | 0.15798923 | 0.18979680 | 0.19049714 | 0.20411739 | 0.18772401 | 0.17102348 | 0.17142857 | 0.20124389 | 0.17578125 | 0.15854194 | 0.18856886 | 0.20727432 | 0.17990347 | 0.17271535 | 0.16216216 | 0.18102941 | 0.01516342
Load 114 | 0.18373765 | 0.18363636 | 0.17605004 | 0.19642078 | 0.20110780 | 0.19742489 | 0.19581018 | 0.18955425 | 0.16444444 | 0.18547341 | 0.20181504 | 0.20291134 | 0.16527104 | 0.22058824 | 0.21123596 | 0.17461024 | 0.19485615 | 0.21023216 | 0.21416235 | 0.18761384 | 0.19284781 | 0.01517084
Load 115 | 0.18000885 | 0.18125825 | 0.15084295 | 0.16451756 | 0.18440327 | 0.15865169 | 0.19412019 | 0.16609146 | 0.18717504 | 0.18009687 | 0.20095279 | 0.20178571 | 0.18688384 | 0.21101322 | 0.19203540 | 0.19107452 | 0.17274725 | 0.22138365 | 0.17890942 | 0.16832130 | 0.18361366 | 0.01709216
Load 116 | 0.20253165 | 0.20940357 | 0.17910448 | 0.20129310 | 0.18606742 | 0.16229221 | 0.19766397 | 0.16864175 | 0.19432684 | 0.21319149 | 0.19436009 | 0.19093287 | 0.19611978 | 0.21716055 | 0.20358515 | 0.18661972 | 0.19026933 | 0.22074582 | 0.19622476 | 0.18386243 | 0.19471985 | 0.01449434
Load 117 | 0.19313482 | 0.19802405 | 0.19120879 | 0.21403509 | 0.20195578 | 0.19429291 | 0.18077093 | 0.20520352 | 0.21307190 | 0.20735357 | 0.19266460 | 0.21728188 | 0.19149869 | 0.19164513 | 0.20043197 | 0.21939856 | 0.19134199 | 0.20735931 | 0.21924223 | 0.19457397 | 0.20122449 | 0.01084749
Load 118 | 0.20050654 | 0.21091382 | 0.20486556 | 0.19517449 | 0.20874411 | 0.20706656 | 0.19865603 | 0.20158267 | 0.23755751 | 0.21731676 | 0.21132713 | 0.22571429 | 0.20954447 | 0.20281210 | 0.23057432 | 0.21254209 | 0.20130719 | 0.22470943 | 0.20250000 | 0.22704918 | 0.21152321 | 0.01158141
Load 119 | 0.24543189 | 0.21482412 | 0.20415959 | 0.21933086 | 0.22995595 | 0.18943459 | 0.22158155 | 0.22627435 | 0.22819886 | 0.20000000 | 0.20613853 | 0.19796954 | 0.21578298 | 0.19155420 | 0.21485522 | 0.18421053 | 0.20967070 | 0.23815310 | 0.20536804 | 0.22628669 | 0.21345906 | 0.01598960
Load 120 | 0.25061025 | 0.23789649 | 0.21830986 | 0.19888556 | 0.20743557 | 0.22601010 | 0.23553382 | 0.20488641 | 0.20831566 | 0.20158929 | 0.20042105 | 0.22507240 | 0.20430108 | 0.20305214 | 0.24008439 | 0.23740427 | 0.24836066 | 0.20861486 | 0.19043624 | 0.20651714 | 0.21768686 | 0.01785625
Load 121 | 0.22723544 | 0.21910348 | 0.19870410 | 0.21281741 | 0.21534549 | 0.23410405 | 0.25082372 | 0.22732919 | 0.22873423 | 0.21440972 | 0.21281841 | 0.22177902 | 0.20362563 | 0.23543888 | 0.22561459 | 0.20680851 | 0.22189097 | 0.22026801 | 0.21254209 | 0.24693377 | 0.22181634 | 0.01299169
Load 122 | 0.23041667 | 0.23813524 | 0.22152951 | 0.23604978 | 0.22510288 | 0.23793677 | 0.20635576 | 0.22043675 | 0.21192587 | 0.23923045 | 0.20034028 | 0.22212656 | 0.22712146 | 0.26042080 | 0.20519159 | 0.21092757 | 0.23861789 | 0.22036728 | 0.22821577 | 0.23218096 | 0.22563149 | 0.01409254
Load 123 | 0.22666667 | 0.22798146 | 0.26195180 | 0.24152707 | 0.22279793 | 0.24108590 | 0.21562892 | 0.24341580 | 0.22989439 | 0.23658927 | 0.26437733 | 0.23240317 | 0.22954173 | 0.25100725 | 0.24000000 | 0.24531250 | 0.21446384 | 0.24871287 | 0.23408624 | 0.22941417 | 0.23684292 | 0.01305627
Load 124 | 0.22809851 | 0.26535528 | 0.24918699 | 0.25090180 | 0.25157729 | 0.24449979 | 0.22727273 | 0.23920000 | 0.23300573 | 0.24368088 | 0.24800000 | 0.24416734 | 0.24969795 | 0.24265645 | 0.24437299 | 0.24754420 | 0.22079486 | 0.23140823 | 0.23665339 | 0.24637080 | 0.24222226 | 0.01005322
Load 125 | 0.23203964 | 0.23185484 | 0.24666397 | 0.23440604 | 0.26842949 | 0.22940940 | 0.23529412 | 0.21463415 | 0.23444790 | 0.21735669 | 0.25409197 | 0.26286837 | 0.23891330 | 0.23675889 | 0.26808682 | 0.23411102 | 0.25050751 | 0.26076742 | 0.21495709 | 0.24792359 | 0.24067611 | 0.01599092
Load 126 | 0.26069886 | 0.23996822 | 0.24687500 | 0.23839251 | 0.26402907 | 0.27317073 | 0.24401726 | 0.26216216 | 0.25443787 | 0.24625690 | 0.25362903 | 0.25242326 | 0.24960998 | 0.26415842 | 0.24847499 | 0.25527678 | 0.24842022 | 0.25914274 | 0.22738191 | 0.25286416 | 0.25206950 | 0.01019988
Load 127 | 0.22990291 | 0.25565082 | 0.24883359 | 0.24590818 | 0.25855049 | 0.25496302 | 0.28554958 | 0.27748479 | 0.27162899 | 0.25667828 | 0.28021764 | 0.24864025 | 0.23788721 | 0.26114650 | 0.25562452 | 0.28255722 | 0.25458996 | 0.28476302 | 0.24914676 | 0.24753646 | 0.25936301 | 0.01556247
Load 128 | 0.25858742 | 0.26602317 | 0.27815093 | 0.25197161 | 0.25037594 | 0.26362582 | 0.25223033 | 0.25156986 | 0.27258445 | 0.27439724 | 0.25050424 | 0.27180685 | 0.27297402 | 0.25096525 | 0.27975029 | 0.26669210 | 0.25759369 | 0.26606198 | 0.25614592 | 0.25312012 | 0.26225656 | 0.00988004
Load 129 | 0.24693721 | 0.26871552 | 0.27906977 | 0.26917058 | 0.24556771 | 0.25019486 | 0.24919094 | 0.28891420 | 0.27843286 | 0.27108202 | 0.26484561 | 0.25546022 | 0.26326207 | 0.27574103 | 0.28447626 | 0.27830367 | 0.25601241 | 0.26602317 | 0.27967730 | 0.25713184 | 0.26641046 | 0.01279956
Load 130 | 0.27620505 | 0.28327893 | 0.26366809 | 0.26740506 | 0.27237950 | 0.27652241 | 0.24133904 | 0.26135489 | 0.27333333 | 0.25912976 | 0.26732298 | 0.26201550 | 0.24932563 | 0.25333333 | 0.26846154 | 0.26305534 | 0.28145070 | 0.27891933 | 0.26789751 | 0.26434583 | 0.26653719 | 0.01041462
Load 131 | 0.25836576 | 0.29662921 | 0.28576850 | 0.27751019 | 0.27258506 | 0.28283979 | 0.29072774 | 0.28582117 | 0.26887519 | 0.27244937 | 0.25982704 | 0.27389498 | 0.25244236 | 0.29345455 | 0.25366955 | 0.28295581 | 0.26406926 | 0.26709726 | 0.29238885 | 0.26386233 | 0.27476170 | 0.01332087
Load 132 | 0.25907528 | 0.28670520 | 0.26633359 | 0.27598964 | 0.26852559 | 0.27307110 | 0.28337771 | 0.28306780 | 0.28204173 | 0.28555347 | 0.28522598 | 0.23920520 | 0.25234375 | 0.28872974 | 0.25028528 | 0.28944381 | 0.26549708 | 0.26739215 | 0.27636087 | 0.27300971 | 0.27256173 | 0.01369445
Load 133 | 0.29860088 | 0.28516820 | 0.27493559 | 0.29727768 | 0.27321157 | 0.27096774 | 0.29480864 | 0.29425028 | 0.25245654 | 0.29869159 | 0.28875607 | 0.28291747 | 0.27076223 | 0.28752801 | 0.25775927 | 0.29328494 | 0.27765237 | 0.29977376 | 0.33296983 | 0.26382189 | 0.28477973 | 0.01769234
Load 134 | 0.31172258 | 0.29842549 | 0.28195628 | 0.30930931 | 0.27997022 | 0.29118199 | 0.28839655 | 0.30252708 | 0.30556579 | 0.28587361 | 0.28464699 | 0.27419355 | 0.28890544 | 0.26719577 | 0.27769347 | 0.29171354 | 0.28623585 | 0.28528641 | 0.28043724 | 0.30560514 | 0.28984211 | 0.01188738
Load 135 | 0.27598021 | 0.28857567 | 0.30329996 | 0.29804913 | 0.28858815 | 0.28624813 | 0.26892950 | 0.29381632 | 0.30525929 | 0.29716629 | 0.31236203 | 0.30891239 | 0.27175120 | 0.26971912 | 0.27330350 | 0.30412926 | 0.29791066 | 0.27650806 | 0.28226691 | 0.31089978 | 0.29068378 | 0.01416228
Load 136 | 0.28967814 | 0.30025081 | 0.29203540 | 0.30723117 | 0.31976093 | 0.28795049 | 0.28002921 | 0.28635180 | 0.29956108 | 0.31323529 | 0.29299820 | 0.30913780 | 0.28852839 | 0.30115113 | 0.29229042 | 0.31747748 | 0.28717574 | 0.27405781 | 0.31428571 | 0.29914530 | 0.29761662 | 0.01240462
Load 137 | 0.30579122 | 0.29567054 | 0.33041575 | 0.30685921 | 0.30058437 | 0.30208333 | 0.31565747 | 0.30130058 | 0.34251101 | 0.28934759 | 0.30151297 | 0.30960086 | 0.32969355 | 0.30182482 | 0.30530035 | 0.30010913 | 0.29172932 | 0.28342644 | 0.29430492 | 0.28216374 | 0.30449436 | 0.01498986
Load 138 | 0.31575221 | 0.31647399 | 0.32640631 | 0.31654162 | 0.32517986 | 0.31823164 | 0.27696902 | 0.31229236 | 0.31613136 | 0.32122093 | 0.31686662 | 0.28608924 | 0.32159211 | 0.31684588 | 0.31240981 | 0.31368268 | 0.32305978 | 0.30441070 | 0.30067209 | 0.29471398 | 0.31177711 | 0.01269596
Load 139 | 0.30149471 | 0.30258841 | 0.32145403 | 0.30332610 | 0.30615217 | 0.29529712 | 0.29225852 | 0.33274336 | 0.31866520 | 0.31119746 | 0.32017076 | 0.31291269 | 0.30168398 | 0.30528169 | 0.31406480 | 0.30107143 | 0.32748948 | 0.28159240 | 0.31403509 | 0.34650997 | 0.31049947 | 0.01449010
Load 140 | 0.29905230 | 0.29244604 | 0.30244253 | 0.32738944 | 0.29339143 | 0.32038489 | 0.32985023 | 0.30848057 | 0.32840549 | 0.33947939 | 0.30406386 | 0.32253420 | 0.34891959 | 0.30644044 | 0.32838983 | 0.29597915 | 0.28764551 | 0.29463630 | 0.29267412 | 0.32112376 | 0.31218645 | 0.01745555
Load 141 | 0.33755720 | 0.31367008 | 0.31009702 | 0.34181942 | 0.30419075 | 0.33333333 | 0.33096338 | 0.32914923 | 0.33088235 | 0.32441230 | 0.32074127 | 0.31455563 | 0.32871012 | 0.30715532 | 0.32049948 | 0.31490909 | 0.31183179 | 0.33119201 | 0.30695867 | 0.33509514 | 0.32238618 | 0.01110234
Load 142 | 0.30433239 | 0.32493094 | 0.32701930 | 0.31734838 | 0.34061741 | 0.32785127 | 0.31739284 | 0.32748747 | 0.30063966 | 0.32264808 | 0.34437086 | 0.35022879 | 0.30628366 | 0.32773109 | 0.33064516 | 0.31895332 | 0.34295652 | 0.34610028 | 0.28863719 | 0.32830056 | 0.32472376 | 0.01571945
Load 143 | 0.31092138 | 0.31577099 | 0.32766825 | 0.31480170 | 0.31623629 | 0.31546392 | 0.33118971 | 0.34452909 | 0.33310105 | 0.31940510 | 0.35534591 | 0.34750527 | 0.28888889 | 0.35113438 | 0.34950120 | 0.34623359 | 0.32729906 | 0.33615819 | 0.31980743 | 0.32634833 | 0.32886549 | 0.01643800
Load 144 | 0.35395783 | 0.32967422 | 0.33129252 | 0.33240997 | 0.34480409 | 0.31762223 | 0.34989576 | 0.36366689 | 0.32860520 | 0.33448514 | 0.34270463 | 0.33379986 | 0.34185412 | 0.31438849 | 0.36762735 | 0.33253995 | 0.32086683 | 0.33238129 | 0.32631954 | 0.34850543 | 0.33737007 | 0.01386790
Load 145 | 0.31687953 | 0.35423846 | 0.34549209 | 0.31520991 | 0.35090153 | 0.35364146 | 0.35987590 | 0.32552532 | 0.37023533 | 0.33056708 | 0.32461646 | 0.32950991 | 0.32260322 | 0.34202184 | 0.31651376 | 0.34437751 | 0.34087744 | 0.33723331 | 0.34053677 | 0.33463449 | 0.33777457 | 0.01492867
Load 146 | 0.33949983 | 0.35640254 | 0.33037543 | 0.31971154 | 0.34595346 | 0.36067227 | 0.33321739 | 0.34329395 | 0.32023851 | 0.34013841 | 0.34824501 | 0.36597938 | 0.35272484 | 0.34345157 | 0.33391977 | 0.35972927 | 0.35037274 | 0.31548894 | 0.35061813 | 0.36512171 | 0.34375773 | 0.01448534
Load 147 | 0.35147693 | 0.35110357 | 0.35050167 | 0.33586275 | 0.35972696 | 0.35663144 | 0.35218422 | 0.34254889 | 0.31284530 | 0.34886863 | 0.34462894 | 0.33830003 | 0.34277048 | 0.36039604 | 0.34381479 | 0.34726027 | 0.36225008 | 0.35229231 | 0.36026936 | 0.34603911 | 0.34798859 | 0.01084329
Load 148 | 0.37307061 | 0.32713499 | 0.37921993 | 0.35658663 | 0.36796537 | 0.35012073 | 0.35585586 | 0.34571997 | 0.36472603 | 0.36107337 | 0.33497019 | 0.34601389 | 0.32670933 | 0.34254889 | 0.36366656 | 0.35541753 | 0.36294332 | 0.33390003 | 0.36064473 | 0.34441088 | 0.35263494 | 0.01441426
Load 149 | 0.36342894 | 0.37999317 | 0.36834971 | 0.37491616 | 0.35183968 | 0.34803256 | 0.35338866 | 0.38098519 | 0.35327351 | 0.34339748 | 0.38172757 | 0.33067591 | 0.32356096 | 0.34862693 | 0.36314546 | 0.34896873 | 0.36191122 | 0.34664861 | 0.38684211 | 0.34268334 | 0.35761980 | 0.01692362
Load 150 | 0.33992746 | 0.36880370 | 0.34521008 | 0.35625629 | 0.37294394 | 0.36204620 | 0.33989326 | 0.36610394 | 0.35008606 | 0.35199464 | 0.34823285 | 0.33355526 | 0.34324866 | 0.36081794 | 0.34186047 | 0.35529891 | 0.34404601 | 0.35543157 | 0.34439973 | 0.35936987 | 0.35197634 | 0.01046567
Load 151 | 0.35735439 | 0.36666667 | 0.37154555 | 0.36969112 | 0.36857515 | 0.36164476 | 0.35328947 | 0.36450131 | 0.34268126 | 0.38181818 | 0.37398638 | 0.33634236 | 0.37475602 | 0.35860927 | 0.36591061 | 0.35411804 | 0.34360504 | 0.36102965 | 0.36251664 | 0.36565189 | 0.36171469 | 0.01115796
Load 152 | 0.35528877 | 0.39474538 | 0.37859948 | 0.36610608 | 0.37512243 | 0.35130719 | 0.36649042 | 0.36110231 | 0.34347826 | 0.36496588 | 0.34288570 | 0.35530179 | 0.35051206 | 0.36899636 | 0.35428382 | 0.34413632 | 0.37249284 | 0.34952767 | 0.39126117 | 0.35528942 | 0.36209467 | 0.01450100
Load 153 | 0.35958005 | 0.38503708 | 0.35598276 | 0.37070350 | 0.38499345 | 0.36720257 | 0.37347767 | 0.36315441 | 0.37304178 | 0.37655776 | 0.36592642 | 0.37811104 | 0.38011696 | 0.36890646 | 0.37872477 | 0.36814958 | 0.37873016 | 0.38636364 | 0.35538040 | 0.34060567 | 0.37053731 | 0.01130698
Load 154 | 0.36228534 | 0.37354839 | 0.35431235 | 0.37899543 | 0.34714696 | 0.36651285 | 0.35417996 | 0.36495868 | 0.34641583 | 0.37520286 | 0.37467277 | 0.35676913 | 0.34993573 | 0.37690840 | 0.34141481 | 0.37889383 | 0.38738739 | 0.36131983 | 0.36294834 | 0.37516426 | 0.36444866 | 0.01259690
Load 155 | 0.37929905 | 0.36109345 | 0.37297297 | 0.36730707 | 0.37942441 | 0.39748549 | 0.36068264 | 0.36984957 | 0.35672891 | 0.36078180 | 0.38828707 | 0.36795158 | 0.37838710 | 0.37199480 | 0.36432326 | 0.39856021 | 0.38818974 | 0.40128000 | 0.37835249 | 0.39170361 | 0.37673276 | 0.01337620
Load 156 | 0.36053985 | 0.39582014 | 0.39332273 | 0.38139685 | 0.37523931 | 0.36592449 | 0.37268666 | 0.37924345 | 0.36277085 | 0.36360698 | 0.38336052 | 0.36555024 | 0.38240979 | 0.37916929 | 0.37848855 | 0.37601297 | 0.36797934 | 0.40202917 | 0.39859470 | 0.38483412 | 0.37844900 | 0.01192561
Load 157 | 0.38468839 | 0.37838699 | 0.36671949 | 0.39095829 | 0.38629185 | 0.37937619 | 0.39085307 | 0.37382267 | 0.39235040 | 0.37306202 | 0.38312943 | 0.38782156 | 0.36555990 | 0.38630731 | 0.39165132 | 0.38270440 | 0.38551921 | 0.38843236 | 0.39875000 | 0.37433821 | 0.38303615 | 0.00860462
Load 158 | 0.37220603 | 0.40723418 | 0.39089735 | 0.38068360 | 0.36720698 | 0.41002139 | 0.40590743 | 0.36366489 | 0.41513032 | 0.36511480 | 0.39054808 | 0.39669679 | 0.41744448 | 0.40193327 | 0.40802037 | 0.40906250 | 0.37201805 | 0.35310914 | 0.37960610 | 0.39905363 | 0.39027797 | 0.01913193
Load 159 | 0.40131992 | 0.35601419 | 0.39106145 | 0.39116719 | 0.36173740 | 0.38570977 | 0.40528771 | 0.37744313 | 0.38904717 | 0.38768933 | 0.37547893 | 0.38490685 | 0.38392283 | 0.40877032 | 0.38777459 | 0.38394357 | 0.41368388 | 0.37142857 | 0.38485804 | 0.37034680 | 0.38557958 | 0.01431063
Load 160 | 0.37584929 | 0.39187140 | 0.40463514 | 0.39930883 | 0.41296821 | 0.40643365 | 0.38826547 | 0.40055590 | 0.40484960 | 0.37024000 | 0.37480064 | 0.40983103 | 0.38873061 | 0.38335855 | 0.39544195 | 0.38843236 | 0.40156986 | 0.39743590 | 0.37388906 | 0.38321853 | 0.39258430 | 0.01243143
Load 161 | 0.39293668 | 0.39151369 | 0.39904459 | 0.38497800 | 0.39446036 | 0.42097123 | 0.42444444 | 0.40279938 | 0.37440908 | 0.39024390 | 0.37642225 | 0.40308166 | 0.40683708 | 0.38785475 | 0.38454376 | 0.38916877 | 0.39529915 | 0.41703193 | 0.39648131 | 0.38053649 | 0.39565293 | 0.01344569
Load 162 | 0.38826114 | 0.38926589 | 0.40940224 | 0.40769930 | 0.39064436 | 0.41729323 | 0.40092879 | 0.39192547 | 0.41669205 | 0.42269939 | 0.40978977 | 0.38470801 | 0.38021978 | 0.39151965 | 0.40242057 | 0.39051988 | 0.40468940 | 0.39576399 | 0.39135618 | 0.41585067 | 0.40008249 | 0.01204488
Load 163 | 0.41648723 | 0.38182953 | 0.41839220 | 0.39332096 | 0.40093313 | 0.40398551 | 0.37969231 | 0.42437856 | 0.40489870 | 0.39297608 | 0.41148325 | 0.41139832 | 0.39745973 | 0.40996979 | 0.41993865 | 0.41961515 | 0.37993166 | 0.42613463 | 0.41397849 | 0.39567233 | 0.40512381 | 0.01415351
Load 164 | 0.43282693 | 0.42542271 | 0.39895577 | 0.41985428 | 0.40236866 | 0.40297122 | 0.41820381 | 0.40305486 | 0.39242471 | 0.41047904 | 0.41289934 | 0.41898928 | 0.42061611 | 0.38551258 | 0.41129771 | 0.40879729 | 0.39231000 | 0.38702801 | 0.41674536 | 0.39993795 | 0.40803478 | 0.01269870
Load 165 | 0.40173757 | 0.39500000 | 0.40548780 | 0.41206792 | 0.39505787 | 0.41231231 | 0.41335740 | 0.43913436 | 0.40600122 | 0.43340381 | 0.41036717 | 0.39722725 | 0.39907550 | 0.41079952 | 0.41001192 | 0.39763421 | 0.42498488 | 0.42341258 | 0.38743300 | 0.40217064 | 0.40883385 | 0.01295052
Load 166 | 0.40900679 | 0.42815077 | 0.41738871 | 0.42054671 | 0.41187271 | 0.40133779 | 0.41134328 | 0.42126348 | 0.42155977 | 0.40842491 | 0.42094334 | 0.42026826 | 0.41842264 | 0.41026429 | 0.41574046 | 0.41608709 | 0.41661595 | 0.42192192 | 0.39856802 | 0.40311005 | 0.41464185 | 0.00754627
Load 167 | 0.42129208 | 0.41624815 | 0.41604755 | 0.40778443 | 0.41465649 | 0.43084167 | 0.41968292 | 0.40179678 | 0.40544629 | 0.43448276 | 0.40575367 | 0.41696751 | 0.41232795 | 0.42155689 | 0.40687593 | 0.39498525 | 0.42303138 | 0.40464695 | 0.40626902 | 0.43684517 | 0.41487694 | 0.01082453
Load 168 | 0.41358982 | 0.40551765 | 0.42390653 | 0.42532089 | 0.42086113 | 0.43171934 | 0.40611225 | 0.42672160 | 0.42314436 | 0.42903800 | 0.41054840 | 0.40812614 | 0.43206522 | 0.42980626 | 0.40279845 | 0.41149635 | 0.42979351 | 0.42439310 | 0.41800643 | 0.41694202 | 0.41949537 | 0.00928927
Load 169 | 0.41634587 | 0.42705570 | 0.43810079 | 0.42620526 | 0.41280094 | 0.40943728 | 0.42129630 | 0.40312406 | 0.43602744 | 0.43934522 | 0.39593614 | 0.42214328 | 0.41787004 | 0.44028571 | 0.42877823 | 0.42517314 | 0.41391615 | 0.44141298 | 0.41513416 | 0.43182482 | 0.42311068 | 0.01240827
Load 170 | 0.42117578 | 0.43976778 | 0.42487504 | 0.40311673 | 0.43710145 | 0.44382517 | 0.42661098 | 0.42562724 | 0.44591866 | 0.43446821 | 0.44506463 | 0.44644936 | 0.43383199 | 0.42381373 | 0.40929010 | 0.42218299 | 0.43376389 | 0.43212405 | 0.43205051 | 0.42462968 | 0.43028440 | 0.01131013
Load 171 | 0.42637235 | 0.42656113 | 0.42660819 | 0.42910880 | 0.40883816 | 0.43991970 | 0.40903790 | 0.41306919 | 0.41608796 | 0.41786659 | 0.40905031 | 0.43081853 | 0.42970822 | 0.43315202 | 0.40377247 | 0.41996558 | 0.42616159 | 0.43669560 | 0.44100467 | 0.42865346 | 0.42362262 | 0.01062438
Load 172 | 0.44584527 | 0.44268888 | 0.44080307 | 0.40628743 | 0.43461763 | 0.41802326 | 0.42648348 | 0.40365598 | 0.42491166 | 0.44179443 | 0.43621040 | 0.42513917 | 0.42368497 | 0.43381924 | 0.44282805 | 0.42453917 | 0.44210214 | 0.41479485 | 0.41144019 | 0.42795637 | 0.42838128 | 0.01247427
Load 173 | 0.43312666 | 0.46543385 | 0.44447649 | 0.44847808 | 0.43364713 | 0.44323266 | 0.44082232 | 0.44942806 | 0.42865636 | 0.45747126 | 0.43090154 | 0.43873979 | 0.44581136 | 0.43015456 | 0.43926310 | 0.45108225 | 0.44339080 | 0.43382133 | 0.44262774 | 0.44294926 | 0.44217573 | 0.00913611
Load 174 | 0.43362581 | 0.43392960 | 0.43670708 | 0.42303274 | 0.43405963 | 0.44178765 | 0.41784580 | 0.45141243 | 0.45418440 | 0.43546545 | 0.43479532 | 0.44434858 | 0.43015780 | 0.42045784 | 0.45045045 | 0.43922811 | 0.44526409 | 0.43093270 | 0.44881890 | 0.44146202 | 0.43739832 | 0.00986544
Load 175 | 0.42685076 | 0.45439284 | 0.43065903 | 0.44586530 | 0.42578456 | 0.43882592 | 0.45624817 | 0.44336938 | 0.42925999 | 0.42849019 | 0.44312729 | 0.43327606 | 0.42360915 | 0.44133756 | 0.43609023 | 0.43610953 | 0.44100802 | 0.45409836 | 0.41800835 | 0.44913573 | 0.43777732 | 0.01061197
Load 176 | 0.43853727 | 0.42415651 | 0.46372606 | 0.44735311 | 0.44237385 | 0.44140969 | 0.43657475 | 0.43604980 | 0.44871433 | 0.45352744 | 0.44578313 | 0.44077834 | 0.43375944 | 0.42207053 | 0.44181460 | 0.45606936 | 0.45353056 | 0.44463134 | 0.45503394 | 0.45005774 | 0.44379759 | 0.01015698
Load 177 | 0.46209994 | 0.45677603 | 0.43341744 | 0.45291739 | 0.46440307 | 0.45298673 | 0.43630664 | 0.44450688 | 0.45772266 | 0.45904869 | 0.45767045 | 0.46636389 | 0.45061728 | 0.45903479 | 0.44374822 | 0.44170213 | 0.45436338 | 0.44678461 | 0.44798658 | 0.43997735 | 0.45142171 | 0.00911429
Load 178 | 0.43696763 | 0.46427586 | 0.44331354 | 0.42817059 | 0.45319922 | 0.43356643 | 0.42703800 | 0.45324564 | 0.45664575 | 0.45311607 | 0.43929668 | 0.44000000 | 0.45344018 | 0.43711224 | 0.44213819 | 0.46338028 | 0.44908180 | 0.46897138 | 0.44346143 | 0.45261984 | 0.44695204 | 0.01145586
Load 179 | 0.45060310 | 0.45848787 | 0.46899114 | 0.47079314 | 0.46181616 | 0.46447332 | 0.43485523 | 0.45146036 | 0.44618006 | 0.45762230 | 0.48423673 | 0.46581660 | 0.46591549 | 0.46716336 | 0.43561340 | 0.46605708 | 0.46475270 | 0.45421245 | 0.47034368 | 0.45872576 | 0.45990600 | 0.01165447
Load 180 | 0.45065431 | 0.45100223 | 0.45744974 | 0.45658186 | 0.46010420 | 0.45100824 | 0.45262870 | 0.44116821 | 0.46732294 | 0.43110618 | 0.44900285 | 0.44708129 | 0.44471812 | 0.48053393 | 0.44974300 | 0.45905707 | 0.44663242 | 0.48206402 | 0.46314631 | 0.45953286 | 0.45502692 | 0.01182139
Load 181 | 0.46537396 | 0.46482759 | 0.43098670 | 0.46961782 | 0.46355446 | 0.46381215 | 0.45761317 | 0.44695321 | 0.46093531 | 0.44786663 | 0.45391024 | 0.46697223 | 0.47358121 | 0.47245409 | 0.48086701 | 0.47263817 | 0.46307217 | 0.47892304 | 0.45215506 | 0.46130543 | 0.46237098 | 0.01156801
Load 182 | 0.47805686 | 0.43552448 | 0.46552209 | 0.47311828 | 0.45407184 | 0.44961454 | 0.44765343 | 0.45163074 | 0.45474923 | 0.48052646 | 0.46849315 | 0.45797740 | 0.46979866 | 0.44401756 | 0.46113561 | 0.44460107 | 0.46019365 | 0.45710383 | 0.46574601 | 0.45444802 | 0.45869914 | 0.01150345
Load 183 | 0.45912469 | 0.45691275 | 0.44857462 | 0.46963563 | 0.46946670 | 0.48044397 | 0.46711230 | 0.48001080 | 0.46760408 | 0.44065903 | 0.47340574 | 0.44263699 | 0.45630803 | 0.46107784 | 0.46456901 | 0.48892989 | 0.45444413 | 0.46216658 | 0.45521334 | 0.46681602 | 0.46325561 | 0.01198106
Load 184 | 0.46628131 | 0.47499338 | 0.45269698 | 0.47325212 | 0.45947426 | 0.45893588 | 0.46923077 | 0.46561413 | 0.45721206 | 0.47001882 | 0.46833013 | 0.47089655 | 0.45065698 | 0.46611342 | 0.46979310 | 0.48287113 | 0.48014725 | 0.44927130 | 0.47060417 | 0.46803345 | 0.46622136 | 0.00887461
Load 185 | 0.46340151 | 0.46407186 | 0.47555205 | 0.45548317 | 0.45067326 | 0.46664895 | 0.45744111 | 0.46232784 | 0.47545008 | 0.47281580 | 0.45949607 | 0.47141316 | 0.46872439 | 0.47611248 | 0.46101418 | 0.46079780 | 0.46531396 | 0.45998911 | 0.46789488 | 0.45931185 | 0.46469668 | 0.00690762
Load 186 | 0.49253731 | 0.47652081 | 0.48150078 | 0.46545455 | 0.47860027 | 0.45967961 | 0.48938957 | 0.47315789 | 0.46938225 | 0.48680042 | 0.48965888 | 0.46820809 | 0.47053872 | 0.47401191 | 0.48132337 | 0.48744113 | 0.48406267 | 0.47726027 | 0.47438578 | 0.46317777 | 0.47715460 | 0.00917437
Load 187 | 0.46567968 | 0.45180559 | 0.49136126 | 0.47426182 | 0.47968952 | 0.48466579 | 0.47991654 | 0.47635403 | 0.47789025 | 0.49265477 | 0.47527174 | 0.46728972 | 0.47777183 | 0.46288210 | 0.47787372 | 0.48238696 | 0.48314015 | 0.47944122 | 0.46618162 | 0.48338608 | 0.47649522 | 0.00954147
Load 188 | 0.47410571 | 0.47510482 | 0.48762110 | 0.46353066 | 0.46308360 | 0.49625032 | 0.50246561 | 0.47864583 | 0.48551913 | 0.47316456 | 0.47541422 | 0.47136327 | 0.47289318 | 0.50521530 | 0.49704901 | 0.47954903 | 0.48005319 | 0.47572314 | 0.46906399 | 0.47868166 | 0.48022487 | 0.01169063
Load 189 | 0.48543689 | 0.47914467 | 0.48913620 | 0.50191571 | 0.46032993 | 0.48712559 | 0.47718280 | 0.46020856 | 0.47320955 | 0.48853333 | 0.50567303 | 0.46248660 | 0.48517659 | 0.47422680 | 0.48567604 | 0.46240088 | 0.47330867 | 0.47159091 | 0.48098610 | 0.47520661 | 0.47894777 | 0.01231970
Load 190 | 0.46998617 | 0.48450630 | 0.50103573 | 0.48256735 | 0.50000000 | 0.49045442 | 0.44927923 | 0.49721707 | 0.48917862 | 0.45966880 | 0.48685218 | 0.49616504 | 0.47748222 | 0.47635048 | 0.47488706 | 0.45867441 | 0.46977874 | 0.49880984 | 0.48400413 | 0.48287762 | 0.48148877 | 0.01425461
Load 191 | 0.48361895 | 0.49175336 | 0.48861284 | 0.49194387 | 0.49375000 | 0.48089254 | 0.47269353 | 0.49532953 | 0.48771267 | 0.47755418 | 0.48364666 | 0.48697917 | 0.49301826 | 0.48203670 | 0.49598342 | 0.48202363 | 0.49192246 | 0.49124183 | 0.48103226 | 0.48658699 | 0.48691664 | 0.00617719
Load 192 | 0.49585062 | 0.47854077 | 0.47312961 | 0.46944818 | 0.48537268 | 0.48277676 | 0.47724839 | 0.47886584 | 0.48273071 | 0.47720042 | 0.49053586 | 0.48458725 | 0.48291156 | 0.49240042 | 0.49108590 | 0.48678756 | 0.50064616 | 0.50157812 | 0.49266247 | 0.49338422 | 0.48588718 | 0.00858511
Load 193 | 0.48119724 | 0.48349117 | 0.49523052 | 0.49426785 | 0.48068212 | 0.49041656 | 0.48633880 | 0.49910919 | 0.47369792 | 0.50025733 | 0.47135279 | 0.48855954 | 0.49781435 | 0.50759109 | 0.50597092 | 0.48679739 | 0.49157813 | 0.48895098 | 0.50928249 | 0.48412903 | 0.49083577 | 0.01025015
Load 194 | 0.48515112 | 0.50089354 | 0.48119122 | 0.49611198 | 0.49480618 | 0.48963193 | 0.49730838 | 0.49162437 | 0.48685218 | 0.48947098 | 0.49782442 | 0.48898566 | 0.49767562 | 0.47865695 | 0.48124836 | 0.50244279 | 0.48958608 | 0.48401468 | 0.49709456 | 0.48984315 | 0.49102071 | 0.00668344
Load 195 | 0.50516987 | 0.49870265 | 0.47752663 | 0.49588054 | 0.48597890 | 0.50586735 | 0.48816645 | 0.49883691 | 0.49835151 | 0.50128469 | 0.48833632 | 0.50413845 | 0.46931408 | 0.49618126 | 0.49596571 | 0.50063792 | 0.47873163 | 0.50324929 | 0.50079323 | 0.48194946 | 0.49375314 | 0.01015419
Load 196 | 0.51741418 | 0.48868548 | 0.49412666 | 0.50012713 | 0.49740260 | 0.51595878 | 0.49410861 | 0.51572008 | 0.51133501 | 0.48642477 | 0.47803210 | 0.50800207 | 0.48031291 | 0.48675752 | 0.50489438 | 0.48724691 | 0.49439601 | 0.48636130 | 0.48744611 | 0.52071446 | 0.49777335 | 0.01288977
Load 197 | 0.49190283 | 0.51221336 | 0.49479979 | 0.49608091 | 0.48091411 | 0.48978028 | 0.50315100 | 0.50945324 | 0.50115001 | 0.50156986 | 0.51380796 | 0.50025100 | 0.49689749 | 0.51386089 | 0.51532810 | 0.50881612 | 0.47774869 | 0.51275575 | 0.51596553 | 0.49623683 | 0.50163419 | 0.01097167
Load 198 | 0.51255389 | 0.49874561 | 0.49530814 | 0.50280183 | 0.50553877 | 0.51333167 | 0.49782442 | 0.49691282 | 0.49705355 | 0.49066599 | 0.51542829 | 0.51552328 | 0.50582573 | 0.50344828 | 0.48778626 | 0.50025628 | 0.50102669 | 0.49133819 | 0.50310405 | 0.49067358 | 0.50125737 | 0.00813226
Load 199 | 0.48647282 | 0.51471679 | 0.51242924 | 0.53393439 | 0.49202393 | 0.50063179 | 0.49594296 | 0.51292552 | 0.49987724 | 0.50819672 | 0.49593702 | 0.50290477 | 0.49775449 | 0.49330639 | 0.50959860 | 0.50958427 | 0.50333745 | 0.50115592 | 0.49471831 | 0.50178299 | 0.50336158 | 0.01023883
Load 200 | 0.50319882 | 0.52253591 | 0.52609957 | 0.51074339 | 0.50788091 | 0.50012460 | 0.52156766 | 0.53168927 | 0.50491803 | 0.50263488 | 0.51714779 | 0.47891190 | 0.51038866 | 0.51401161 | 0.49912522 | 0.50973146 | 0.51125245 | 0.50489581 | 0.50153218 | 0.52103396 | 0.50997120 | 0.01145135
