# Resultados para rota [0,6] 
# Formato: Load Probabilidade_Media Desvio_Padrao
1 0.049241 0.082807
2 0.103065 0.096575
3 0.123485 0.091254
4 0.113386 0.097239
5 0.163330 0.093721
6 0.183190 0.110040
7 0.157930 0.094359
8 0.217270 0.095063
9 0.238307 0.096481
10 0.275190 0.074869
11 0.293267 0.079031
12 0.342331 0.121077
13 0.280240 0.107797
14 0.309552 0.074864
15 0.380275 0.090977
16 0.328823 0.102631
17 0.364039 0.095079
18 0.385051 0.067999
19 0.438150 0.088989
20 0.378097 0.092376
21 0.417799 0.089019
22 0.416897 0.066459
23 0.404034 0.071942
24 0.434568 0.073675
25 0.409070 0.088097
26 0.450744 0.083651
27 0.439082 0.085370
28 0.459438 0.080722
29 0.475214 0.075940
30 0.469278 0.075909
31 0.496349 0.081584
32 0.474147 0.070464
33 0.459862 0.067141
34 0.489513 0.079325
35 0.519697 0.074014
36 0.512318 0.063465
37 0.481041 0.095124
38 0.494080 0.076931
39 0.502282 0.081790
40 0.531367 0.057372
41 0.535750 0.056991
42 0.549644 0.058696
43 0.546224 0.046574
44 0.555897 0.074543
45 0.543443 0.063531
46 0.542135 0.052439
47 0.551571 0.055115
48 0.565563 0.074044
49 0.559791 0.056010
50 0.558139 0.049303
51 0.559382 0.050814
52 0.562511 0.055822
53 0.558383 0.075616
54 0.594473 0.050328
55 0.572358 0.048004
56 0.571082 0.066597
57 0.595508 0.072402
58 0.588992 0.043772
59 0.597902 0.056165
60 0.590181 0.046525
61 0.584883 0.046490
62 0.580186 0.050629
63 0.628583 0.044202
64 0.589944 0.055339
65 0.584481 0.045877
66 0.608799 0.057332
67 0.583705 0.067175
68 0.632149 0.045703
69 0.612492 0.046710
70 0.603568 0.058138
71 0.612685 0.040671
72 0.595792 0.054555
73 0.605760 0.048405
74 0.609962 0.059611
75 0.610939 0.046320
76 0.628509 0.056275
77 0.629105 0.047886
78 0.620285 0.050422
79 0.628883 0.060090
80 0.626187 0.040109
81 0.626130 0.044775
82 0.642108 0.044029
83 0.620910 0.054256
84 0.624261 0.051973
85 0.655817 0.037052
86 0.637803 0.051735
87 0.641050 0.048991
88 0.636715 0.031344
89 0.643738 0.044260
90 0.625453 0.039271
91 0.625638 0.048738
92 0.627892 0.040590
93 0.626828 0.069302
94 0.629315 0.038008
95 0.640197 0.045811
96 0.613783 0.041004
97 0.622220 0.048922
98 0.637767 0.038517
99 0.642088 0.045093
100 0.632448 0.045573
101 0.654983 0.046761
102 0.641292 0.053740
103 0.638862 0.046381
104 0.651817 0.048250
105 0.653654 0.036535
106 0.644491 0.042379
107 0.646606 0.051648
108 0.661802 0.048778
109 0.662609 0.042101
110 0.656728 0.047144
111 0.670901 0.037146
112 0.655052 0.049792
113 0.646972 0.050991
114 0.651414 0.035978
115 0.648149 0.039520
116 0.670616 0.052280
117 0.671756 0.041933
118 0.672105 0.046581
119 0.653197 0.041788
120 0.656261 0.030720
121 0.655446 0.043673
122 0.665515 0.041168
123 0.667383 0.041216
124 0.662163 0.045803
125 0.672294 0.037019
126 0.681222 0.049167
127 0.649335 0.032943
128 0.686135 0.031708
129 0.658342 0.032748
130 0.667625 0.039660
131 0.671657 0.034672
132 0.678844 0.046755
133 0.673809 0.038726
134 0.669060 0.037979
135 0.664006 0.031796
136 0.668990 0.048361
137 0.668629 0.041346
138 0.672673 0.038871
139 0.674151 0.057058
140 0.665591 0.043678
141 0.678308 0.030007
142 0.669634 0.031394
143 0.689126 0.030980
144 0.691550 0.030514
145 0.683315 0.039895
146 0.674718 0.038368
147 0.675134 0.036857
148 0.680810 0.038224
149 0.688002 0.034134
150 0.664804 0.044109
151 0.684991 0.032157
152 0.682869 0.043047
153 0.686010 0.038357
154 0.679047 0.036821
155 0.697711 0.046286
156 0.682735 0.043753
157 0.671022 0.032533
158 0.687540 0.033536
159 0.688330 0.036645
160 0.693745 0.034406
161 0.679273 0.048106
162 0.679431 0.041442
163 0.678482 0.042285
164 0.683824 0.030562
165 0.683041 0.049021
166 0.688494 0.028515
167 0.682533 0.041166
168 0.689455 0.034510
169 0.677754 0.031075
170 0.685790 0.025829
171 0.694461 0.031727
172 0.683465 0.040343
173 0.691665 0.026993
174 0.677682 0.049794
175 0.695620 0.020691
176 0.684917 0.029962
177 0.676726 0.041333
178 0.695695 0.042236
179 0.683969 0.032009
180 0.696047 0.043233
181 0.676997 0.027881
182 0.688362 0.036967
183 0.691838 0.032609
184 0.695517 0.028079
185 0.690140 0.035557
186 0.710987 0.039777
187 0.693395 0.034842
188 0.692372 0.032058
189 0.697161 0.030508
190 0.703472 0.024645
191 0.699191 0.033493
192 0.696084 0.030672
193 0.692574 0.036034
194 0.708908 0.033873
195 0.700976 0.030002
196 0.702723 0.035900
197 0.700855 0.030728
198 0.686403 0.035369
199 0.699391 0.030216
200 0.696447 0.030087
