# PSO - Todas as requisiﻝﺀes
# Load | [0,12] | [2,6] | [5,10] | [4,11] | [3,8] | Mﻠdia
1 | 0.000000 | 0.000000 | 0.000000 | 0.798750 | 0.000000 | 0.159750
2 | 0.000000 | 0.000000 | 0.000000 | 0.805625 | 0.000000 | 0.161125
3 | 0.000000 | 0.000000 | 0.000000 | 0.796250 | 0.000000 | 0.159250
4 | 0.000000 | 0.000000 | 0.000000 | 0.798125 | 0.000000 | 0.159625
5 | 0.000000 | 0.000000 | 0.000000 | 0.799375 | 0.000000 | 0.159875
6 | 0.000000 | 0.000000 | 0.000000 | 0.800313 | 0.000000 | 0.160063
7 | 0.000000 | 0.000000 | 0.000000 | 0.800938 | 0.000000 | 0.160188
8 | 0.000000 | 0.000000 | 0.000000 | 0.800313 | 0.000000 | 0.160063
9 | 0.000000 | 0.000000 | 0.000000 | 0.797187 | 0.000000 | 0.159437
10 | 0.000000 | 0.000000 | 0.000000 | 0.797188 | 0.000000 | 0.159438
11 | 0.000000 | 0.000000 | 0.000000 | 0.802188 | 0.000000 | 0.160438
12 | 0.000000 | 0.000000 | 0.000000 | 0.799063 | 0.000000 | 0.159812
13 | 0.000000 | 0.000000 | 0.000000 | 0.795625 | 0.000000 | 0.159125
14 | 0.000000 | 0.000000 | 0.000000 | 0.798437 | 0.000000 | 0.159687
15 | 0.000000 | 0.000000 | 0.000000 | 0.799687 | 0.000000 | 0.159938
16 | 0.000000 | 0.000000 | 0.000000 | 0.795000 | 0.000000 | 0.159000
17 | 0.000000 | 0.000000 | 0.000000 | 0.793438 | 0.000000 | 0.158688
18 | 0.000000 | 0.000000 | 0.000000 | 0.802500 | 0.000000 | 0.160500
19 | 0.000000 | 0.000000 | 0.000000 | 0.799375 | 0.000000 | 0.159875
20 | 0.000000 | 0.000000 | 0.000000 | 0.797812 | 0.000000 | 0.159562
21 | 0.000000 | 0.000000 | 0.000000 | 0.801562 | 0.000000 | 0.160312
22 | 0.000000 | 0.000000 | 0.000000 | 0.793125 | 0.000000 | 0.158625
23 | 0.000000 | 0.000000 | 0.000000 | 0.795625 | 0.000000 | 0.159125
24 | 0.000000 | 0.000000 | 0.000000 | 0.795313 | 0.000000 | 0.159063
25 | 0.000000 | 0.000000 | 0.000000 | 0.800937 | 0.000000 | 0.160187
26 | 0.000000 | 0.000000 | 0.000000 | 0.796563 | 0.000000 | 0.159313
27 | 0.000000 | 0.000000 | 0.000000 | 0.799063 | 0.000000 | 0.159812
28 | 0.000000 | 0.000000 | 0.000000 | 0.803438 | 0.000000 | 0.160688
29 | 0.000000 | 0.000000 | 0.000000 | 0.797813 | 0.000000 | 0.159563
30 | 0.000000 | 0.000000 | 0.000000 | 0.795000 | 0.000000 | 0.159000
31 | 0.000000 | 0.000000 | 0.000000 | 0.798437 | 0.000000 | 0.159687
32 | 0.000000 | 0.000000 | 0.000000 | 0.797187 | 0.000000 | 0.159437
33 | 0.000000 | 0.000000 | 0.000000 | 0.800625 | 0.000000 | 0.160125
34 | 0.000000 | 0.000000 | 0.000000 | 0.794063 | 0.000000 | 0.158813
35 | 0.000000 | 0.000000 | 0.000000 | 0.793750 | 0.000000 | 0.158750
36 | 0.000000 | 0.000000 | 0.000000 | 0.799688 | 0.000000 | 0.159938
37 | 0.000000 | 0.000000 | 0.000000 | 0.794063 | 0.000000 | 0.158813
38 | 0.000000 | 0.000000 | 0.000000 | 0.798438 | 0.000000 | 0.159688
39 | 0.000000 | 0.000000 | 0.000000 | 0.795625 | 0.000000 | 0.159125
40 | 0.000000 | 0.000000 | 0.000000 | 0.795625 | 0.000000 | 0.159125
41 | 0.000000 | 0.000000 | 0.000000 | 0.802187 | 0.000000 | 0.160437
42 | 0.000000 | 0.000000 | 0.000000 | 0.800937 | 0.000000 | 0.160187
43 | 0.000000 | 0.000000 | 0.000000 | 0.801875 | 0.000000 | 0.160375
44 | 0.000000 | 0.000000 | 0.000000 | 0.797500 | 0.000000 | 0.159500
45 | 0.000000 | 0.000000 | 0.000000 | 0.795312 | 0.000000 | 0.159062
46 | 0.000000 | 0.000000 | 0.000000 | 0.798125 | 0.000000 | 0.159625
47 | 0.000000 | 0.000000 | 0.000000 | 0.801250 | 0.000000 | 0.160250
48 | 0.000000 | 0.000000 | 0.000000 | 0.800000 | 0.000000 | 0.160000
49 | 0.000000 | 0.000000 | 0.000000 | 0.797813 | 0.000000 | 0.159562
50 | 0.000000 | 0.000000 | 0.000000 | 0.795625 | 0.000000 | 0.159125
51 | 0.000000 | 0.000000 | 0.000000 | 0.798438 | 0.000000 | 0.159688
52 | 0.000000 | 0.000000 | 0.000000 | 0.796562 | 0.000000 | 0.159312
53 | 0.000000 | 0.000000 | 0.000000 | 0.800313 | 0.000000 | 0.160063
54 | 0.000000 | 0.000000 | 0.000000 | 0.800625 | 0.000000 | 0.160125
55 | 0.000000 | 0.000000 | 0.000000 | 0.799687 | 0.000000 | 0.159937
56 | 0.000000 | 0.000000 | 0.000000 | 0.801250 | 0.000000 | 0.160250
57 | 0.000000 | 0.000000 | 0.000000 | 0.803125 | 0.000000 | 0.160625
58 | 0.000000 | 0.000000 | 0.000000 | 0.796875 | 0.000000 | 0.159375
59 | 0.000000 | 0.000000 | 0.000000 | 0.795312 | 0.000000 | 0.159062
60 | 0.000000 | 0.000000 | 0.000000 | 0.796875 | 0.000000 | 0.159375
61 | 0.000000 | 0.000000 | 0.000000 | 0.797187 | 0.000000 | 0.159437
62 | 0.000000 | 0.000000 | 0.000000 | 0.798125 | 0.000000 | 0.159625
63 | 0.000000 | 0.000000 | 0.000000 | 0.798750 | 0.000000 | 0.159750
64 | 0.000000 | 0.000000 | 0.000000 | 0.798438 | 0.000000 | 0.159688
65 | 0.000000 | 0.000000 | 0.000000 | 0.798438 | 0.000000 | 0.159688
66 | 0.000000 | 0.000000 | 0.000000 | 0.796250 | 0.000000 | 0.159250
67 | 0.000000 | 0.000000 | 0.000000 | 0.801875 | 0.000000 | 0.160375
68 | 0.000000 | 0.000000 | 0.000000 | 0.803125 | 0.000000 | 0.160625
69 | 0.000000 | 0.000000 | 0.000000 | 0.798125 | 0.000000 | 0.159625
70 | 0.000000 | 0.000000 | 0.000000 | 0.803125 | 0.000000 | 0.160625
71 | 0.000000 | 0.000000 | 0.000000 | 0.797500 | 0.000000 | 0.159500
72 | 0.000000 | 0.000000 | 0.000000 | 0.800937 | 0.000000 | 0.160187
73 | 0.000000 | 0.000000 | 0.000000 | 0.795937 | 0.000000 | 0.159187
74 | 0.000000 | 0.000000 | 0.000000 | 0.795000 | 0.000000 | 0.159000
75 | 0.000000 | 0.000000 | 0.000000 | 0.797813 | 0.000000 | 0.159562
76 | 0.000000 | 0.000000 | 0.000000 | 0.797813 | 0.000000 | 0.159563
77 | 0.000000 | 0.000000 | 0.000000 | 0.797812 | 0.000000 | 0.159562
78 | 0.000000 | 0.000000 | 0.000000 | 0.799063 | 0.000000 | 0.159812
79 | 0.000000 | 0.000000 | 0.000000 | 0.800312 | 0.000000 | 0.160062
80 | 0.000000 | 0.000000 | 0.000000 | 0.794375 | 0.000000 | 0.158875
81 | 0.000000 | 0.000000 | 0.000000 | 0.803750 | 0.000000 | 0.160750
82 | 0.000000 | 0.000000 | 0.000000 | 0.801250 | 0.000000 | 0.160250
83 | 0.000000 | 0.000000 | 0.000000 | 0.801250 | 0.000000 | 0.160250
84 | 0.000000 | 0.000000 | 0.000000 | 0.791250 | 0.000000 | 0.158250
85 | 0.000000 | 0.000000 | 0.000000 | 0.796562 | 0.000000 | 0.159312
86 | 0.000000 | 0.000000 | 0.000000 | 0.800312 | 0.000000 | 0.160062
87 | 0.000000 | 0.000000 | 0.000000 | 0.798438 | 0.000000 | 0.159688
88 | 0.000000 | 0.000000 | 0.000000 | 0.801875 | 0.000000 | 0.160375
89 | 0.000000 | 0.000000 | 0.000000 | 0.799687 | 0.000000 | 0.159938
90 | 0.000000 | 0.000000 | 0.000000 | 0.798125 | 0.000000 | 0.159625
91 | 0.000000 | 0.000000 | 0.000000 | 0.800312 | 0.000000 | 0.160062
92 | 0.000000 | 0.000000 | 0.000000 | 0.798438 | 0.000000 | 0.159688
93 | 0.000000 | 0.000000 | 0.000000 | 0.789688 | 0.000000 | 0.157938
94 | 0.000000 | 0.000000 | 0.000000 | 0.801250 | 0.000000 | 0.160250
95 | 0.000000 | 0.000000 | 0.000000 | 0.796250 | 0.000000 | 0.159250
96 | 0.000000 | 0.000000 | 0.000000 | 0.795312 | 0.000000 | 0.159062
97 | 0.000000 | 0.000000 | 0.000000 | 0.795313 | 0.000000 | 0.159063
98 | 0.000000 | 0.000000 | 0.000000 | 0.794687 | 0.000000 | 0.158938
99 | 0.000000 | 0.000000 | 0.000000 | 0.799375 | 0.000000 | 0.159875
100 | 0.000000 | 0.000000 | 0.000000 | 0.801875 | 0.000000 | 0.160375
101 | 0.000000 | 0.000000 | 0.000000 | 0.795312 | 0.000000 | 0.159062
102 | 0.000000 | 0.000000 | 0.000000 | 0.800000 | 0.000000 | 0.160000
103 | 0.000000 | 0.000000 | 0.000000 | 0.803437 | 0.000000 | 0.160687
104 | 0.000000 | 0.000000 | 0.000000 | 0.803437 | 0.000000 | 0.160687
105 | 0.000000 | 0.000000 | 0.000000 | 0.800000 | 0.000000 | 0.160000
106 | 0.000000 | 0.000000 | 0.000000 | 0.798750 | 0.000000 | 0.159750
107 | 0.000000 | 0.000000 | 0.000000 | 0.797187 | 0.000000 | 0.159437
108 | 0.000000 | 0.000000 | 0.000000 | 0.795938 | 0.000000 | 0.159188
109 | 0.000000 | 0.000000 | 0.000000 | 0.800312 | 0.000000 | 0.160062
110 | 0.000000 | 0.000000 | 0.000000 | 0.795937 | 0.000000 | 0.159187
111 | 0.000000 | 0.000000 | 0.000000 | 0.795625 | 0.000000 | 0.159125
112 | 0.000000 | 0.000000 | 0.000000 | 0.801250 | 0.000000 | 0.160250
113 | 0.000000 | 0.000000 | 0.000000 | 0.796875 | 0.000000 | 0.159375
114 | 0.000000 | 0.000000 | 0.000000 | 0.800000 | 0.000000 | 0.160000
115 | 0.000000 | 0.000000 | 0.000000 | 0.802500 | 0.000000 | 0.160500
116 | 0.000000 | 0.000000 | 0.000000 | 0.799063 | 0.000000 | 0.159812
117 | 0.000000 | 0.000000 | 0.000000 | 0.808437 | 0.000000 | 0.161687
118 | 0.000000 | 0.000000 | 0.000000 | 0.797188 | 0.000000 | 0.159438
119 | 0.000000 | 0.000000 | 0.000000 | 0.803125 | 0.000000 | 0.160625
120 | 0.000000 | 0.000000 | 0.000000 | 0.803125 | 0.000000 | 0.160625
121 | 0.000000 | 0.000000 | 0.000000 | 0.797188 | 0.000000 | 0.159438
122 | 0.000000 | 0.000000 | 0.000000 | 0.796875 | 0.000000 | 0.159375
123 | 0.000000 | 0.000000 | 0.000000 | 0.796250 | 0.000000 | 0.159250
124 | 0.000000 | 0.000000 | 0.000000 | 0.800625 | 0.000000 | 0.160125
125 | 0.000000 | 0.000000 | 0.000000 | 0.798750 | 0.000000 | 0.159750
126 | 0.000000 | 0.000000 | 0.000000 | 0.791875 | 0.000000 | 0.158375
127 | 0.000000 | 0.000000 | 0.000000 | 0.798125 | 0.000000 | 0.159625
128 | 0.000000 | 0.000000 | 0.000000 | 0.798750 | 0.000000 | 0.159750
129 | 0.000000 | 0.000000 | 0.000000 | 0.805938 | 0.000000 | 0.161188
130 | 0.000000 | 0.000000 | 0.000000 | 0.793750 | 0.000000 | 0.158750
131 | 0.000000 | 0.000000 | 0.000000 | 0.797813 | 0.000000 | 0.159562
132 | 0.000000 | 0.000000 | 0.000000 | 0.794687 | 0.000000 | 0.158938
133 | 0.000000 | 0.000000 | 0.000000 | 0.794375 | 0.000000 | 0.158875
134 | 0.000000 | 0.000000 | 0.000000 | 0.795312 | 0.000000 | 0.159062
135 | 0.000000 | 0.000000 | 0.000000 | 0.799375 | 0.000000 | 0.159875
136 | 0.000000 | 0.000000 | 0.000000 | 0.800312 | 0.000000 | 0.160062
137 | 0.000000 | 0.000000 | 0.000000 | 0.798438 | 0.000000 | 0.159688
138 | 0.000000 | 0.000000 | 0.000000 | 0.795000 | 0.000000 | 0.159000
139 | 0.000000 | 0.000000 | 0.000000 | 0.803750 | 0.000000 | 0.160750
140 | 0.000000 | 0.000000 | 0.000000 | 0.800625 | 0.000000 | 0.160125
141 | 0.000000 | 0.000000 | 0.000000 | 0.796250 | 0.000000 | 0.159250
142 | 0.000000 | 0.000000 | 0.000000 | 0.795625 | 0.000000 | 0.159125
143 | 0.000000 | 0.000000 | 0.000000 | 0.807188 | 0.000000 | 0.161438
144 | 0.000000 | 0.000000 | 0.000000 | 0.800313 | 0.000000 | 0.160063
145 | 0.000000 | 0.000000 | 0.000000 | 0.795937 | 0.000000 | 0.159187
146 | 0.000000 | 0.000000 | 0.000000 | 0.802500 | 0.000000 | 0.160500
147 | 0.000000 | 0.000000 | 0.000000 | 0.800313 | 0.000000 | 0.160063
148 | 0.000000 | 0.000000 | 0.000000 | 0.797188 | 0.000000 | 0.159438
149 | 0.000000 | 0.000000 | 0.000000 | 0.801875 | 0.000000 | 0.160375
150 | 0.000000 | 0.000000 | 0.000000 | 0.799375 | 0.000000 | 0.159875
151 | 0.000000 | 0.000000 | 0.000000 | 0.797500 | 0.000000 | 0.159500
152 | 0.000000 | 0.000000 | 0.000000 | 0.797812 | 0.000000 | 0.159562
153 | 0.000000 | 0.000000 | 0.000000 | 0.801875 | 0.000000 | 0.160375
154 | 0.000000 | 0.000000 | 0.000000 | 0.796250 | 0.000000 | 0.159250
155 | 0.000000 | 0.000000 | 0.000000 | 0.798437 | 0.000000 | 0.159687
156 | 0.000000 | 0.000000 | 0.000000 | 0.797813 | 0.000000 | 0.159562
157 | 0.000000 | 0.000000 | 0.000000 | 0.796250 | 0.000000 | 0.159250
158 | 0.000000 | 0.000000 | 0.000000 | 0.797500 | 0.000000 | 0.159500
159 | 0.000000 | 0.000000 | 0.000000 | 0.797812 | 0.000000 | 0.159562
160 | 0.000000 | 0.000000 | 0.000000 | 0.800625 | 0.000000 | 0.160125
161 | 0.000000 | 0.000000 | 0.000000 | 0.799688 | 0.000000 | 0.159938
162 | 0.000000 | 0.000000 | 0.000000 | 0.800312 | 0.000000 | 0.160062
163 | 0.000000 | 0.000000 | 0.000000 | 0.806875 | 0.000000 | 0.161375
164 | 0.000000 | 0.000000 | 0.000000 | 0.799063 | 0.000000 | 0.159812
165 | 0.000000 | 0.000000 | 0.000000 | 0.792187 | 0.000000 | 0.158437
166 | 0.000000 | 0.000000 | 0.000000 | 0.799375 | 0.000000 | 0.159875
167 | 0.000000 | 0.000000 | 0.000000 | 0.797813 | 0.000000 | 0.159563
168 | 0.000000 | 0.000000 | 0.000000 | 0.802500 | 0.000000 | 0.160500
169 | 0.000000 | 0.000000 | 0.000000 | 0.796562 | 0.000000 | 0.159312
170 | 0.000000 | 0.000000 | 0.000000 | 0.800000 | 0.000000 | 0.160000
171 | 0.000000 | 0.000000 | 0.000000 | 0.801250 | 0.000000 | 0.160250
172 | 0.000000 | 0.000000 | 0.000000 | 0.805312 | 0.000000 | 0.161062
173 | 0.000000 | 0.000000 | 0.000000 | 0.802500 | 0.000000 | 0.160500
174 | 0.000000 | 0.000000 | 0.000000 | 0.800000 | 0.000000 | 0.160000
175 | 0.000000 | 0.000000 | 0.000000 | 0.799687 | 0.000000 | 0.159937
176 | 0.000000 | 0.000000 | 0.000000 | 0.798438 | 0.000000 | 0.159688
177 | 0.000000 | 0.000000 | 0.000000 | 0.797187 | 0.000000 | 0.159437
178 | 0.000000 | 0.000000 | 0.000000 | 0.795937 | 0.000000 | 0.159187
179 | 0.000000 | 0.000000 | 0.000000 | 0.798750 | 0.000000 | 0.159750
180 | 0.000000 | 0.000000 | 0.000000 | 0.799375 | 0.000000 | 0.159875
181 | 0.000000 | 0.000000 | 0.000000 | 0.800625 | 0.000000 | 0.160125
182 | 0.000000 | 0.000000 | 0.000000 | 0.796875 | 0.000000 | 0.159375
183 | 0.000000 | 0.000000 | 0.000000 | 0.794063 | 0.000000 | 0.158813
184 | 0.000000 | 0.000000 | 0.000000 | 0.795937 | 0.000000 | 0.159187
185 | 0.000000 | 0.000000 | 0.000000 | 0.800000 | 0.000000 | 0.160000
186 | 0.000000 | 0.000000 | 0.000000 | 0.796562 | 0.000000 | 0.159312
187 | 0.000000 | 0.000000 | 0.000000 | 0.799375 | 0.000000 | 0.159875
188 | 0.000000 | 0.000000 | 0.000000 | 0.801562 | 0.000000 | 0.160312
189 | 0.000000 | 0.000000 | 0.000000 | 0.795000 | 0.000000 | 0.159000
190 | 0.000000 | 0.000000 | 0.000000 | 0.797500 | 0.000000 | 0.159500
191 | 0.000000 | 0.000000 | 0.000000 | 0.796875 | 0.000000 | 0.159375
192 | 0.000000 | 0.000000 | 0.000000 | 0.798750 | 0.000000 | 0.159750
193 | 0.000000 | 0.000000 | 0.000000 | 0.795000 | 0.000000 | 0.159000
194 | 0.000000 | 0.000000 | 0.000000 | 0.798750 | 0.000000 | 0.159750
195 | 0.000000 | 0.000000 | 0.000000 | 0.800000 | 0.000000 | 0.160000
196 | 0.000000 | 0.000000 | 0.000000 | 0.800938 | 0.000000 | 0.160188
197 | 0.000000 | 0.000000 | 0.000000 | 0.803125 | 0.000000 | 0.160625
198 | 0.000000 | 0.000000 | 0.000000 | 0.797187 | 0.000000 | 0.159437
199 | 0.000000 | 0.000000 | 0.000000 | 0.800313 | 0.000000 | 0.160063
200 | 0.000000 | 0.000000 | 0.000000 | 0.800000 | 0.000000 | 0.160000
