# PSO - Requisição [4,11]
# Load | Probabilidade_Média
1 0.798750
2 0.805625
3 0.796250
4 0.798125
5 0.799375
6 0.800313
7 0.800938
8 0.800313
9 0.797187
10 0.797188
11 0.802188
12 0.799063
13 0.795625
14 0.798437
15 0.799687
16 0.795000
17 0.793438
18 0.802500
19 0.799375
20 0.797812
21 0.801562
22 0.793125
23 0.795625
24 0.795313
25 0.800937
26 0.796563
27 0.799063
28 0.803438
29 0.797813
30 0.795000
31 0.798437
32 0.797187
33 0.800625
34 0.794063
35 0.793750
36 0.799688
37 0.794063
38 0.798438
39 0.795625
40 0.795625
41 0.802187
42 0.800937
43 0.801875
44 0.797500
45 0.795312
46 0.798125
47 0.801250
48 0.800000
49 0.797813
50 0.795625
51 0.798438
52 0.796562
53 0.800313
54 0.800625
55 0.799687
56 0.801250
57 0.803125
58 0.796875
59 0.795312
60 0.796875
61 0.797187
62 0.798125
63 0.798750
64 0.798438
65 0.798438
66 0.796250
67 0.801875
68 0.803125
69 0.798125
70 0.803125
71 0.797500
72 0.800937
73 0.795937
74 0.795000
75 0.797813
76 0.797813
77 0.797812
78 0.799063
79 0.800312
80 0.794375
81 0.803750
82 0.801250
83 0.801250
84 0.791250
85 0.796562
86 0.800312
87 0.798438
88 0.801875
89 0.799687
90 0.798125
91 0.800312
92 0.798438
93 0.789688
94 0.801250
95 0.796250
96 0.795312
97 0.795313
98 0.794687
99 0.799375
100 0.801875
101 0.795312
102 0.800000
103 0.803437
104 0.803437
105 0.800000
106 0.798750
107 0.797187
108 0.795938
109 0.800312
110 0.795937
111 0.795625
112 0.801250
113 0.796875
114 0.800000
115 0.802500
116 0.799063
117 0.808437
118 0.797188
119 0.803125
120 0.803125
121 0.797188
122 0.796875
123 0.796250
124 0.800625
125 0.798750
126 0.791875
127 0.798125
128 0.798750
129 0.805938
130 0.793750
131 0.797813
132 0.794687
133 0.794375
134 0.795312
135 0.799375
136 0.800312
137 0.798438
138 0.795000
139 0.803750
140 0.800625
141 0.796250
142 0.795625
143 0.807188
144 0.800313
145 0.795937
146 0.802500
147 0.800313
148 0.797188
149 0.801875
150 0.799375
151 0.797500
152 0.797812
153 0.801875
154 0.796250
155 0.798437
156 0.797813
157 0.796250
158 0.797500
159 0.797812
160 0.800625
161 0.799688
162 0.800312
163 0.806875
164 0.799063
165 0.792187
166 0.799375
167 0.797813
168 0.802500
169 0.796562
170 0.800000
171 0.801250
172 0.805312
173 0.802500
174 0.800000
175 0.799687
176 0.798438
177 0.797187
178 0.795937
179 0.798750
180 0.799375
181 0.800625
182 0.796875
183 0.794063
184 0.795937
185 0.800000
186 0.796562
187 0.799375
188 0.801562
189 0.795000
190 0.797500
191 0.796875
192 0.798750
193 0.795000
194 0.798750
195 0.800000
196 0.800938
197 0.803125
198 0.797187
199 0.800313
200 0.800000
