# [4 -> 11] - Mķdia de 20 simulań§es
# Formato: Load Probabilidade_Media
1 0.004350
2 0.009300
3 0.014450
4 0.018350
5 0.023200
6 0.025800
7 0.030200
8 0.036100
9 0.040950
10 0.043850
11 0.047650
12 0.054250
13 0.059750
14 0.061550
15 0.064650
16 0.070700
17 0.076750
18 0.080650
19 0.084500
20 0.089000
21 0.095050
22 0.096650
23 0.101100
24 0.103900
25 0.109800
26 0.117350
27 0.122250
28 0.119700
29 0.133050
30 0.132350
31 0.140250
32 0.144000
33 0.147800
34 0.148150
35 0.152900
36 0.162950
37 0.166100
38 0.171150
39 0.177800
40 0.180700
41 0.181800
42 0.183100
43 0.185100
44 0.194500
45 0.194950
46 0.208950
47 0.205350
48 0.216550
49 0.216950
50 0.221100
51 0.224250
52 0.234900
53 0.237700
54 0.238400
55 0.245000
56 0.247350
57 0.252300
58 0.256550
59 0.265150
60 0.270000
61 0.272800
62 0.277800
63 0.281800
64 0.279450
65 0.289200
66 0.292450
67 0.300750
68 0.303550
69 0.305700
70 0.313500
71 0.314600
72 0.317700
73 0.321100
74 0.328650
75 0.330450
76 0.338300
77 0.340050
78 0.348100
79 0.346350
80 0.356400
81 0.359150
82 0.367250
83 0.360150
84 0.374250
85 0.378350
86 0.382650
87 0.382100
88 0.387550
89 0.395500
90 0.397900
91 0.404600
92 0.407650
93 0.409600
94 0.420350
95 0.422800
96 0.424350
97 0.430250
98 0.440400
99 0.442500
100 0.439000
101 0.453100
102 0.455450
103 0.466550
104 0.465500
105 0.472550
106 0.473050
107 0.480400
108 0.483650
109 0.482500
110 0.493350
111 0.493250
112 0.504750
113 0.502900
114 0.505400
115 0.514750
116 0.518650
117 0.521900
118 0.516850
119 0.528200
120 0.538000
121 0.534750
122 0.539200
123 0.547150
124 0.550200
125 0.554450
126 0.557150
127 0.559400
128 0.561500
129 0.573600
130 0.579200
131 0.586850
132 0.588150
133 0.587550
134 0.595500
135 0.601100
136 0.600100
137 0.608150
138 0.617600
139 0.613350
140 0.621200
141 0.624400
142 0.627250
143 0.640550
144 0.640350
145 0.645250
146 0.648300
147 0.650700
148 0.654450
149 0.666750
150 0.669700
151 0.669000
152 0.671400
153 0.683750
154 0.685700
155 0.687350
156 0.691250
157 0.697550
158 0.700800
159 0.711450
160 0.707250
161 0.720400
162 0.721700
163 0.722650
164 0.729600
165 0.730800
166 0.741150
167 0.739250
168 0.742150
169 0.754000
170 0.753800
171 0.763250
172 0.763100
173 0.765350
174 0.766750
175 0.775850
176 0.779550
177 0.788350
178 0.788250
179 0.796000
180 0.800800
181 0.807000
182 0.807300
183 0.810500
184 0.819700
185 0.830050
186 0.828450
187 0.833100
188 0.835550
189 0.839750
190 0.847100
191 0.845650
192 0.854600
193 0.858800
194 0.859600
195 0.867500
196 0.872300
197 0.873850
198 0.880550
199 0.882400
200 0.888750
