# TODAS AS PROBABILIDADES (20 SIMULAÇÕES)
# Requisição 2: [2,6]
# Modo: SEPARADO
# Data: 2026-01-26 22:48:02
# ================================================================================
# Formato: Load | Sim1 | Sim2 | ... | Sim20 | Média | DesvioPadrão
# ================================================================================

Load   1 | 0.00000000 | 0.00000000 | 0.00000000 | 0.00000000 | 0.00000000 | 0.00000000 | 0.00000000 | 0.00000000 | 0.00000000 | 0.00000000 | 0.00000000 | 0.00000000 | 0.00000000 | 0.00000000 | 0.00000000 | 0.00000000 | 0.00000000 | 0.00000000 | 0.00000000 | 0.00000000 | 0.00000000 | 0.00000000
Load   2 | 0.00000000 | 0.00000000 | 0.00000000 | 0.00000000 | 0.00000000 | 0.00000000 | 0.00000000 | 0.00000000 | 0.00000000 | 0.00000000 | 0.00000000 | 0.00000000 | 0.00000000 | 0.00000000 | 0.00000000 | 0.00000000 | 0.00000000 | 0.00000000 | 0.00000000 | 0.00000000 | 0.00000000 | 0.00000000
Load   3 | 0.00000000 | 0.00000000 | 0.00000000 | 0.00000000 | 0.00000000 | 0.00000000 | 0.00000000 | 0.00000000 | 0.00000000 | 0.00000000 | 0.00000000 | 0.00000000 | 0.00000000 | 0.00000000 | 0.00000000 | 0.00000000 | 0.00000000 | 0.00000000 | 0.00000000 | 0.00000000 | 0.00000000 | 0.00000000
Load   4 | 0.00000000 | 0.00000000 | 0.00000000 | 0.00000000 | 0.00000000 | 0.00000000 | 0.00000000 | 0.00000000 | 0.00000000 | 0.00000000 | 0.00000000 | 0.00000000 | 0.00000000 | 0.00000000 | 0.00000000 | 0.00000000 | 0.00000000 | 0.00000000 | 0.00000000 | 0.00000000 | 0.00000000 | 0.00000000
Load   5 | 0.00000000 | 0.00000000 | 0.00000000 | 0.00000000 | 0.00000000 | 0.00000000 | 0.00000000 | 0.00000000 | 0.00000000 | 0.00000000 | 0.00000000 | 0.00000000 | 0.00000000 | 0.00000000 | 0.00000000 | 0.00000000 | 0.00000000 | 0.00000000 | 0.00000000 | 0.00000000 | 0.00000000 | 0.00000000
Load   6 | 0.00000000 | 0.00000000 | 0.00000000 | 0.00000000 | 0.00000000 | 0.00000000 | 0.00000000 | 0.00000000 | 0.00000000 | 0.00000000 | 0.00000000 | 0.00000000 | 0.00000000 | 0.00000000 | 0.00000000 | 0.00000000 | 0.00000000 | 0.00000000 | 0.00000000 | 0.00000000 | 0.00000000 | 0.00000000
Load   7 | 0.00000000 | 0.00000000 | 0.00000000 | 0.00000000 | 0.00000000 | 0.00000000 | 0.00000000 | 0.00000000 | 0.00000000 | 0.00000000 | 0.00000000 | 0.00000000 | 0.00000000 | 0.00000000 | 0.00000000 | 0.00000000 | 0.00000000 | 0.00000000 | 0.00000000 | 0.00000000 | 0.00000000 | 0.00000000
Load   8 | 0.00000000 | 0.00000000 | 0.00000000 | 0.00000000 | 0.00000000 | 0.00000000 | 0.00000000 | 0.00000000 | 0.00000000 | 0.00000000 | 0.00000000 | 0.00000000 | 0.00000000 | 0.00000000 | 0.00000000 | 0.00000000 | 0.00000000 | 0.00000000 | 0.00000000 | 0.00000000 | 0.00000000 | 0.00000000
Load   9 | 0.00000000 | 0.00000000 | 0.00000000 | 0.00000000 | 0.00000000 | 0.00000000 | 0.00000000 | 0.00000000 | 0.00000000 | 0.00000000 | 0.00000000 | 0.00000000 | 0.00000000 | 0.00000000 | 0.00000000 | 0.00000000 | 0.00000000 | 0.00000000 | 0.00000000 | 0.00000000 | 0.00000000 | 0.00000000
Load  10 | 0.00000000 | 0.00000000 | 0.00000000 | 0.00000000 | 0.00000000 | 0.00000000 | 0.00000000 | 0.00000000 | 0.00000000 | 0.00000000 | 0.00000000 | 0.00000000 | 0.00000000 | 0.00000000 | 0.00000000 | 0.00000000 | 0.00000000 | 0.00000000 | 0.00000000 | 0.00000000 | 0.00000000 | 0.00000000
Load  11 | 0.00000000 | 0.00000000 | 0.00000000 | 0.00000000 | 0.00000000 | 0.00000000 | 0.00000000 | 0.00000000 | 0.00000000 | 0.00000000 | 0.00000000 | 0.00000000 | 0.00000000 | 0.00000000 | 0.00000000 | 0.00000000 | 0.00000000 | 0.00000000 | 0.00000000 | 0.00000000 | 0.00000000 | 0.00000000
Load  12 | 0.00000000 | 0.00000000 | 0.00000000 | 0.00000000 | 0.00000000 | 0.00000000 | 0.00000000 | 0.00000000 | 0.00000000 | 0.00000000 | 0.00000000 | 0.00000000 | 0.00000000 | 0.00000000 | 0.00000000 | 0.00000000 | 0.00000000 | 0.00000000 | 0.00000000 | 0.00000000 | 0.00000000 | 0.00000000
Load  13 | 0.00000000 | 0.00000000 | 0.00000000 | 0.00000000 | 0.00000000 | 0.00000000 | 0.00000000 | 0.00000000 | 0.00000000 | 0.00000000 | 0.00000000 | 0.00000000 | 0.00000000 | 0.00000000 | 0.00000000 | 0.00000000 | 0.00000000 | 0.00000000 | 0.00000000 | 0.00000000 | 0.00000000 | 0.00000000
Load  14 | 0.00000000 | 0.00000000 | 0.00000000 | 0.00000000 | 0.00000000 | 0.00000000 | 0.00000000 | 0.00000000 | 0.00000000 | 0.00000000 | 0.00000000 | 0.00000000 | 0.00000000 | 0.00000000 | 0.00000000 | 0.00000000 | 0.00000000 | 0.00000000 | 0.00000000 | 0.00000000 | 0.00000000 | 0.00000000
Load  15 | 0.00000000 | 0.00000000 | 0.00000000 | 0.00000000 | 0.00000000 | 0.00000000 | 0.00000000 | 0.00000000 | 0.00000000 | 0.00000000 | 0.00000000 | 0.00000000 | 0.00000000 | 0.00000000 | 0.00000000 | 0.00000000 | 0.00000000 | 0.00000000 | 0.00000000 | 0.00000000 | 0.00000000 | 0.00000000
Load  16 | 0.00000000 | 0.00000000 | 0.00000000 | 0.00000000 | 0.00000000 | 0.00000000 | 0.00000000 | 0.00000000 | 0.00000000 | 0.00000000 | 0.00000000 | 0.00000000 | 0.00000000 | 0.00000000 | 0.00000000 | 0.00000000 | 0.00000000 | 0.00000000 | 0.00000000 | 0.00000000 | 0.00000000 | 0.00000000
Load  17 | 0.00000000 | 0.00000000 | 0.00000000 | 0.00000000 | 0.00000000 | 0.00000000 | 0.00000000 | 0.00000000 | 0.00000000 | 0.00000000 | 0.00000000 | 0.00000000 | 0.00000000 | 0.00000000 | 0.00000000 | 0.00000000 | 0.00000000 | 0.00000000 | 0.00000000 | 0.00000000 | 0.00000000 | 0.00000000
Load  18 | 0.00000000 | 0.00000000 | 0.00000000 | 0.00000000 | 0.00000000 | 0.00000000 | 0.00000000 | 0.00000000 | 0.00000000 | 0.00000000 | 0.00000000 | 0.00000000 | 0.00000000 | 0.00000000 | 0.00000000 | 0.00000000 | 0.00000000 | 0.00000000 | 0.00000000 | 0.00000000 | 0.00000000 | 0.00000000
Load  19 | 0.00000000 | 0.00000000 | 0.00000000 | 0.00000000 | 0.00000000 | 0.00000000 | 0.00000000 | 0.00000000 | 0.00000000 | 0.00000000 | 0.00000000 | 0.00000000 | 0.00000000 | 0.00000000 | 0.00000000 | 0.00000000 | 0.00000000 | 0.00000000 | 0.00000000 | 0.00000000 | 0.00000000 | 0.00000000
Load  20 | 0.00000000 | 0.00000000 | 0.00000000 | 0.00000000 | 0.00000000 | 0.00000000 | 0.00000000 | 0.00000000 | 0.00000000 | 0.00000000 | 0.00000000 | 0.00000000 | 0.00000000 | 0.00000000 | 0.00000000 | 0.00000000 | 0.00000000 | 0.00000000 | 0.00000000 | 0.00000000 | 0.00000000 | 0.00000000
Load  21 | 0.00000000 | 0.00000000 | 0.00000000 | 0.00000000 | 0.00000000 | 0.00000000 | 0.00000000 | 0.00000000 | 0.00000000 | 0.00000000 | 0.00000000 | 0.00000000 | 0.00000000 | 0.00000000 | 0.00000000 | 0.00000000 | 0.00000000 | 0.00000000 | 0.00046970 | 0.00000000 | 0.00002349 | 0.00010237
Load  22 | 0.00000000 | 0.00000000 | 0.00088378 | 0.00000000 | 0.00044170 | 0.00000000 | 0.00000000 | 0.00000000 | 0.00000000 | 0.00000000 | 0.00000000 | 0.00000000 | 0.00000000 | 0.00000000 | 0.00000000 | 0.00000000 | 0.00000000 | 0.00000000 | 0.00000000 | 0.00092980 | 0.00011276 | 0.00028164
Load  23 | 0.00000000 | 0.00000000 | 0.00000000 | 0.00000000 | 0.00000000 | 0.00000000 | 0.00000000 | 0.00000000 | 0.00000000 | 0.00622407 | 0.00000000 | 0.00000000 | 0.00000000 | 0.00000000 | 0.00000000 | 0.00000000 | 0.00000000 | 0.00000000 | 0.00000000 | 0.00000000 | 0.00031120 | 0.00135650
Load  24 | 0.00000000 | 0.00000000 | 0.00000000 | 0.00208073 | 0.00000000 | 0.00211954 | 0.00000000 | 0.00000000 | 0.00000000 | 0.00042176 | 0.00041085 | 0.00000000 | 0.00000000 | 0.00083963 | 0.00124896 | 0.00000000 | 0.00000000 | 0.00000000 | 0.00000000 | 0.00330306 | 0.00052123 | 0.00091951
Load  25 | 0.00410004 | 0.00121212 | 0.00080257 | 0.00000000 | 0.00000000 | 0.00161355 | 0.00000000 | 0.00557325 | 0.00196155 | 0.00199681 | 0.00040650 | 0.00000000 | 0.00079334 | 0.00801925 | 0.00080128 | 0.00116777 | 0.00395726 | 0.00201369 | 0.00000000 | 0.00000000 | 0.00172095 | 0.00209778
Load  26 | 0.00737864 | 0.00111317 | 0.00079745 | 0.00339111 | 0.00190476 | 0.00618716 | 0.00000000 | 0.00190549 | 0.00159299 | 0.00076190 | 0.00345224 | 0.00040486 | 0.00120144 | 0.00381971 | 0.00154859 | 0.00118671 | 0.00312744 | 0.00192456 | 0.00193648 | 0.00000000 | 0.00218174 | 0.00187663
Load  27 | 0.00326442 | 0.00445104 | 0.00363769 | 0.00000000 | 0.00689655 | 0.01078067 | 0.00512445 | 0.00222387 | 0.00333333 | 0.00645856 | 0.00539180 | 0.00362188 | 0.00218818 | 0.00366032 | 0.01070282 | 0.00258207 | 0.00077160 | 0.00484352 | 0.00703964 | 0.01206182 | 0.00495171 | 0.00317663
Load  28 | 0.00428418 | 0.00707464 | 0.01337557 | 0.01560909 | 0.00594198 | 0.00382476 | 0.00495751 | 0.00941006 | 0.00846561 | 0.00511135 | 0.00327749 | 0.00072280 | 0.00379572 | 0.01093860 | 0.00839161 | 0.00393842 | 0.00644238 | 0.00893855 | 0.00284799 | 0.00570613 | 0.00665272 | 0.00360529
Load  29 | 0.00520833 | 0.01183232 | 0.00605198 | 0.01440536 | 0.00860289 | 0.00449361 | 0.01498127 | 0.00523926 | 0.00521739 | 0.00386507 | 0.00415512 | 0.01288830 | 0.01229508 | 0.01075642 | 0.00351865 | 0.00638524 | 0.00142146 | 0.01236218 | 0.00834202 | 0.01660900 | 0.00843155 | 0.00436686
Load  30 | 0.01317123 | 0.00961208 | 0.01598096 | 0.01254663 | 0.01428097 | 0.01451187 | 0.02327806 | 0.01673920 | 0.01941428 | 0.01328338 | 0.01442308 | 0.01541039 | 0.01054018 | 0.00790106 | 0.02731362 | 0.01413079 | 0.02272727 | 0.01852476 | 0.02373984 | 0.01273885 | 0.01601343 | 0.00495153
Load  31 | 0.02375529 | 0.01867089 | 0.00968992 | 0.01802097 | 0.01256614 | 0.01427149 | 0.01294080 | 0.01275343 | 0.01834567 | 0.02313946 | 0.01600261 | 0.02792764 | 0.02362460 | 0.01371653 | 0.01751487 | 0.01567091 | 0.01154586 | 0.01171494 | 0.02861635 | 0.01507860 | 0.01727835 | 0.00536606
Load  32 | 0.02303566 | 0.03843807 | 0.02729754 | 0.02519440 | 0.02141058 | 0.03399258 | 0.04128304 | 0.02810231 | 0.02313788 | 0.02167766 | 0.01266624 | 0.01744924 | 0.03382992 | 0.03520049 | 0.02689181 | 0.02223655 | 0.02802587 | 0.02624352 | 0.02029169 | 0.03438575 | 0.02703954 | 0.00711657
Load  33 | 0.04227449 | 0.02915005 | 0.04422902 | 0.04705534 | 0.03180854 | 0.03798983 | 0.02828467 | 0.04347826 | 0.02667075 | 0.04689864 | 0.05014837 | 0.03897686 | 0.05005924 | 0.03460621 | 0.03528690 | 0.02349398 | 0.02691832 | 0.02733070 | 0.02288896 | 0.04306220 | 0.03653057 | 0.00882709
Load  34 | 0.03471582 | 0.03818616 | 0.03952683 | 0.03640634 | 0.03433861 | 0.03160134 | 0.04995668 | 0.02607132 | 0.03856502 | 0.04891142 | 0.03548002 | 0.03646775 | 0.04933530 | 0.04175243 | 0.05042262 | 0.06103822 | 0.04389657 | 0.05255600 | 0.03835699 | 0.04707267 | 0.04173291 | 0.00825051
Load  35 | 0.05342427 | 0.05555556 | 0.05291762 | 0.04319033 | 0.05329241 | 0.03841608 | 0.05857020 | 0.04314869 | 0.04371743 | 0.07461431 | 0.05320946 | 0.07795474 | 0.05255474 | 0.06687447 | 0.02537183 | 0.05702765 | 0.06019691 | 0.04189700 | 0.04360465 | 0.04457478 | 0.05200566 | 0.01205553
Load  36 | 0.06136364 | 0.05028249 | 0.07418560 | 0.09250866 | 0.06079027 | 0.06741882 | 0.05585792 | 0.05812344 | 0.04597373 | 0.06543624 | 0.05951406 | 0.05801485 | 0.06276268 | 0.07176503 | 0.06683375 | 0.03891273 | 0.06610879 | 0.06061430 | 0.07214538 | 0.07570374 | 0.06321581 | 0.01123287
Load  37 | 0.08164384 | 0.10028653 | 0.08515815 | 0.06329114 | 0.08300395 | 0.08976808 | 0.07276736 | 0.09249012 | 0.08647027 | 0.05674342 | 0.06298789 | 0.08765702 | 0.07576975 | 0.07164592 | 0.07517769 | 0.08833242 | 0.08849558 | 0.08546090 | 0.05625686 | 0.05370220 | 0.07785545 | 0.01305615
Load  38 | 0.10084034 | 0.09650712 | 0.10018074 | 0.09809120 | 0.08575233 | 0.08845144 | 0.09015758 | 0.07777180 | 0.07557355 | 0.09661964 | 0.08863097 | 0.09791502 | 0.08717675 | 0.08805695 | 0.08405569 | 0.08418231 | 0.06158922 | 0.08218085 | 0.06936572 | 0.08797886 | 0.08705390 | 0.01005220
Load  39 | 0.08613445 | 0.09148027 | 0.10688025 | 0.09375000 | 0.08229690 | 0.09813084 | 0.10652396 | 0.09100364 | 0.09510382 | 0.09672506 | 0.12687135 | 0.09734964 | 0.10062729 | 0.09093251 | 0.10601427 | 0.11136136 | 0.09081474 | 0.08698999 | 0.10033189 | 0.10440252 | 0.09818624 | 0.01002650
Load  40 | 0.12787534 | 0.10493047 | 0.09871465 | 0.08958652 | 0.11307692 | 0.10440540 | 0.10543616 | 0.11653386 | 0.13315351 | 0.10241714 | 0.11501597 | 0.09699948 | 0.10951526 | 0.10779644 | 0.10118460 | 0.10442168 | 0.09214579 | 0.11018237 | 0.11797328 | 0.09251666 | 0.10719408 | 0.01101327
Load  41 | 0.11993243 | 0.14018470 | 0.12049963 | 0.11632551 | 0.12815026 | 0.13313826 | 0.11700581 | 0.10792416 | 0.11411043 | 0.13185185 | 0.12777778 | 0.15197133 | 0.13891509 | 0.13404098 | 0.14780325 | 0.12265301 | 0.12231813 | 0.13213505 | 0.14160584 | 0.14357622 | 0.12959599 | 0.01170777
Load  42 | 0.11879260 | 0.14208549 | 0.15949779 | 0.16713615 | 0.14399421 | 0.12535411 | 0.14102564 | 0.14309724 | 0.15002366 | 0.13968481 | 0.14419386 | 0.13521193 | 0.15884987 | 0.13983051 | 0.13278410 | 0.12698037 | 0.09739777 | 0.12850743 | 0.14660832 | 0.13785714 | 0.13894565 | 0.01500468
Load  43 | 0.15881657 | 0.14342629 | 0.15027829 | 0.15535798 | 0.15896226 | 0.15943728 | 0.17679686 | 0.15853081 | 0.12685659 | 0.16312875 | 0.14102265 | 0.15055022 | 0.16893293 | 0.13438829 | 0.15074906 | 0.13771593 | 0.14822746 | 0.14066918 | 0.16777143 | 0.16982014 | 0.15307195 | 0.01277226
Load  44 | 0.16468978 | 0.14701803 | 0.17935024 | 0.14764493 | 0.18380549 | 0.15724983 | 0.19363454 | 0.16915086 | 0.16415837 | 0.16849315 | 0.18378010 | 0.17197599 | 0.16719891 | 0.17323370 | 0.15884812 | 0.17415480 | 0.18788958 | 0.17119748 | 0.17579647 | 0.14597701 | 0.16926237 | 0.01297580
Load  45 | 0.17593228 | 0.19207317 | 0.16692772 | 0.19229928 | 0.18690958 | 0.19507411 | 0.19212462 | 0.19098379 | 0.18427358 | 0.18733214 | 0.17159369 | 0.20110619 | 0.15701559 | 0.17391304 | 0.18955257 | 0.17948145 | 0.18592179 | 0.16799822 | 0.18575233 | 0.15055468 | 0.18134099 | 0.01287510
Load  46 | 0.21356453 | 0.18453159 | 0.20309436 | 0.19055794 | 0.19230769 | 0.16622222 | 0.20167706 | 0.20431528 | 0.18543897 | 0.18495846 | 0.18520150 | 0.19090510 | 0.19732586 | 0.20866395 | 0.17806111 | 0.20548532 | 0.17425432 | 0.19123768 | 0.18834951 | 0.21681321 | 0.19314828 | 0.01283795
Load  47 | 0.20371936 | 0.19182871 | 0.18125000 | 0.22934233 | 0.20985011 | 0.20391826 | 0.21684211 | 0.19914439 | 0.21575985 | 0.21491322 | 0.20613942 | 0.20116054 | 0.19648285 | 0.18615186 | 0.21394381 | 0.20164696 | 0.19550022 | 0.20359281 | 0.21132479 | 0.23579667 | 0.20591541 | 0.01293053
Load  48 | 0.21889305 | 0.24812656 | 0.21763203 | 0.21865412 | 0.20576220 | 0.20974576 | 0.19174911 | 0.23531853 | 0.17989757 | 0.22196796 | 0.20151611 | 0.25916920 | 0.21095890 | 0.22156945 | 0.20924731 | 0.23097327 | 0.22115188 | 0.22231579 | 0.23284314 | 0.22891073 | 0.21932013 | 0.01759314
Load  49 | 0.22975405 | 0.23158974 | 0.23513951 | 0.23549837 | 0.22325485 | 0.21884687 | 0.23572296 | 0.24407724 | 0.22517368 | 0.21570231 | 0.22959716 | 0.23261047 | 0.21802935 | 0.21527778 | 0.24571429 | 0.24434661 | 0.22748718 | 0.23834832 | 0.22494340 | 0.24110672 | 0.23061104 | 0.00928712
Load  50 | 0.25039968 | 0.25120870 | 0.24931021 | 0.25739234 | 0.24670921 | 0.25480958 | 0.25070593 | 0.24209051 | 0.23802788 | 0.25621452 | 0.25219824 | 0.25863733 | 0.25080257 | 0.26607670 | 0.24837758 | 0.26846424 | 0.24529435 | 0.25249501 | 0.25044616 | 0.24945208 | 0.25195564 | 0.00696488
Load  51 | 0.24354903 | 0.25185185 | 0.25014749 | 0.22545952 | 0.26267008 | 0.23826430 | 0.24388364 | 0.26601753 | 0.25408560 | 0.26622231 | 0.26580571 | 0.25278441 | 0.26452482 | 0.22879530 | 0.25694581 | 0.25585586 | 0.25481336 | 0.26245781 | 0.25991017 | 0.27136962 | 0.25377071 | 0.01218396
Load  52 | 0.27278003 | 0.26667927 | 0.28563207 | 0.26514307 | 0.28386473 | 0.26424172 | 0.27418432 | 0.27706946 | 0.25875486 | 0.25645066 | 0.27627800 | 0.28712679 | 0.28883449 | 0.27379576 | 0.25452775 | 0.25575101 | 0.24907063 | 0.27181526 | 0.26537585 | 0.28598848 | 0.27066821 | 0.01171185
Load  53 | 0.29561069 | 0.29578257 | 0.28848325 | 0.28576765 | 0.29410650 | 0.28243986 | 0.28767384 | 0.27190449 | 0.29619721 | 0.28560677 | 0.29574827 | 0.26709402 | 0.26766513 | 0.26158877 | 0.29258216 | 0.26796520 | 0.28398385 | 0.28898996 | 0.29165889 | 0.30351201 | 0.28521805 | 0.01155614
Load  54 | 0.26924528 | 0.29900582 | 0.31763417 | 0.29900953 | 0.29577995 | 0.29327637 | 0.27866994 | 0.29252078 | 0.28880407 | 0.30970982 | 0.30145806 | 0.31521739 | 0.29953747 | 0.31454445 | 0.31418182 | 0.27129456 | 0.30651694 | 0.29217582 | 0.30142643 | 0.29413933 | 0.29770740 | 0.01333767
Load  55 | 0.28028374 | 0.29810443 | 0.30573013 | 0.32446903 | 0.31181218 | 0.31810036 | 0.29277567 | 0.30886122 | 0.29085266 | 0.31165262 | 0.29551743 | 0.28921838 | 0.28409513 | 0.28676749 | 0.30060562 | 0.30234724 | 0.30588235 | 0.30163339 | 0.32322512 | 0.32092103 | 0.30264276 | 0.01281829
Load  56 | 0.30751466 | 0.30136740 | 0.30054054 | 0.31204670 | 0.31816540 | 0.31132582 | 0.32585470 | 0.33421331 | 0.29797164 | 0.31160458 | 0.33139124 | 0.34257951 | 0.32139056 | 0.29248939 | 0.31646244 | 0.32500892 | 0.33833275 | 0.31365248 | 0.32730148 | 0.29162799 | 0.31604208 | 0.01444462
Load  57 | 0.33816675 | 0.31023622 | 0.32388592 | 0.33374734 | 0.31551178 | 0.32726955 | 0.33529412 | 0.33122759 | 0.34511873 | 0.33665269 | 0.34748905 | 0.31864111 | 0.31783085 | 0.31089003 | 0.34591413 | 0.33258852 | 0.31736739 | 0.32802938 | 0.34381551 | 0.30611530 | 0.32828960 | 0.01245571
Load  58 | 0.33374062 | 0.33683666 | 0.31943243 | 0.34142932 | 0.35310157 | 0.36394674 | 0.34914228 | 0.34177654 | 0.33677616 | 0.34513724 | 0.34584775 | 0.33206041 | 0.34519938 | 0.34114583 | 0.34388985 | 0.33515732 | 0.31610890 | 0.35201077 | 0.34972395 | 0.33228676 | 0.34073752 | 0.01087486
Load  59 | 0.33927042 | 0.35994564 | 0.34856949 | 0.33898015 | 0.34428450 | 0.34764826 | 0.33462055 | 0.35286150 | 0.34621251 | 0.34996606 | 0.33265754 | 0.35656566 | 0.35721562 | 0.33881579 | 0.36108765 | 0.37065380 | 0.34156104 | 0.35186429 | 0.35734208 | 0.34581348 | 0.34879680 | 0.00954591
Load  60 | 0.37371561 | 0.34120999 | 0.36215307 | 0.36261744 | 0.34160241 | 0.35704698 | 0.36070669 | 0.33688948 | 0.35794786 | 0.35476426 | 0.35205549 | 0.34695929 | 0.33543441 | 0.35906761 | 0.36881684 | 0.35079419 | 0.35798817 | 0.39977387 | 0.35766901 | 0.37728027 | 0.35772465 | 0.01458181
Load  61 | 0.36101499 | 0.36760175 | 0.34608349 | 0.34839457 | 0.36687940 | 0.38784135 | 0.37716263 | 0.37510158 | 0.35393443 | 0.36412137 | 0.36275977 | 0.34598103 | 0.38409530 | 0.34160241 | 0.35230618 | 0.38956466 | 0.37611989 | 0.36934755 | 0.35289187 | 0.35370153 | 0.36382529 | 0.01411960
Load  62 | 0.35239362 | 0.36462740 | 0.36524300 | 0.37108866 | 0.37471489 | 0.36585766 | 0.38615116 | 0.37504089 | 0.37439614 | 0.35777270 | 0.36253369 | 0.38292722 | 0.36070334 | 0.37656100 | 0.37259964 | 0.35386843 | 0.37687880 | 0.38583062 | 0.38243397 | 0.36540664 | 0.37035147 | 0.00986822
Load  63 | 0.39463662 | 0.39906250 | 0.39696877 | 0.38440732 | 0.38291882 | 0.37553682 | 0.39138490 | 0.39070488 | 0.38345138 | 0.38324673 | 0.38065448 | 0.37928823 | 0.40009381 | 0.39231610 | 0.39416864 | 0.38996259 | 0.37636450 | 0.37548512 | 0.38913738 | 0.37079365 | 0.38652916 | 0.00832380
Load  64 | 0.38421303 | 0.41387743 | 0.41257669 | 0.38473643 | 0.39451379 | 0.37652463 | 0.39265885 | 0.40322831 | 0.38007207 | 0.38398005 | 0.38822403 | 0.39026287 | 0.39767369 | 0.37640183 | 0.39804469 | 0.38597855 | 0.39547762 | 0.39231133 | 0.38424185 | 0.38376269 | 0.39093802 | 0.01019208
Load  65 | 0.39266853 | 0.39418193 | 0.41074418 | 0.38816716 | 0.40800604 | 0.38754272 | 0.40052075 | 0.40003114 | 0.40346535 | 0.39069046 | 0.39476117 | 0.38954682 | 0.39819213 | 0.40202703 | 0.40663522 | 0.40434171 | 0.39152464 | 0.37418148 | 0.39434640 | 0.39136534 | 0.39614701 | 0.00841513
Load  66 | 0.38321786 | 0.39374146 | 0.41300714 | 0.40602782 | 0.43149654 | 0.41717511 | 0.39703636 | 0.40273141 | 0.41624365 | 0.42976689 | 0.43631150 | 0.41097945 | 0.42180883 | 0.40808543 | 0.39679577 | 0.41939376 | 0.39806851 | 0.41301703 | 0.39405941 | 0.41550054 | 0.41022322 | 0.01360959
Load  67 | 0.44173760 | 0.41390829 | 0.40788487 | 0.42470694 | 0.42447532 | 0.41320554 | 0.44205249 | 0.42790767 | 0.42132286 | 0.41734417 | 0.43234373 | 0.43076249 | 0.40922103 | 0.43175487 | 0.41339771 | 0.41060992 | 0.39342046 | 0.42326549 | 0.42797681 | 0.42257727 | 0.42149378 | 0.01161789
Load  68 | 0.41869494 | 0.43726291 | 0.43069378 | 0.42162403 | 0.42172053 | 0.42473039 | 0.44593413 | 0.41723322 | 0.41488731 | 0.42683649 | 0.42894168 | 0.41184288 | 0.44657494 | 0.42165326 | 0.40662785 | 0.43022574 | 0.43083766 | 0.41218214 | 0.42059958 | 0.41221374 | 0.42406586 | 0.01058990
Load  69 | 0.43361684 | 0.43033611 | 0.41539826 | 0.43461088 | 0.43825455 | 0.43597561 | 0.42275698 | 0.43989585 | 0.43353017 | 0.42149971 | 0.43388905 | 0.44169202 | 0.44365276 | 0.44203840 | 0.44280443 | 0.43606322 | 0.43002323 | 0.43908446 | 0.41521487 | 0.43450755 | 0.43324225 | 0.00831169
Load  70 | 0.44548197 | 0.45166858 | 0.45710247 | 0.43150488 | 0.42952340 | 0.43951262 | 0.44923033 | 0.43704776 | 0.42705145 | 0.43059983 | 0.42038778 | 0.45488932 | 0.43248702 | 0.43058379 | 0.44382584 | 0.44476871 | 0.44712087 | 0.44597900 | 0.44564445 | 0.44140009 | 0.44029051 | 0.00974222
Load  71 | 0.45717433 | 0.45716685 | 0.43174738 | 0.46220272 | 0.45322924 | 0.45167234 | 0.45258020 | 0.45937371 | 0.44695980 | 0.46567538 | 0.47520022 | 0.44657728 | 0.44080353 | 0.44374733 | 0.43868126 | 0.43504832 | 0.45970974 | 0.44096689 | 0.44671553 | 0.43741150 | 0.45013218 | 0.01098749
Load  72 | 0.46327996 | 0.45426914 | 0.44894811 | 0.45250000 | 0.44895085 | 0.45473451 | 0.46030863 | 0.46189950 | 0.45387812 | 0.44928351 | 0.47345729 | 0.45099679 | 0.45363825 | 0.45603472 | 0.44687980 | 0.44741306 | 0.47462562 | 0.44717272 | 0.45122121 | 0.48599782 | 0.45677448 | 0.01024713
Load  73 | 0.48340783 | 0.48266053 | 0.46872031 | 0.46685839 | 0.46648276 | 0.46440443 | 0.46124349 | 0.45665463 | 0.47331442 | 0.46388927 | 0.47824335 | 0.47830240 | 0.44851609 | 0.47823721 | 0.43581175 | 0.47115772 | 0.46004084 | 0.45985600 | 0.46922972 | 0.47480142 | 0.46709163 | 0.01138284
Load  74 | 0.48774967 | 0.47252897 | 0.47674106 | 0.46716418 | 0.47640998 | 0.47606056 | 0.46798760 | 0.45641303 | 0.47964411 | 0.48833531 | 0.47133845 | 0.45728375 | 0.47555012 | 0.47306602 | 0.46564989 | 0.44850226 | 0.47257670 | 0.46499126 | 0.47095740 | 0.48465116 | 0.47168007 | 0.00986463
Load  75 | 0.46745562 | 0.46331093 | 0.47405723 | 0.46536388 | 0.47856192 | 0.47451136 | 0.48429007 | 0.48130406 | 0.47380410 | 0.49825829 | 0.47904825 | 0.47959318 | 0.48605997 | 0.48805596 | 0.47997339 | 0.47315971 | 0.48867229 | 0.48404752 | 0.47014130 | 0.47779540 | 0.47837322 | 0.00836562
Load  76 | 0.48095742 | 0.48990296 | 0.49580266 | 0.49843953 | 0.48327535 | 0.47712418 | 0.47935201 | 0.46750330 | 0.48434403 | 0.49381284 | 0.47484026 | 0.49630206 | 0.48439352 | 0.49120966 | 0.47480854 | 0.46604403 | 0.48771884 | 0.49055627 | 0.49693572 | 0.49601952 | 0.48546714 | 0.00961692
Load  77 | 0.49077396 | 0.48749838 | 0.48956407 | 0.47896737 | 0.49895969 | 0.49922919 | 0.50722784 | 0.48479428 | 0.49751634 | 0.50800858 | 0.50859856 | 0.50006387 | 0.49467816 | 0.47338678 | 0.49299576 | 0.49477041 | 0.48915694 | 0.48612912 | 0.48653871 | 0.49289773 | 0.49308779 | 0.00900308
Load  78 | 0.49706633 | 0.49878594 | 0.49370180 | 0.49428241 | 0.50056412 | 0.49082039 | 0.49683340 | 0.49123698 | 0.50050736 | 0.49262040 | 0.50120360 | 0.49769349 | 0.49356770 | 0.49776529 | 0.49948692 | 0.50380989 | 0.49974240 | 0.49098403 | 0.49555813 | 0.49168707 | 0.49639588 | 0.00378726
Load  79 | 0.50673210 | 0.49851133 | 0.49142784 | 0.50633383 | 0.49803175 | 0.49153629 | 0.50296306 | 0.50942685 | 0.50808942 | 0.49874119 | 0.49433770 | 0.48683201 | 0.50251062 | 0.49645659 | 0.50221099 | 0.48440909 | 0.51421026 | 0.50478133 | 0.50410572 | 0.50865445 | 0.50051512 | 0.00769687
Load  80 | 0.50624448 | 0.50634196 | 0.52209775 | 0.49475944 | 0.52061538 | 0.50807562 | 0.49648742 | 0.49586570 | 0.51183323 | 0.50432493 | 0.49981346 | 0.50265152 | 0.50304764 | 0.52336101 | 0.50985915 | 0.50853890 | 0.49621021 | 0.51919042 | 0.51757620 | 0.50982368 | 0.50783591 | 0.00884760
Load  81 | 0.51036366 | 0.52135254 | 0.52368098 | 0.51079940 | 0.51508092 | 0.50236318 | 0.51259059 | 0.51764706 | 0.50945495 | 0.51756526 | 0.52063375 | 0.49007039 | 0.51642559 | 0.51642494 | 0.52887315 | 0.51294637 | 0.51172786 | 0.51362007 | 0.49315750 | 0.49615821 | 0.51204682 | 0.00971842
Load  82 | 0.51382034 | 0.51818182 | 0.51022432 | 0.52403846 | 0.51887019 | 0.51852749 | 0.53040418 | 0.51789682 | 0.51798561 | 0.52446113 | 0.51313230 | 0.53709056 | 0.52064109 | 0.51671620 | 0.51232978 | 0.52375691 | 0.50842697 | 0.50978234 | 0.51835536 | 0.51975796 | 0.51871999 | 0.00680134
Load  83 | 0.52598802 | 0.52803682 | 0.52495739 | 0.52778452 | 0.52234637 | 0.50216343 | 0.53417992 | 0.53271693 | 0.54248835 | 0.52779460 | 0.52113189 | 0.53169056 | 0.51951483 | 0.52782462 | 0.51954299 | 0.51859005 | 0.53139013 | 0.52168675 | 0.51097103 | 0.51512195 | 0.52429606 | 0.00868598
Load  84 | 0.54554080 | 0.53523450 | 0.53431664 | 0.53623017 | 0.51132765 | 0.52766260 | 0.53427419 | 0.53605313 | 0.53498474 | 0.51686351 | 0.53127221 | 0.51657492 | 0.53388017 | 0.53623702 | 0.53616871 | 0.52790100 | 0.52038369 | 0.54417741 | 0.53144163 | 0.52303331 | 0.53067790 | 0.00879195
Load  85 | 0.53983130 | 0.51783992 | 0.54339057 | 0.54259986 | 0.53142924 | 0.53175174 | 0.53014164 | 0.52387809 | 0.53333333 | 0.54896728 | 0.55339130 | 0.52955930 | 0.53713949 | 0.54076308 | 0.55771710 | 0.53595308 | 0.53670706 | 0.53214870 | 0.53722575 | 0.55533734 | 0.53795526 | 0.00997992
Load  86 | 0.55208573 | 0.52430346 | 0.54083442 | 0.55003491 | 0.55811819 | 0.55005848 | 0.52907587 | 0.55781304 | 0.53882985 | 0.53128662 | 0.54756168 | 0.54653829 | 0.52344207 | 0.52576099 | 0.53913662 | 0.53635166 | 0.56000000 | 0.53254856 | 0.53817461 | 0.54141228 | 0.54116836 | 0.01109429
Load  87 | 0.53436347 | 0.56310680 | 0.55051476 | 0.54203997 | 0.56437006 | 0.55582357 | 0.55689876 | 0.55363403 | 0.53708855 | 0.54975530 | 0.54687681 | 0.55118644 | 0.53121730 | 0.55897378 | 0.55717980 | 0.54163815 | 0.55163170 | 0.54465728 | 0.54067528 | 0.54020619 | 0.54859190 | 0.00918767
Load  88 | 0.54170993 | 0.55172806 | 0.55494567 | 0.53943001 | 0.53581331 | 0.55155223 | 0.53972912 | 0.56028048 | 0.55625421 | 0.54683868 | 0.53149108 | 0.55322763 | 0.55373117 | 0.54470142 | 0.55241527 | 0.55887702 | 0.54482520 | 0.55040659 | 0.54317235 | 0.54590627 | 0.54785179 | 0.00758125
Load  89 | 0.53968618 | 0.54736372 | 0.55700472 | 0.55122170 | 0.56060096 | 0.56121307 | 0.55961647 | 0.55488341 | 0.56162843 | 0.55985205 | 0.54838710 | 0.55715711 | 0.55021592 | 0.55953316 | 0.55906860 | 0.55035767 | 0.56323759 | 0.54853604 | 0.53953488 | 0.54814815 | 0.55386235 | 0.00696310
Load  90 | 0.56442255 | 0.56182406 | 0.56375097 | 0.56841057 | 0.55712853 | 0.56591035 | 0.54502476 | 0.55225535 | 0.56131090 | 0.56400701 | 0.57491481 | 0.55986491 | 0.55902588 | 0.55904805 | 0.55438439 | 0.56650676 | 0.56464294 | 0.56859688 | 0.56370444 | 0.55867547 | 0.56167048 | 0.00634906
Load  91 | 0.54994999 | 0.56359819 | 0.56130310 | 0.56040709 | 0.57512549 | 0.56972244 | 0.56914424 | 0.57385549 | 0.56710338 | 0.56320579 | 0.57821260 | 0.54488541 | 0.57105464 | 0.56501650 | 0.55957074 | 0.55603592 | 0.55760822 | 0.56492521 | 0.55176655 | 0.57612854 | 0.56393098 | 0.00879691
Load  92 | 0.57536946 | 0.58385227 | 0.57077326 | 0.57717180 | 0.57066638 | 0.57367007 | 0.57708779 | 0.56806084 | 0.57155182 | 0.56260288 | 0.55433710 | 0.56461772 | 0.56661229 | 0.56616123 | 0.56967658 | 0.56205173 | 0.56676366 | 0.56151762 | 0.56476285 | 0.58190998 | 0.56946087 | 0.00709739
Load  93 | 0.56236395 | 0.57710805 | 0.57343037 | 0.57873122 | 0.56578241 | 0.57585436 | 0.57744507 | 0.57365100 | 0.57255794 | 0.57604189 | 0.58867805 | 0.58349186 | 0.58619953 | 0.58880413 | 0.56233738 | 0.58497643 | 0.58256832 | 0.56805944 | 0.57207304 | 0.59260045 | 0.57713774 | 0.00851026
Load  94 | 0.57410962 | 0.57971789 | 0.58368114 | 0.57799428 | 0.57468704 | 0.57037669 | 0.57510178 | 0.58369554 | 0.58176234 | 0.57680385 | 0.56722014 | 0.56693497 | 0.59474238 | 0.58682698 | 0.57471630 | 0.58656495 | 0.57631522 | 0.57763371 | 0.58777578 | 0.56905604 | 0.57828583 | 0.00718951
Load  95 | 0.58481170 | 0.57573482 | 0.57124450 | 0.59291852 | 0.58167712 | 0.59178594 | 0.59385845 | 0.57938601 | 0.57436608 | 0.57954426 | 0.58067929 | 0.58049863 | 0.57716477 | 0.57363121 | 0.57647938 | 0.58312893 | 0.59539718 | 0.59661480 | 0.59492627 | 0.56900597 | 0.58264269 | 0.00848410
Load  96 | 0.60522795 | 0.59055281 | 0.58049292 | 0.59135012 | 0.59109396 | 0.59157263 | 0.59427977 | 0.59304384 | 0.58748829 | 0.59186255 | 0.60028377 | 0.58832194 | 0.58711963 | 0.57405858 | 0.58143186 | 0.60025089 | 0.58910738 | 0.59752032 | 0.57567822 | 0.58445876 | 0.58975981 | 0.00776833
Load  97 | 0.58866564 | 0.59346038 | 0.58963148 | 0.60438776 | 0.60145522 | 0.57874546 | 0.59021728 | 0.59790640 | 0.58552902 | 0.58820470 | 0.59775396 | 0.58722741 | 0.59616568 | 0.59304100 | 0.58804871 | 0.59278561 | 0.60160804 | 0.59736487 | 0.60052964 | 0.57687075 | 0.59247995 | 0.00721260
Load  98 | 0.60969597 | 0.59012723 | 0.60597743 | 0.59479060 | 0.59484365 | 0.59868421 | 0.59397491 | 0.59254734 | 0.59442060 | 0.58316116 | 0.59065041 | 0.59645390 | 0.59942065 | 0.60006089 | 0.59580808 | 0.60824533 | 0.58138101 | 0.60439449 | 0.58776651 | 0.60087630 | 0.59616403 | 0.00740672
Load  99 | 0.58903557 | 0.60096250 | 0.59362550 | 0.59670824 | 0.61388551 | 0.59995988 | 0.59423254 | 0.59438931 | 0.60297564 | 0.61466973 | 0.59424633 | 0.60600884 | 0.59939179 | 0.59653016 | 0.60553279 | 0.60551389 | 0.59491612 | 0.60547229 | 0.59241851 | 0.59657527 | 0.59985252 | 0.00678757
Load 100 | 0.61091777 | 0.59860859 | 0.61031575 | 0.60130719 | 0.62005511 | 0.59601072 | 0.61348651 | 0.60568579 | 0.60788030 | 0.61645856 | 0.60629603 | 0.59888078 | 0.59417671 | 0.60626798 | 0.60600020 | 0.60215595 | 0.60798890 | 0.61141224 | 0.58363026 | 0.60750718 | 0.60525213 | 0.00811175
Load 101 | 0.60429897 | 0.60005992 | 0.60473072 | 0.60781591 | 0.61381275 | 0.60502959 | 0.61827064 | 0.60154394 | 0.59979889 | 0.60210738 | 0.61334132 | 0.61305937 | 0.61017290 | 0.59484143 | 0.60017704 | 0.59813455 | 0.61110020 | 0.59890110 | 0.60039761 | 0.60301608 | 0.60503052 | 0.00619849
Load 102 | 0.59853000 | 0.60414610 | 0.61547595 | 0.61066824 | 0.61687662 | 0.61975842 | 0.60530235 | 0.62282999 | 0.60109453 | 0.60401298 | 0.61657070 | 0.61329662 | 0.61907076 | 0.62193823 | 0.61385851 | 0.61368482 | 0.61702947 | 0.60905668 | 0.61086150 | 0.59510950 | 0.61145860 | 0.00767507
Load 103 | 0.61780610 | 0.61314081 | 0.61673665 | 0.60954255 | 0.62503548 | 0.60574153 | 0.61250606 | 0.60190137 | 0.60079743 | 0.61340105 | 0.61229817 | 0.61757031 | 0.62228050 | 0.62693603 | 0.61944337 | 0.60930598 | 0.60985069 | 0.60782025 | 0.63136882 | 0.61368053 | 0.61435818 | 0.00778998
Load 104 | 0.61062120 | 0.61626442 | 0.61790247 | 0.61932749 | 0.62697356 | 0.62018260 | 0.61029412 | 0.62316246 | 0.60450600 | 0.62170453 | 0.62130698 | 0.61119207 | 0.62026163 | 0.62356621 | 0.61584726 | 0.62420503 | 0.60691061 | 0.62615207 | 0.61613527 | 0.61146497 | 0.61739905 | 0.00628996
Load 105 | 0.62191834 | 0.62541552 | 0.62305712 | 0.62047214 | 0.62835835 | 0.62976919 | 0.62590545 | 0.61657533 | 0.63463698 | 0.61955387 | 0.61377304 | 0.62503575 | 0.62702396 | 0.61426936 | 0.62899263 | 0.62847090 | 0.63006054 | 0.62242937 | 0.62231923 | 0.61816296 | 0.62381000 | 0.00544702
Load 106 | 0.63099736 | 0.62937864 | 0.61505107 | 0.62236386 | 0.61777694 | 0.62350504 | 0.63062727 | 0.63169265 | 0.61540689 | 0.63457576 | 0.63082471 | 0.63114521 | 0.63475906 | 0.61890736 | 0.61559862 | 0.62931358 | 0.63119369 | 0.61801154 | 0.62304911 | 0.61720926 | 0.62506938 | 0.00684948
Load 107 | 0.62107623 | 0.63237221 | 0.63690810 | 0.63770658 | 0.62446576 | 0.64304315 | 0.62633217 | 0.63211515 | 0.63285113 | 0.61646701 | 0.63978745 | 0.62368322 | 0.63239291 | 0.63756102 | 0.62803756 | 0.63940282 | 0.63061968 | 0.63077643 | 0.62485897 | 0.62302145 | 0.63067395 | 0.00692897
Load 108 | 0.62106652 | 0.63235697 | 0.63081696 | 0.63329267 | 0.63614368 | 0.63210267 | 0.63020446 | 0.62653080 | 0.62538411 | 0.64162063 | 0.62768211 | 0.62825075 | 0.62509273 | 0.63213060 | 0.61906111 | 0.62750023 | 0.62213491 | 0.63555473 | 0.64000737 | 0.63320571 | 0.63000699 | 0.00580327
Load 109 | 0.63930786 | 0.63120698 | 0.63236515 | 0.64132733 | 0.62673659 | 0.64682323 | 0.63514008 | 0.63166173 | 0.63643911 | 0.63699634 | 0.63595384 | 0.63968858 | 0.63976866 | 0.62941010 | 0.64059946 | 0.63885362 | 0.64174740 | 0.64262090 | 0.63598440 | 0.64734168 | 0.63749865 | 0.00529304
Load 110 | 0.62530436 | 0.64465949 | 0.65089514 | 0.63740033 | 0.63534514 | 0.63877570 | 0.63888135 | 0.63580866 | 0.63240529 | 0.64503851 | 0.63605104 | 0.64721651 | 0.64869029 | 0.64452982 | 0.64303752 | 0.64402149 | 0.64677434 | 0.63550449 | 0.63391557 | 0.63563830 | 0.63999467 | 0.00632236
Load 111 | 0.64400251 | 0.63655895 | 0.65851899 | 0.65076151 | 0.64410480 | 0.63980278 | 0.64452667 | 0.64067334 | 0.63752130 | 0.63664232 | 0.64426948 | 0.65154492 | 0.63825552 | 0.63976608 | 0.64685192 | 0.63784666 | 0.65029843 | 0.63797308 | 0.64488533 | 0.63837573 | 0.64315902 | 0.00585301
Load 112 | 0.64507168 | 0.64199301 | 0.64381003 | 0.64137437 | 0.64680851 | 0.64715853 | 0.64429711 | 0.64218959 | 0.63838003 | 0.64082363 | 0.64323986 | 0.65470573 | 0.66323414 | 0.63447718 | 0.64718499 | 0.64729849 | 0.64796923 | 0.64313062 | 0.64027353 | 0.64388033 | 0.64486503 | 0.00586219
Load 113 | 0.64171595 | 0.64390885 | 0.65510885 | 0.63938711 | 0.65420890 | 0.65555361 | 0.64112150 | 0.65568470 | 0.65252345 | 0.65514834 | 0.64982929 | 0.64876620 | 0.64232804 | 0.65114001 | 0.64550406 | 0.65424232 | 0.65526965 | 0.65314759 | 0.62300233 | 0.65318832 | 0.64853895 | 0.00797176
Load 114 | 0.65614187 | 0.65062030 | 0.64554750 | 0.64626090 | 0.65046778 | 0.64748516 | 0.64835452 | 0.65647592 | 0.65798641 | 0.65491911 | 0.65148165 | 0.65581070 | 0.65514519 | 0.65086998 | 0.65116686 | 0.64461430 | 0.65814585 | 0.65117503 | 0.65490026 | 0.65637607 | 0.65219727 | 0.00412602
Load 115 | 0.66710274 | 0.65479168 | 0.65745088 | 0.64837185 | 0.66350547 | 0.65288970 | 0.65723189 | 0.64137324 | 0.66703691 | 0.65284298 | 0.64414687 | 0.64989135 | 0.64867483 | 0.66293608 | 0.64828848 | 0.65534440 | 0.65851315 | 0.65696126 | 0.65033273 | 0.64758214 | 0.65426343 | 0.00702728
Load 116 | 0.66038544 | 0.65996202 | 0.66494233 | 0.65163649 | 0.66387488 | 0.67078049 | 0.64745412 | 0.65539890 | 0.65664790 | 0.65388295 | 0.65319037 | 0.66236115 | 0.66466701 | 0.65197357 | 0.65932087 | 0.64375647 | 0.66009471 | 0.64902629 | 0.66632391 | 0.65055080 | 0.65731153 | 0.00693037
Load 117 | 0.65401422 | 0.65426771 | 0.65203924 | 0.66912442 | 0.66464508 | 0.64442359 | 0.66739717 | 0.65840647 | 0.66632444 | 0.66071882 | 0.66806507 | 0.66313632 | 0.64724450 | 0.66281656 | 0.66963386 | 0.64448770 | 0.66666667 | 0.66589546 | 0.65492713 | 0.65197701 | 0.65931057 | 0.00811187
Load 118 | 0.65805035 | 0.65801786 | 0.65149948 | 0.67092759 | 0.66426513 | 0.67263105 | 0.65851580 | 0.66365881 | 0.66202327 | 0.66283952 | 0.66233104 | 0.65448647 | 0.65156913 | 0.66244405 | 0.67794476 | 0.66946873 | 0.66235523 | 0.66516817 | 0.66272139 | 0.66205033 | 0.66264841 | 0.00645378
Load 119 | 0.67357599 | 0.66093803 | 0.66509474 | 0.66448987 | 0.67276490 | 0.66113604 | 0.66680429 | 0.67034160 | 0.66706041 | 0.66831933 | 0.67137484 | 0.66473649 | 0.66901290 | 0.65717895 | 0.65632922 | 0.65647000 | 0.66059785 | 0.66157761 | 0.66741405 | 0.67194475 | 0.66535809 | 0.00529670
Load 120 | 0.66705462 | 0.67470379 | 0.67292515 | 0.66677719 | 0.66036631 | 0.66200931 | 0.67354721 | 0.66988755 | 0.67422988 | 0.67161594 | 0.67808560 | 0.65663360 | 0.68393481 | 0.67247271 | 0.67036307 | 0.66999422 | 0.66482458 | 0.67000752 | 0.67958098 | 0.66555796 | 0.67022860 | 0.00640793
Load 121 | 0.67109524 | 0.66997865 | 0.66535532 | 0.66913170 | 0.65867455 | 0.67117491 | 0.67887254 | 0.66625807 | 0.66051136 | 0.65771136 | 0.66779270 | 0.67303905 | 0.68045082 | 0.66606290 | 0.66031772 | 0.65663866 | 0.66324658 | 0.66737827 | 0.68028787 | 0.67698531 | 0.66804818 | 0.00717275
Load 122 | 0.67648953 | 0.67545076 | 0.67330515 | 0.67113156 | 0.65707175 | 0.67274370 | 0.66795589 | 0.67214469 | 0.67142150 | 0.67163814 | 0.67044335 | 0.68041663 | 0.67412996 | 0.67216445 | 0.68136256 | 0.66418343 | 0.67403815 | 0.66694106 | 0.67199805 | 0.67534037 | 0.67201853 | 0.00520696
Load 123 | 0.68378618 | 0.67145891 | 0.68281795 | 0.68313528 | 0.67482517 | 0.67868041 | 0.67575855 | 0.67484515 | 0.67359633 | 0.66840580 | 0.67242222 | 0.67036101 | 0.67881902 | 0.67810090 | 0.66903363 | 0.66386900 | 0.67192326 | 0.67077917 | 0.66729803 | 0.67558991 | 0.67427529 | 0.00531496
Load 124 | 0.67243331 | 0.67483913 | 0.68576039 | 0.68531749 | 0.68326451 | 0.67149176 | 0.67294423 | 0.67085529 | 0.67308943 | 0.68166310 | 0.68170082 | 0.67222542 | 0.68143664 | 0.67481702 | 0.68513166 | 0.68288779 | 0.66838129 | 0.67519574 | 0.67793710 | 0.67776602 | 0.67745691 | 0.00537233
Load 125 | 0.67819622 | 0.68374770 | 0.68147372 | 0.68560516 | 0.68083585 | 0.68050193 | 0.68109267 | 0.67850884 | 0.68647574 | 0.68526535 | 0.67719725 | 0.68928259 | 0.67657963 | 0.66286180 | 0.68252090 | 0.67975440 | 0.67986272 | 0.68607534 | 0.68591243 | 0.68007416 | 0.68109122 | 0.00537980
Load 126 | 0.68879570 | 0.68225935 | 0.68571883 | 0.68202221 | 0.67893856 | 0.67881766 | 0.68714072 | 0.67960626 | 0.68866288 | 0.68528242 | 0.69019299 | 0.68731425 | 0.67470072 | 0.68247423 | 0.67737860 | 0.67891297 | 0.67855122 | 0.68755358 | 0.68756399 | 0.68751975 | 0.68347034 | 0.00451434
Load 127 | 0.67909496 | 0.68040257 | 0.69397327 | 0.68542341 | 0.67991064 | 0.68186479 | 0.69040468 | 0.67566284 | 0.68479031 | 0.68133439 | 0.68462022 | 0.69259783 | 0.68511314 | 0.68370481 | 0.69839414 | 0.68170226 | 0.69190417 | 0.67980453 | 0.68855815 | 0.68715749 | 0.68532093 | 0.00566597
Load 128 | 0.69458399 | 0.69277913 | 0.69148191 | 0.67993444 | 0.69137040 | 0.68271538 | 0.68416891 | 0.68533478 | 0.68482094 | 0.69015863 | 0.68308964 | 0.68703498 | 0.68919237 | 0.68879894 | 0.68412374 | 0.68529988 | 0.69475160 | 0.68932039 | 0.68705771 | 0.69213974 | 0.68790788 | 0.00408535
Load 129 | 0.69242118 | 0.68770227 | 0.69717931 | 0.68838945 | 0.68805581 | 0.69340952 | 0.68455397 | 0.69479023 | 0.69038953 | 0.69251232 | 0.68604282 | 0.69185139 | 0.69491137 | 0.69608896 | 0.68887341 | 0.69469304 | 0.70032076 | 0.68771740 | 0.69537653 | 0.69505897 | 0.69201691 | 0.00405092
Load 130 | 0.69270353 | 0.69906760 | 0.69557576 | 0.69297042 | 0.69565549 | 0.70316173 | 0.69726592 | 0.68883145 | 0.69413653 | 0.69497561 | 0.69050574 | 0.68823756 | 0.69904040 | 0.69518513 | 0.69927592 | 0.69424847 | 0.68724184 | 0.70041322 | 0.69537443 | 0.70009976 | 0.69519833 | 0.00420258
Load 131 | 0.68835379 | 0.69839838 | 0.69982588 | 0.69808441 | 0.69392434 | 0.69892227 | 0.69440812 | 0.70767477 | 0.69170591 | 0.69956690 | 0.70261239 | 0.69198569 | 0.69255065 | 0.70130371 | 0.69936083 | 0.69904325 | 0.69489185 | 0.69667632 | 0.70197418 | 0.69937433 | 0.69753190 | 0.00440621
Load 132 | 0.69295055 | 0.69720841 | 0.69205724 | 0.69499662 | 0.69530948 | 0.69772522 | 0.70497595 | 0.69991605 | 0.69441469 | 0.69469905 | 0.69784064 | 0.69486983 | 0.70302154 | 0.70117770 | 0.69922492 | 0.69679807 | 0.69961720 | 0.69604289 | 0.69695826 | 0.70284335 | 0.69763238 | 0.00339285
Load 133 | 0.70281963 | 0.68838872 | 0.68857164 | 0.69607843 | 0.70808293 | 0.70414601 | 0.70542462 | 0.69862197 | 0.69260817 | 0.69806259 | 0.69752714 | 0.69864363 | 0.71065159 | 0.70661467 | 0.70536857 | 0.70478604 | 0.70682701 | 0.69528352 | 0.69581661 | 0.71412531 | 0.70092244 | 0.00688024
Load 134 | 0.70294380 | 0.70593934 | 0.68777703 | 0.69777044 | 0.69896141 | 0.69812862 | 0.70342121 | 0.69478795 | 0.69698568 | 0.71233785 | 0.70084196 | 0.70257353 | 0.70271075 | 0.70274095 | 0.70729338 | 0.70079797 | 0.70477547 | 0.69321689 | 0.70742097 | 0.69896090 | 0.70101931 | 0.00540038
Load 135 | 0.69499321 | 0.69842444 | 0.70943974 | 0.71098820 | 0.68847399 | 0.70630308 | 0.69395149 | 0.70831201 | 0.70069588 | 0.70441430 | 0.71482384 | 0.70291836 | 0.70917574 | 0.69479448 | 0.71195292 | 0.70276703 | 0.70445223 | 0.70253212 | 0.70361571 | 0.70711451 | 0.70350717 | 0.00659403
Load 136 | 0.69836161 | 0.70334644 | 0.71077574 | 0.70341706 | 0.70489251 | 0.71402669 | 0.70127927 | 0.70095800 | 0.70352540 | 0.70582136 | 0.70115192 | 0.71127940 | 0.70166397 | 0.71128051 | 0.70727432 | 0.70045608 | 0.70161409 | 0.69433032 | 0.71280252 | 0.69823447 | 0.70432458 | 0.00524718
Load 137 | 0.71161888 | 0.71353444 | 0.71114008 | 0.70989736 | 0.70898580 | 0.69371167 | 0.70452032 | 0.70552237 | 0.71108025 | 0.70564546 | 0.71735034 | 0.70746377 | 0.70739714 | 0.71069460 | 0.71566997 | 0.70205755 | 0.70319367 | 0.70873716 | 0.71381080 | 0.70601953 | 0.70840256 | 0.00521136
Load 138 | 0.70870893 | 0.70530494 | 0.71128343 | 0.70088692 | 0.71748262 | 0.71066921 | 0.71230992 | 0.70636580 | 0.71550488 | 0.71103187 | 0.72301719 | 0.70849938 | 0.71299509 | 0.70877475 | 0.71059413 | 0.70772367 | 0.70865685 | 0.72079793 | 0.70677239 | 0.70915735 | 0.71082686 | 0.00509074
Load 139 | 0.71251630 | 0.71610925 | 0.71725782 | 0.71204340 | 0.70260681 | 0.71212992 | 0.71112070 | 0.70983231 | 0.71116242 | 0.71567376 | 0.71702862 | 0.71625778 | 0.70167151 | 0.71665465 | 0.71226959 | 0.71040462 | 0.71499604 | 0.71386217 | 0.71216187 | 0.72095851 | 0.71283590 | 0.00450470
Load 140 | 0.71793767 | 0.71548991 | 0.71190306 | 0.71717315 | 0.70326409 | 0.71070992 | 0.71628272 | 0.70562403 | 0.70674109 | 0.71602763 | 0.71956137 | 0.71960826 | 0.71355737 | 0.70552893 | 0.71614008 | 0.71816493 | 0.71766293 | 0.72384878 | 0.71765803 | 0.72284458 | 0.71478643 | 0.00564076
Load 141 | 0.71771581 | 0.72468106 | 0.71675363 | 0.71918195 | 0.71418287 | 0.71838220 | 0.71353831 | 0.72651372 | 0.71119440 | 0.72007092 | 0.70762561 | 0.72020689 | 0.71176850 | 0.72396822 | 0.72119638 | 0.72325370 | 0.71817465 | 0.72312452 | 0.71320969 | 0.72009159 | 0.71824173 | 0.00491219
Load 142 | 0.71589540 | 0.71489750 | 0.71785216 | 0.72307692 | 0.70898716 | 0.71547076 | 0.71388597 | 0.72540669 | 0.71648865 | 0.71866845 | 0.72104599 | 0.71848112 | 0.71938418 | 0.70917147 | 0.71577061 | 0.71736082 | 0.71987220 | 0.72616718 | 0.72386852 | 0.71550328 | 0.71786275 | 0.00451247
Load 143 | 0.72105227 | 0.71946618 | 0.72746273 | 0.71749947 | 0.71697451 | 0.71873681 | 0.72391365 | 0.71456528 | 0.71771729 | 0.72680662 | 0.71905094 | 0.72012135 | 0.72050740 | 0.72431602 | 0.72701310 | 0.71368451 | 0.72399752 | 0.72871713 | 0.71654146 | 0.71676059 | 0.72074524 | 0.00437416
Load 144 | 0.71294797 | 0.72490275 | 0.70822803 | 0.72506269 | 0.72256414 | 0.72216817 | 0.72128099 | 0.72134210 | 0.71934719 | 0.72732309 | 0.72513346 | 0.72527019 | 0.72350262 | 0.71203267 | 0.71660232 | 0.72652778 | 0.72659020 | 0.72989262 | 0.72150330 | 0.72770900 | 0.72199656 | 0.00554093
Load 145 | 0.73486345 | 0.72015642 | 0.72028118 | 0.73306011 | 0.71554697 | 0.72205292 | 0.72275045 | 0.72832250 | 0.72325358 | 0.72864947 | 0.72519718 | 0.72017775 | 0.72762271 | 0.72313433 | 0.72480674 | 0.72826387 | 0.73051210 | 0.72485716 | 0.71979506 | 0.71834271 | 0.72458233 | 0.00490490
Load 146 | 0.72368603 | 0.72551152 | 0.73082192 | 0.72861377 | 0.72363863 | 0.72990331 | 0.72773155 | 0.71753515 | 0.72563698 | 0.72724154 | 0.73429426 | 0.72953785 | 0.72807734 | 0.72265490 | 0.72853014 | 0.72396993 | 0.72089205 | 0.72142264 | 0.72718473 | 0.72632589 | 0.72616051 | 0.00379598
Load 147 | 0.73221216 | 0.72996931 | 0.72814750 | 0.72944079 | 0.72630574 | 0.73491350 | 0.72820513 | 0.72229766 | 0.72805815 | 0.73293728 | 0.72807501 | 0.73674613 | 0.73999186 | 0.72405149 | 0.72820617 | 0.72793708 | 0.72636951 | 0.72685185 | 0.73009061 | 0.73298708 | 0.72968970 | 0.00414357
Load 148 | 0.72999522 | 0.73157717 | 0.72697458 | 0.72895566 | 0.72162962 | 0.73265583 | 0.72625813 | 0.73104329 | 0.72726040 | 0.73762707 | 0.73153275 | 0.72468568 | 0.72925528 | 0.72941497 | 0.73324397 | 0.73617450 | 0.72916389 | 0.73448599 | 0.73536758 | 0.73106061 | 0.73041811 | 0.00386014
Load 149 | 0.73200540 | 0.72482087 | 0.73763427 | 0.73114404 | 0.74201310 | 0.72435985 | 0.73280691 | 0.72707116 | 0.73283947 | 0.73597360 | 0.73494856 | 0.73246231 | 0.72900842 | 0.73806807 | 0.72785235 | 0.72513355 | 0.72937800 | 0.72288995 | 0.73368806 | 0.73343595 | 0.73137669 | 0.00495040
Load 150 | 0.73312433 | 0.73300133 | 0.73599842 | 0.72668614 | 0.72665810 | 0.73208847 | 0.73788753 | 0.74191415 | 0.73455132 | 0.72548889 | 0.73343807 | 0.73117780 | 0.74225101 | 0.73501704 | 0.73021558 | 0.72943608 | 0.72697040 | 0.72985305 | 0.73414810 | 0.73394008 | 0.73269229 | 0.00454026
Load 151 | 0.73841212 | 0.74167328 | 0.72860125 | 0.73569267 | 0.73266932 | 0.73194639 | 0.73301612 | 0.72985938 | 0.73525368 | 0.72893061 | 0.73611761 | 0.73573374 | 0.73584403 | 0.74155741 | 0.73110350 | 0.74167322 | 0.73652416 | 0.73646161 | 0.73453054 | 0.73421993 | 0.73499103 | 0.00380867
Load 152 | 0.73734815 | 0.73234398 | 0.73422234 | 0.73168174 | 0.73346509 | 0.73193288 | 0.74321775 | 0.73611203 | 0.73779445 | 0.74324771 | 0.73943247 | 0.73308862 | 0.73359200 | 0.74078249 | 0.73583658 | 0.74417539 | 0.73706586 | 0.73363341 | 0.73942383 | 0.74074318 | 0.73695700 | 0.00391311
Load 153 | 0.74746490 | 0.74946327 | 0.73794412 | 0.74364380 | 0.74007197 | 0.74139051 | 0.73914176 | 0.73805623 | 0.72881468 | 0.74828656 | 0.74813241 | 0.73798560 | 0.73179467 | 0.73738833 | 0.73530580 | 0.73419127 | 0.75070065 | 0.74733658 | 0.74594664 | 0.74082763 | 0.74119437 | 0.00607857
Load 154 | 0.74369775 | 0.73143266 | 0.74390957 | 0.73667100 | 0.74314979 | 0.74187867 | 0.74397842 | 0.73303612 | 0.73150775 | 0.73643461 | 0.74423682 | 0.74230146 | 0.74121803 | 0.74444516 | 0.73872351 | 0.73729201 | 0.73624787 | 0.73971442 | 0.74171927 | 0.73256962 | 0.73920823 | 0.00441183
Load 155 | 0.75533401 | 0.74223342 | 0.74205886 | 0.74655912 | 0.74541621 | 0.73897536 | 0.74345855 | 0.75324089 | 0.74843690 | 0.74589795 | 0.74475344 | 0.74328881 | 0.73819854 | 0.74759461 | 0.74433823 | 0.73968254 | 0.73845661 | 0.73905724 | 0.73905702 | 0.74689779 | 0.74414680 | 0.00464807
Load 156 | 0.74530951 | 0.74812365 | 0.74622624 | 0.73703943 | 0.74117044 | 0.74330314 | 0.73898130 | 0.74080311 | 0.73483189 | 0.73804560 | 0.74140127 | 0.75408267 | 0.73713305 | 0.74971458 | 0.74204538 | 0.73624045 | 0.74899226 | 0.74362205 | 0.74069812 | 0.74589795 | 0.74268310 | 0.00496324
Load 157 | 0.74799012 | 0.73680865 | 0.74165048 | 0.73787083 | 0.74456068 | 0.74401065 | 0.74292926 | 0.74616422 | 0.74306177 | 0.74659091 | 0.74939683 | 0.74795614 | 0.73864145 | 0.74204045 | 0.74454315 | 0.74314326 | 0.75110062 | 0.74552633 | 0.74797577 | 0.74353915 | 0.74427504 | 0.00367475
Load 158 | 0.74407821 | 0.75637731 | 0.75779977 | 0.74594560 | 0.74469821 | 0.74283364 | 0.74942719 | 0.74678355 | 0.74212884 | 0.75189873 | 0.75229532 | 0.74695218 | 0.73888074 | 0.73182113 | 0.73812416 | 0.74758257 | 0.74836642 | 0.73952321 | 0.74364380 | 0.75004720 | 0.74596039 | 0.00612668
Load 159 | 0.74578722 | 0.74319728 | 0.75080153 | 0.74775449 | 0.75093750 | 0.75856464 | 0.75466600 | 0.75735294 | 0.74318196 | 0.74916159 | 0.75272132 | 0.74692245 | 0.74832808 | 0.74746584 | 0.74377358 | 0.74736039 | 0.75177524 | 0.74804352 | 0.74757220 | 0.74091687 | 0.74881423 | 0.00450585
Load 160 | 0.74953823 | 0.74779208 | 0.74580865 | 0.75267487 | 0.74522374 | 0.75108320 | 0.75165583 | 0.75303947 | 0.74757100 | 0.74447082 | 0.74875931 | 0.75280829 | 0.74886413 | 0.75084386 | 0.74183901 | 0.74860508 | 0.74335893 | 0.75355568 | 0.75085943 | 0.74686545 | 0.74876085 | 0.00330776
Load 161 | 0.74897503 | 0.74869013 | 0.75050326 | 0.75950137 | 0.75041772 | 0.74936646 | 0.76320795 | 0.75026027 | 0.74549842 | 0.75006180 | 0.75161028 | 0.74998457 | 0.75503335 | 0.74833086 | 0.75568040 | 0.75099182 | 0.74885050 | 0.75026488 | 0.74971879 | 0.75346226 | 0.75152051 | 0.00399900
Load 162 | 0.74942256 | 0.75203553 | 0.75767876 | 0.75035261 | 0.75739136 | 0.74873191 | 0.75117720 | 0.75395300 | 0.74976663 | 0.75359356 | 0.75205173 | 0.75171233 | 0.75385572 | 0.75146109 | 0.75819873 | 0.75559633 | 0.76149373 | 0.74851683 | 0.75751125 | 0.74569047 | 0.75300957 | 0.00387694
Load 163 | 0.75234706 | 0.76040384 | 0.74751297 | 0.75167990 | 0.75290733 | 0.75186681 | 0.76043277 | 0.75472519 | 0.74710580 | 0.75387465 | 0.75602594 | 0.76163325 | 0.75483077 | 0.75799765 | 0.75038568 | 0.74770023 | 0.75784229 | 0.75586826 | 0.75585326 | 0.75556507 | 0.75432794 | 0.00412421
Load 164 | 0.75560810 | 0.75734092 | 0.75065858 | 0.75578174 | 0.75021230 | 0.75611380 | 0.75997324 | 0.75264193 | 0.75165320 | 0.75147312 | 0.75865643 | 0.75469735 | 0.75529655 | 0.75314815 | 0.75239264 | 0.75763710 | 0.75519757 | 0.75511830 | 0.75930810 | 0.76346269 | 0.75531859 | 0.00333419
Load 165 | 0.74913168 | 0.74984683 | 0.75927030 | 0.75387797 | 0.75927048 | 0.76044669 | 0.76116900 | 0.76078407 | 0.75114114 | 0.75932429 | 0.75260859 | 0.75393177 | 0.75213155 | 0.76618554 | 0.75664983 | 0.76681427 | 0.76104855 | 0.75445641 | 0.75748792 | 0.76084599 | 0.75732114 | 0.00492690
Load 166 | 0.76231608 | 0.75845904 | 0.76495007 | 0.75665013 | 0.76331397 | 0.75763382 | 0.76106984 | 0.75573761 | 0.75437860 | 0.75351306 | 0.75715756 | 0.75382365 | 0.76521112 | 0.76369514 | 0.76136638 | 0.75639332 | 0.75772143 | 0.75950588 | 0.76762278 | 0.75854740 | 0.75945334 | 0.00396627
Load 167 | 0.75926038 | 0.76819901 | 0.76143105 | 0.75508118 | 0.76814128 | 0.76485574 | 0.75806550 | 0.76339580 | 0.76100441 | 0.76021314 | 0.76030773 | 0.76046013 | 0.75774443 | 0.76085036 | 0.75596929 | 0.75906209 | 0.76311246 | 0.76524810 | 0.76161177 | 0.75737980 | 0.76106968 | 0.00351605
Load 168 | 0.75898937 | 0.75433785 | 0.75686345 | 0.75733914 | 0.76318437 | 0.76161362 | 0.75948229 | 0.75878065 | 0.75937254 | 0.76113817 | 0.76789007 | 0.76258993 | 0.76748582 | 0.75694939 | 0.76377627 | 0.76466769 | 0.76991098 | 0.76359409 | 0.75601830 | 0.76019285 | 0.76120884 | 0.00408870
Load 169 | 0.76535583 | 0.77255828 | 0.75981552 | 0.75718869 | 0.76230373 | 0.76364392 | 0.76049045 | 0.76192175 | 0.75927677 | 0.76694840 | 0.76429163 | 0.76639128 | 0.76541979 | 0.76682806 | 0.76510466 | 0.76680123 | 0.75709630 | 0.75400532 | 0.75623401 | 0.75852239 | 0.76250990 | 0.00451649
Load 170 | 0.76955210 | 0.76301595 | 0.75917907 | 0.75881316 | 0.76991099 | 0.75753433 | 0.76484099 | 0.76218542 | 0.76943354 | 0.76134562 | 0.76514656 | 0.76366833 | 0.75513101 | 0.76530791 | 0.75684810 | 0.75902846 | 0.75925491 | 0.76258103 | 0.76463808 | 0.76441884 | 0.76259172 | 0.00413739
Load 171 | 0.76232176 | 0.76910155 | 0.76573427 | 0.77119534 | 0.76401076 | 0.75944797 | 0.76014696 | 0.76670337 | 0.76592863 | 0.76294774 | 0.76446353 | 0.76605905 | 0.77243128 | 0.76236063 | 0.76303875 | 0.76308685 | 0.76432253 | 0.76758838 | 0.76562956 | 0.77210526 | 0.76543121 | 0.00354736
Load 172 | 0.76415149 | 0.76897074 | 0.77404818 | 0.76578886 | 0.77062478 | 0.77258261 | 0.77639643 | 0.76702863 | 0.77304200 | 0.76705785 | 0.76553164 | 0.76933435 | 0.76592636 | 0.76486029 | 0.76429940 | 0.76079074 | 0.77344111 | 0.76624277 | 0.76464435 | 0.76199425 | 0.76783784 | 0.00418367
Load 173 | 0.76317943 | 0.77084757 | 0.76300075 | 0.76758128 | 0.76777084 | 0.77351556 | 0.76954000 | 0.76957996 | 0.76657459 | 0.77159353 | 0.76568116 | 0.76431210 | 0.77000867 | 0.76003024 | 0.77303539 | 0.76757598 | 0.76983292 | 0.76804570 | 0.76661149 | 0.77905300 | 0.76836851 | 0.00414493
Load 174 | 0.76290851 | 0.77407956 | 0.77411548 | 0.76696587 | 0.77364536 | 0.77162039 | 0.77335393 | 0.77575827 | 0.77189771 | 0.77306577 | 0.77412743 | 0.77516836 | 0.76984173 | 0.76709280 | 0.77150274 | 0.76929709 | 0.76794477 | 0.77311982 | 0.76773595 | 0.77147964 | 0.77123606 | 0.00325645
Load 175 | 0.77073226 | 0.77050023 | 0.77234286 | 0.77118838 | 0.77322852 | 0.76835087 | 0.77446544 | 0.76408882 | 0.77730472 | 0.77380141 | 0.76343899 | 0.77460641 | 0.76816350 | 0.77422686 | 0.77046667 | 0.77299278 | 0.77658909 | 0.76778147 | 0.77046784 | 0.77583078 | 0.77152839 | 0.00370160
Load 176 | 0.77629117 | 0.77100363 | 0.77069293 | 0.76993427 | 0.77165003 | 0.77774656 | 0.77522962 | 0.77268540 | 0.77168613 | 0.77127931 | 0.76251132 | 0.77899368 | 0.77624560 | 0.77160564 | 0.77444884 | 0.76989173 | 0.76595262 | 0.78079782 | 0.77671334 | 0.76559115 | 0.77254754 | 0.00452151
Load 177 | 0.77607719 | 0.76498856 | 0.77590909 | 0.77570781 | 0.77088888 | 0.77730569 | 0.76697637 | 0.76957970 | 0.77668864 | 0.77879011 | 0.77203087 | 0.77329491 | 0.76665346 | 0.77536191 | 0.77802235 | 0.76945602 | 0.77481581 | 0.77612962 | 0.77642551 | 0.77382501 | 0.77344638 | 0.00396072
Load 178 | 0.77134233 | 0.77216673 | 0.77856208 | 0.77204846 | 0.77975627 | 0.77592257 | 0.77834531 | 0.77387980 | 0.77821317 | 0.77162283 | 0.76872160 | 0.77271205 | 0.78213629 | 0.77377634 | 0.77785135 | 0.77929171 | 0.77431428 | 0.78230487 | 0.77692090 | 0.78090046 | 0.77603947 | 0.00383932
Load 179 | 0.77260013 | 0.77987002 | 0.77647124 | 0.77544994 | 0.78044889 | 0.77491143 | 0.77552851 | 0.77716483 | 0.77776542 | 0.77254509 | 0.77493405 | 0.77635177 | 0.76846710 | 0.77747839 | 0.77234222 | 0.77678369 | 0.77196282 | 0.77157275 | 0.77064118 | 0.77272214 | 0.77480058 | 0.00304502
Load 180 | 0.77751612 | 0.77698997 | 0.77901235 | 0.77279822 | 0.78198188 | 0.78239947 | 0.77777778 | 0.78171403 | 0.77604340 | 0.77315743 | 0.77851011 | 0.77748735 | 0.77182738 | 0.77301561 | 0.77739063 | 0.77618547 | 0.77109036 | 0.77090767 | 0.77179487 | 0.77701265 | 0.77623064 | 0.00351932
Load 181 | 0.77573672 | 0.78791858 | 0.77116616 | 0.77425083 | 0.77648218 | 0.78061533 | 0.77671451 | 0.77957348 | 0.77633268 | 0.77846053 | 0.77711902 | 0.77736839 | 0.78333974 | 0.77935399 | 0.77637900 | 0.77841035 | 0.78572601 | 0.77778391 | 0.77666760 | 0.78253509 | 0.77859670 | 0.00380657
Load 182 | 0.77392930 | 0.77925692 | 0.77157080 | 0.78167086 | 0.78146795 | 0.77924664 | 0.77836948 | 0.77301787 | 0.78343385 | 0.78166968 | 0.78435426 | 0.78268251 | 0.78306385 | 0.78385532 | 0.78181126 | 0.78086182 | 0.78039539 | 0.78239076 | 0.77793696 | 0.77973736 | 0.78003614 | 0.00349685
Load 183 | 0.78513749 | 0.77300783 | 0.77779616 | 0.78344122 | 0.77857692 | 0.78252066 | 0.77731139 | 0.78343984 | 0.78314243 | 0.78696317 | 0.78189845 | 0.78313648 | 0.78179812 | 0.78899729 | 0.78370111 | 0.77539841 | 0.77608564 | 0.78060666 | 0.77124834 | 0.78291370 | 0.78085607 | 0.00445195
Load 184 | 0.78218363 | 0.77976353 | 0.78202309 | 0.77304886 | 0.77992679 | 0.78062020 | 0.78722484 | 0.78293818 | 0.78319201 | 0.78447716 | 0.77858921 | 0.78291018 | 0.78669073 | 0.78109453 | 0.78411129 | 0.77991162 | 0.78853565 | 0.78203463 | 0.78128751 | 0.78216374 | 0.78213637 | 0.00327169
Load 185 | 0.78237976 | 0.78585292 | 0.78609997 | 0.78146331 | 0.78340511 | 0.78210262 | 0.78378088 | 0.78073251 | 0.78780553 | 0.77972594 | 0.78676511 | 0.78529774 | 0.78662182 | 0.78718115 | 0.78690830 | 0.78770800 | 0.78466109 | 0.78395629 | 0.77824132 | 0.78038414 | 0.78405368 | 0.00282383
Load 186 | 0.78644358 | 0.78711726 | 0.78671782 | 0.77873080 | 0.78703555 | 0.79033544 | 0.78071631 | 0.78371746 | 0.78255208 | 0.78582243 | 0.78352318 | 0.78543296 | 0.78416334 | 0.78186576 | 0.77917725 | 0.78527178 | 0.78231588 | 0.78759859 | 0.78783945 | 0.77850512 | 0.78424410 | 0.00322289
Load 187 | 0.78993817 | 0.79140517 | 0.78080562 | 0.78657878 | 0.78250310 | 0.78888649 | 0.78537609 | 0.78005754 | 0.78144164 | 0.79204877 | 0.78216343 | 0.78629933 | 0.78646934 | 0.78670079 | 0.78242521 | 0.78980146 | 0.78679225 | 0.78591368 | 0.78553361 | 0.78877077 | 0.78599556 | 0.00344202
Load 188 | 0.77876153 | 0.78003393 | 0.78624773 | 0.78371772 | 0.78693665 | 0.78386396 | 0.79151755 | 0.78916467 | 0.79211432 | 0.78471222 | 0.78489432 | 0.77851772 | 0.78568392 | 0.78117697 | 0.78414426 | 0.79394805 | 0.78398410 | 0.78969061 | 0.78494966 | 0.77818240 | 0.78511211 | 0.00441317
Load 189 | 0.78373323 | 0.79369538 | 0.79134130 | 0.79206474 | 0.77376944 | 0.78568750 | 0.78954877 | 0.78556375 | 0.78884903 | 0.78987035 | 0.78847483 | 0.78493934 | 0.78866007 | 0.79054977 | 0.79515209 | 0.78507606 | 0.79178299 | 0.79494573 | 0.78313443 | 0.79005641 | 0.78834476 | 0.00481171
Load 190 | 0.78934279 | 0.78450616 | 0.78624908 | 0.78855801 | 0.78363665 | 0.78301887 | 0.79120995 | 0.78754827 | 0.78466592 | 0.79615166 | 0.78684544 | 0.79657735 | 0.79145165 | 0.78917020 | 0.78950404 | 0.78909148 | 0.78487849 | 0.79265216 | 0.78189191 | 0.79509357 | 0.78860218 | 0.00419948
Load 191 | 0.79065449 | 0.78235294 | 0.79385662 | 0.79507814 | 0.79713093 | 0.79208861 | 0.78466812 | 0.78131265 | 0.79025424 | 0.78829821 | 0.79427111 | 0.79229639 | 0.78547820 | 0.79183032 | 0.78457532 | 0.78962080 | 0.79200965 | 0.78770713 | 0.78749869 | 0.79436488 | 0.78976737 | 0.00431303
Load 192 | 0.79203929 | 0.78835427 | 0.78486662 | 0.78998215 | 0.79297991 | 0.78678773 | 0.78694697 | 0.78539384 | 0.78929278 | 0.78572549 | 0.79270977 | 0.78775425 | 0.79883607 | 0.79247245 | 0.79029409 | 0.79116045 | 0.79176617 | 0.79143912 | 0.79250690 | 0.78649386 | 0.78989011 | 0.00334112
Load 193 | 0.78980396 | 0.79482248 | 0.78895712 | 0.79030919 | 0.79369997 | 0.78833761 | 0.78871276 | 0.78983261 | 0.79208490 | 0.79447234 | 0.79120423 | 0.79005812 | 0.79332372 | 0.79130923 | 0.78358793 | 0.79370412 | 0.78951209 | 0.79567740 | 0.78901053 | 0.79071447 | 0.79095674 | 0.00275380
Load 194 | 0.79744422 | 0.79774532 | 0.79025964 | 0.79384694 | 0.79299380 | 0.78578439 | 0.78985808 | 0.79066998 | 0.79528283 | 0.79294130 | 0.79564506 | 0.79287374 | 0.79411765 | 0.79287626 | 0.79762575 | 0.78788193 | 0.79301489 | 0.79351678 | 0.79577061 | 0.79407362 | 0.79321114 | 0.00305900
Load 195 | 0.79417385 | 0.79220105 | 0.79381231 | 0.79672557 | 0.79622642 | 0.79580182 | 0.79069051 | 0.79228517 | 0.79398100 | 0.79308734 | 0.80219170 | 0.79536502 | 0.79666803 | 0.79301103 | 0.79722800 | 0.79264111 | 0.78715024 | 0.79382868 | 0.79839402 | 0.79637356 | 0.79459182 | 0.00306493
Load 196 | 0.79543009 | 0.79875739 | 0.79038944 | 0.79478458 | 0.79374241 | 0.79723106 | 0.79616270 | 0.79470030 | 0.79748062 | 0.78837304 | 0.79803282 | 0.79507227 | 0.79192387 | 0.79674632 | 0.80036435 | 0.79355102 | 0.79237093 | 0.79323366 | 0.79466109 | 0.79351423 | 0.79482611 | 0.00281086
Load 197 | 0.80121373 | 0.79026293 | 0.79623062 | 0.79211691 | 0.79748950 | 0.79094861 | 0.79825590 | 0.79969666 | 0.79862550 | 0.80353378 | 0.79587493 | 0.79855679 | 0.80172240 | 0.79884588 | 0.79434019 | 0.79516121 | 0.79547185 | 0.79550092 | 0.79705942 | 0.80141736 | 0.79711626 | 0.00348068
Load 198 | 0.79801291 | 0.79465197 | 0.79146249 | 0.79457620 | 0.79491815 | 0.79868454 | 0.79550392 | 0.79280057 | 0.80215140 | 0.80230781 | 0.80445744 | 0.79436363 | 0.79330260 | 0.80092731 | 0.79722333 | 0.79465420 | 0.79479798 | 0.79955000 | 0.79773577 | 0.79569675 | 0.79688895 | 0.00343066
Load 199 | 0.79955969 | 0.80308822 | 0.79993922 | 0.79682174 | 0.79896031 | 0.79207520 | 0.79765644 | 0.80019915 | 0.80027126 | 0.79460602 | 0.79673777 | 0.79983963 | 0.80347913 | 0.79848267 | 0.79826757 | 0.79978803 | 0.79541809 | 0.79691745 | 0.79203830 | 0.79421709 | 0.79791815 | 0.00305929
Load 200 | 0.79785429 | 0.80200602 | 0.79732515 | 0.80025082 | 0.79610187 | 0.80292117 | 0.79908676 | 0.79953310 | 0.79711456 | 0.80348889 | 0.79372647 | 0.80351191 | 0.80394724 | 0.80046217 | 0.79456330 | 0.79430834 | 0.79974025 | 0.79984047 | 0.80407740 | 0.80522863 | 0.79975444 | 0.00341623
