# TODAS AS PROBABILIDADES (20 SIMULAÇÕES)
# Requisição 4: [4,11]
# Modo: SEPARADO
# Data: 2026-01-26 22:48:02
# ================================================================================
# Formato: Load | Sim1 | Sim2 | ... | Sim20 | Média | DesvioPadrão
# ================================================================================

Load   1 | 0.00000000 | 0.00000000 | 0.00000000 | 0.00000000 | 0.00000000 | 0.00000000 | 0.00000000 | 0.00000000 | 0.00000000 | 0.00000000 | 0.00000000 | 0.00000000 | 0.00000000 | 0.00000000 | 0.00000000 | 0.00000000 | 0.00000000 | 0.00000000 | 0.00000000 | 0.00000000 | 0.00000000 | 0.00000000
Load   2 | 0.00000000 | 0.00000000 | 0.00000000 | 0.00000000 | 0.00000000 | 0.00000000 | 0.00000000 | 0.00000000 | 0.00000000 | 0.00000000 | 0.00000000 | 0.00000000 | 0.00000000 | 0.00000000 | 0.00000000 | 0.00000000 | 0.00000000 | 0.00000000 | 0.00000000 | 0.00000000 | 0.00000000 | 0.00000000
Load   3 | 0.00000000 | 0.00000000 | 0.00000000 | 0.00000000 | 0.00000000 | 0.00000000 | 0.00000000 | 0.00000000 | 0.00000000 | 0.00000000 | 0.00000000 | 0.00000000 | 0.00000000 | 0.00000000 | 0.00000000 | 0.00000000 | 0.00000000 | 0.00000000 | 0.00000000 | 0.00000000 | 0.00000000 | 0.00000000
Load   4 | 0.00000000 | 0.00000000 | 0.00000000 | 0.00000000 | 0.00000000 | 0.00000000 | 0.00000000 | 0.00000000 | 0.00000000 | 0.00000000 | 0.00000000 | 0.00000000 | 0.00000000 | 0.00000000 | 0.00000000 | 0.00000000 | 0.00000000 | 0.00000000 | 0.00000000 | 0.00000000 | 0.00000000 | 0.00000000
Load   5 | 0.00000000 | 0.00000000 | 0.00000000 | 0.00000000 | 0.00000000 | 0.00000000 | 0.00000000 | 0.00000000 | 0.00000000 | 0.00000000 | 0.00000000 | 0.00000000 | 0.00000000 | 0.00000000 | 0.00000000 | 0.00000000 | 0.00000000 | 0.00000000 | 0.00000000 | 0.00000000 | 0.00000000 | 0.00000000
Load   6 | 0.00000000 | 0.00000000 | 0.00000000 | 0.00000000 | 0.00000000 | 0.00000000 | 0.00000000 | 0.00000000 | 0.00000000 | 0.00000000 | 0.00000000 | 0.00000000 | 0.00000000 | 0.00000000 | 0.00000000 | 0.00000000 | 0.00000000 | 0.00000000 | 0.00000000 | 0.00000000 | 0.00000000 | 0.00000000
Load   7 | 0.00000000 | 0.00000000 | 0.00000000 | 0.00000000 | 0.00000000 | 0.00000000 | 0.00000000 | 0.00000000 | 0.00000000 | 0.00000000 | 0.00000000 | 0.00000000 | 0.00000000 | 0.00000000 | 0.00000000 | 0.00000000 | 0.00000000 | 0.00000000 | 0.00000000 | 0.00000000 | 0.00000000 | 0.00000000
Load   8 | 0.00000000 | 0.00000000 | 0.00000000 | 0.00000000 | 0.00000000 | 0.00000000 | 0.00000000 | 0.00000000 | 0.00000000 | 0.00000000 | 0.00000000 | 0.00000000 | 0.00000000 | 0.00000000 | 0.00000000 | 0.00000000 | 0.00000000 | 0.00000000 | 0.00000000 | 0.00000000 | 0.00000000 | 0.00000000
Load   9 | 0.00000000 | 0.00000000 | 0.00000000 | 0.00000000 | 0.00000000 | 0.00000000 | 0.00000000 | 0.00000000 | 0.00000000 | 0.00000000 | 0.00000000 | 0.00000000 | 0.00000000 | 0.00000000 | 0.00000000 | 0.00000000 | 0.00000000 | 0.00000000 | 0.00000000 | 0.00000000 | 0.00000000 | 0.00000000
Load  10 | 0.00000000 | 0.00000000 | 0.00000000 | 0.00000000 | 0.00000000 | 0.00000000 | 0.00000000 | 0.00000000 | 0.00000000 | 0.00000000 | 0.00000000 | 0.00000000 | 0.00000000 | 0.00000000 | 0.00000000 | 0.00000000 | 0.00000000 | 0.00000000 | 0.00000000 | 0.00000000 | 0.00000000 | 0.00000000
Load  11 | 0.00000000 | 0.00000000 | 0.00000000 | 0.00000000 | 0.00000000 | 0.00000000 | 0.00000000 | 0.00000000 | 0.00000000 | 0.00000000 | 0.00000000 | 0.00000000 | 0.00000000 | 0.00000000 | 0.00000000 | 0.00000000 | 0.00000000 | 0.00000000 | 0.00000000 | 0.00000000 | 0.00000000 | 0.00000000
Load  12 | 0.00000000 | 0.00000000 | 0.00000000 | 0.00000000 | 0.00000000 | 0.00000000 | 0.00000000 | 0.00000000 | 0.00000000 | 0.00000000 | 0.00000000 | 0.00000000 | 0.00000000 | 0.00000000 | 0.00000000 | 0.00000000 | 0.00000000 | 0.00000000 | 0.00000000 | 0.00000000 | 0.00000000 | 0.00000000
Load  13 | 0.00000000 | 0.00000000 | 0.00000000 | 0.00000000 | 0.00000000 | 0.00000000 | 0.00000000 | 0.00000000 | 0.00000000 | 0.00000000 | 0.00000000 | 0.00000000 | 0.00000000 | 0.00000000 | 0.00000000 | 0.00000000 | 0.00000000 | 0.00000000 | 0.00000000 | 0.00000000 | 0.00000000 | 0.00000000
Load  14 | 0.00000000 | 0.00000000 | 0.00000000 | 0.00000000 | 0.00000000 | 0.00000000 | 0.00000000 | 0.00000000 | 0.00000000 | 0.00000000 | 0.00000000 | 0.00000000 | 0.00000000 | 0.00000000 | 0.00000000 | 0.00000000 | 0.00000000 | 0.00000000 | 0.00000000 | 0.00000000 | 0.00000000 | 0.00000000
Load  15 | 0.00000000 | 0.00000000 | 0.00000000 | 0.00000000 | 0.00000000 | 0.00000000 | 0.00000000 | 0.00000000 | 0.00000000 | 0.00000000 | 0.00000000 | 0.00000000 | 0.00000000 | 0.00000000 | 0.00000000 | 0.00000000 | 0.00000000 | 0.00000000 | 0.00000000 | 0.00000000 | 0.00000000 | 0.00000000
Load  16 | 0.00000000 | 0.00000000 | 0.00000000 | 0.00000000 | 0.00000000 | 0.00000000 | 0.00000000 | 0.00000000 | 0.00000000 | 0.00000000 | 0.00000000 | 0.00000000 | 0.00000000 | 0.00000000 | 0.00000000 | 0.00000000 | 0.00000000 | 0.00000000 | 0.00000000 | 0.00000000 | 0.00000000 | 0.00000000
Load  17 | 0.00000000 | 0.00000000 | 0.00000000 | 0.00000000 | 0.00000000 | 0.00000000 | 0.00000000 | 0.00000000 | 0.00000000 | 0.00000000 | 0.00000000 | 0.00000000 | 0.00000000 | 0.00000000 | 0.00000000 | 0.00000000 | 0.00000000 | 0.00000000 | 0.00000000 | 0.00000000 | 0.00000000 | 0.00000000
Load  18 | 0.00000000 | 0.00000000 | 0.00000000 | 0.00000000 | 0.00000000 | 0.00000000 | 0.00000000 | 0.00000000 | 0.00000000 | 0.00000000 | 0.00000000 | 0.00000000 | 0.00000000 | 0.00000000 | 0.00000000 | 0.00000000 | 0.00000000 | 0.00000000 | 0.00000000 | 0.00000000 | 0.00000000 | 0.00000000
Load  19 | 0.00000000 | 0.00000000 | 0.00000000 | 0.00000000 | 0.00000000 | 0.00000000 | 0.00000000 | 0.00000000 | 0.00000000 | 0.00000000 | 0.00000000 | 0.00000000 | 0.00000000 | 0.00000000 | 0.00000000 | 0.00000000 | 0.00000000 | 0.00000000 | 0.00000000 | 0.00000000 | 0.00000000 | 0.00000000
Load  20 | 0.00000000 | 0.00000000 | 0.00000000 | 0.00000000 | 0.00000000 | 0.00000000 | 0.00000000 | 0.00000000 | 0.00000000 | 0.00000000 | 0.00000000 | 0.00000000 | 0.00000000 | 0.00000000 | 0.00000000 | 0.00000000 | 0.00000000 | 0.00000000 | 0.00139860 | 0.00000000 | 0.00006993 | 0.00030482
Load  21 | 0.00000000 | 0.00000000 | 0.00000000 | 0.00000000 | 0.00138249 | 0.00000000 | 0.00000000 | 0.00000000 | 0.00000000 | 0.00000000 | 0.00000000 | 0.00000000 | 0.00000000 | 0.00000000 | 0.00000000 | 0.00000000 | 0.00000000 | 0.00046664 | 0.00097324 | 0.00000000 | 0.00014112 | 0.00036592
Load  22 | 0.00000000 | 0.00000000 | 0.00000000 | 0.00000000 | 0.00000000 | 0.00000000 | 0.00045830 | 0.00000000 | 0.00000000 | 0.00000000 | 0.00000000 | 0.00179453 | 0.00000000 | 0.00000000 | 0.00000000 | 0.00000000 | 0.00000000 | 0.00091199 | 0.00000000 | 0.00045893 | 0.00018119 | 0.00043681
Load  23 | 0.00041528 | 0.00088928 | 0.00000000 | 0.00043159 | 0.00000000 | 0.00000000 | 0.00000000 | 0.00044228 | 0.00000000 | 0.00000000 | 0.00000000 | 0.00084388 | 0.00000000 | 0.00000000 | 0.00000000 | 0.00000000 | 0.00000000 | 0.00043141 | 0.00000000 | 0.00000000 | 0.00017269 | 0.00028697
Load  24 | 0.00082474 | 0.00374220 | 0.00043995 | 0.00000000 | 0.00000000 | 0.00000000 | 0.00128315 | 0.00040519 | 0.00084710 | 0.00000000 | 0.00081833 | 0.00000000 | 0.00000000 | 0.00000000 | 0.00041511 | 0.00000000 | 0.00205255 | 0.00130548 | 0.00165289 | 0.00412882 | 0.00089578 | 0.00118102
Load  25 | 0.00039573 | 0.00197316 | 0.00311648 | 0.00000000 | 0.00402901 | 0.00120870 | 0.00041135 | 0.00000000 | 0.00039952 | 0.00500963 | 0.00079745 | 0.00199681 | 0.00000000 | 0.00038941 | 0.00164474 | 0.00120773 | 0.00507218 | 0.00159236 | 0.00000000 | 0.00000000 | 0.00146221 | 0.00160190
Load  26 | 0.00154739 | 0.00223131 | 0.00370370 | 0.00000000 | 0.00226330 | 0.00154739 | 0.00155159 | 0.00000000 | 0.00418569 | 0.00196541 | 0.00485800 | 0.00396040 | 0.00078709 | 0.00232648 | 0.00260126 | 0.00113766 | 0.00114987 | 0.00000000 | 0.00000000 | 0.00662252 | 0.00212195 | 0.00174502
Load  27 | 0.00694698 | 0.00253256 | 0.00454890 | 0.00075930 | 0.00231214 | 0.00073746 | 0.00404561 | 0.00152964 | 0.00704486 | 0.00480769 | 0.00493733 | 0.00779865 | 0.00075586 | 0.00509276 | 0.00073206 | 0.00472384 | 0.00487805 | 0.00554324 | 0.00182482 | 0.00073556 | 0.00361437 | 0.00229084
Load  28 | 0.01005386 | 0.00710985 | 0.00649819 | 0.00763081 | 0.00432744 | 0.00437796 | 0.00540930 | 0.00592334 | 0.00378657 | 0.01172414 | 0.00370096 | 0.00424478 | 0.00469823 | 0.00074488 | 0.00472727 | 0.00218579 | 0.00457908 | 0.00767085 | 0.00574300 | 0.01388407 | 0.00595102 | 0.00304018
Load  29 | 0.01033500 | 0.00697107 | 0.01392758 | 0.00791738 | 0.01857481 | 0.00644468 | 0.00685401 | 0.01476510 | 0.00613706 | 0.00318471 | 0.00523013 | 0.00717703 | 0.00919053 | 0.00801673 | 0.01692665 | 0.00752958 | 0.00914205 | 0.01290323 | 0.01651500 | 0.00653820 | 0.00971403 | 0.00424583
Load  30 | 0.00626236 | 0.02350637 | 0.01567603 | 0.00915931 | 0.01552180 | 0.01598402 | 0.01039222 | 0.00477327 | 0.00986842 | 0.01000690 | 0.00807809 | 0.01067378 | 0.01326982 | 0.00604027 | 0.02605541 | 0.01380671 | 0.00856955 | 0.00962530 | 0.01446417 | 0.00644723 | 0.01190905 | 0.00542097
Load  31 | 0.02088091 | 0.01322751 | 0.01256443 | 0.01594533 | 0.02466793 | 0.02158505 | 0.02740157 | 0.02341772 | 0.02034227 | 0.02720658 | 0.01770196 | 0.02674308 | 0.01852443 | 0.01637795 | 0.02598653 | 0.01265412 | 0.02231866 | 0.01351351 | 0.02467574 | 0.01770471 | 0.02017200 | 0.00495492
Load  32 | 0.03402413 | 0.02877257 | 0.01525479 | 0.03480136 | 0.03457607 | 0.03917968 | 0.03685945 | 0.02311778 | 0.02917856 | 0.02369077 | 0.01923674 | 0.01915228 | 0.02537594 | 0.02199183 | 0.02743614 | 0.02457996 | 0.02502346 | 0.02986003 | 0.01386263 | 0.02161654 | 0.02637954 | 0.00687965
Load  33 | 0.03472014 | 0.02237678 | 0.03456640 | 0.03814464 | 0.03010949 | 0.03287250 | 0.02247874 | 0.02098540 | 0.03587180 | 0.03057826 | 0.03864734 | 0.04738462 | 0.02865948 | 0.03386700 | 0.04181185 | 0.04407385 | 0.03752691 | 0.02603037 | 0.03276699 | 0.03539560 | 0.03344341 | 0.00689882
Load  34 | 0.03118441 | 0.04557406 | 0.04890338 | 0.03667840 | 0.04262877 | 0.03135072 | 0.06784999 | 0.06921518 | 0.03937947 | 0.04079861 | 0.04409118 | 0.04454730 | 0.03071364 | 0.04541485 | 0.05810658 | 0.05190931 | 0.03640193 | 0.04485872 | 0.04605659 | 0.03653506 | 0.04460991 | 0.01047342
Load  35 | 0.05824964 | 0.05542986 | 0.05555556 | 0.06533222 | 0.04855221 | 0.05618615 | 0.06778711 | 0.04121602 | 0.06365972 | 0.05114439 | 0.04994325 | 0.05360707 | 0.07184792 | 0.05661467 | 0.05190409 | 0.03052539 | 0.04466647 | 0.03858428 | 0.04858889 | 0.04822864 | 0.05288118 | 0.00974715
Load  36 | 0.05378151 | 0.04165478 | 0.05318246 | 0.05761773 | 0.07904159 | 0.08441208 | 0.06489510 | 0.04405912 | 0.06090373 | 0.05897079 | 0.06998360 | 0.05508713 | 0.06739631 | 0.09068627 | 0.04685746 | 0.06840659 | 0.06604293 | 0.06877114 | 0.05503810 | 0.05739082 | 0.06220896 | 0.01240302
Load  37 | 0.06856829 | 0.07442490 | 0.07320442 | 0.07557827 | 0.07090265 | 0.07134986 | 0.06323249 | 0.05826300 | 0.09989288 | 0.07610817 | 0.08986360 | 0.06589252 | 0.07461084 | 0.06542056 | 0.07415426 | 0.07894053 | 0.08173207 | 0.08022690 | 0.06192978 | 0.08054054 | 0.07424183 | 0.00945928
Load  38 | 0.09580221 | 0.07987220 | 0.06835307 | 0.09886128 | 0.08044164 | 0.07516600 | 0.09464237 | 0.08783784 | 0.08798956 | 0.07741935 | 0.08261438 | 0.09562698 | 0.08423554 | 0.08016767 | 0.09768908 | 0.08550090 | 0.08448862 | 0.09940920 | 0.08649226 | 0.07554833 | 0.08590792 | 0.00861377
Load  39 | 0.09515260 | 0.09914130 | 0.07377049 | 0.10719716 | 0.10307692 | 0.08542199 | 0.11603053 | 0.08938259 | 0.09419355 | 0.11867409 | 0.09555785 | 0.10538521 | 0.08316274 | 0.09316611 | 0.11668373 | 0.09759221 | 0.10955348 | 0.08099046 | 0.09534884 | 0.08598475 | 0.09727333 | 0.01208971
Load  40 | 0.11766175 | 0.11748634 | 0.11779141 | 0.10953094 | 0.12366634 | 0.12888006 | 0.12254047 | 0.10872251 | 0.09803922 | 0.11330049 | 0.09718346 | 0.11339689 | 0.09744898 | 0.11971130 | 0.13616398 | 0.10099464 | 0.10376884 | 0.10028285 | 0.11967891 | 0.13368984 | 0.11399696 | 0.01160531
Load  41 | 0.12326769 | 0.10463340 | 0.13989764 | 0.12872024 | 0.11655988 | 0.14756040 | 0.13201161 | 0.13659482 | 0.12616365 | 0.14261419 | 0.11768988 | 0.13355673 | 0.15055542 | 0.12940884 | 0.12227603 | 0.13496333 | 0.13360228 | 0.07877238 | 0.14121390 | 0.12075655 | 0.12804094 | 0.01571911
Load  42 | 0.12581188 | 0.12035483 | 0.14357382 | 0.16937191 | 0.13435701 | 0.14121314 | 0.15200580 | 0.11821010 | 0.15026875 | 0.12698032 | 0.13296860 | 0.13972537 | 0.13909328 | 0.14891098 | 0.14586748 | 0.15233533 | 0.15003555 | 0.10012453 | 0.12897062 | 0.14779874 | 0.13839890 | 0.01504697
Load  43 | 0.15260951 | 0.16014235 | 0.14814815 | 0.13539698 | 0.17158367 | 0.15707657 | 0.15251423 | 0.15718284 | 0.17726532 | 0.13717129 | 0.13956198 | 0.14820076 | 0.15335539 | 0.17035656 | 0.16427395 | 0.14750644 | 0.15756303 | 0.16215580 | 0.18169368 | 0.14971618 | 0.15617373 | 0.01225400
Load  44 | 0.18011299 | 0.17467547 | 0.18365969 | 0.17704105 | 0.18364163 | 0.16169154 | 0.17600527 | 0.14682081 | 0.17558299 | 0.17972043 | 0.19501336 | 0.17368421 | 0.14279091 | 0.18335559 | 0.16128298 | 0.19690608 | 0.16093992 | 0.14867052 | 0.17640524 | 0.18074173 | 0.17293712 | 0.01447963
Load  45 | 0.18997128 | 0.17570009 | 0.16412821 | 0.17489295 | 0.15984626 | 0.18888159 | 0.20114060 | 0.18606722 | 0.16522727 | 0.17664266 | 0.19804183 | 0.15959821 | 0.17868200 | 0.18301676 | 0.17314647 | 0.16008083 | 0.15956014 | 0.18727837 | 0.18463582 | 0.17599822 | 0.17712684 | 0.01251738
Load  46 | 0.19755732 | 0.20159380 | 0.21869676 | 0.16392363 | 0.18281988 | 0.19925958 | 0.21786399 | 0.18948283 | 0.16073427 | 0.19664372 | 0.17087335 | 0.18702703 | 0.19331267 | 0.19662297 | 0.20653114 | 0.19799389 | 0.20088988 | 0.19269031 | 0.19561917 | 0.17395105 | 0.19220436 | 0.01515597
Load  47 | 0.23173057 | 0.20449147 | 0.21980574 | 0.23938879 | 0.20570309 | 0.20192913 | 0.20122986 | 0.20455998 | 0.21600167 | 0.20292002 | 0.22514190 | 0.19883671 | 0.21397197 | 0.21946605 | 0.20487288 | 0.20936225 | 0.18721058 | 0.18431122 | 0.20811213 | 0.21541118 | 0.20972286 | 0.01310577
Load  48 | 0.21165254 | 0.22275675 | 0.23747719 | 0.21736441 | 0.21886792 | 0.22173182 | 0.20668629 | 0.23369565 | 0.20229494 | 0.20363788 | 0.23433686 | 0.24525636 | 0.20144190 | 0.21807179 | 0.19742399 | 0.22092781 | 0.24638272 | 0.21097842 | 0.20959803 | 0.22618548 | 0.21933844 | 0.01406628
Load  49 | 0.24276396 | 0.22283723 | 0.22944709 | 0.22932855 | 0.26723624 | 0.22518210 | 0.23314894 | 0.21272158 | 0.23425437 | 0.24756888 | 0.24279334 | 0.24447598 | 0.22811726 | 0.23577236 | 0.23609419 | 0.23445569 | 0.24177164 | 0.22251468 | 0.22556853 | 0.24133093 | 0.23486918 | 0.01139186
Load  50 | 0.25697446 | 0.25138340 | 0.25198886 | 0.26102574 | 0.26038999 | 0.23914349 | 0.23883337 | 0.25439483 | 0.24337881 | 0.25187525 | 0.27301462 | 0.25396197 | 0.25300967 | 0.25241323 | 0.22262774 | 0.26065509 | 0.23149829 | 0.24314190 | 0.24361532 | 0.24198427 | 0.24926551 | 0.01118002
Load  51 | 0.27281479 | 0.24197432 | 0.26398739 | 0.24825245 | 0.27878671 | 0.25823124 | 0.25009724 | 0.24484897 | 0.23743017 | 0.23439079 | 0.25192650 | 0.27864685 | 0.27751196 | 0.25133268 | 0.24038462 | 0.25563615 | 0.26303456 | 0.25289190 | 0.24956063 | 0.24935733 | 0.25505486 | 0.01319724
Load  52 | 0.28890586 | 0.26255049 | 0.26217156 | 0.29901216 | 0.25803329 | 0.28125000 | 0.28904473 | 0.26159519 | 0.26976112 | 0.28295323 | 0.25811529 | 0.25425386 | 0.26060257 | 0.27720108 | 0.28734080 | 0.29483568 | 0.28557875 | 0.27122868 | 0.27430016 | 0.25394990 | 0.27363422 | 0.01394613
Load  53 | 0.27175776 | 0.26625790 | 0.26551590 | 0.26942711 | 0.29301375 | 0.30289532 | 0.27098675 | 0.27975101 | 0.29544186 | 0.30139570 | 0.27753134 | 0.27622642 | 0.26356884 | 0.26428027 | 0.29267386 | 0.26757326 | 0.28397147 | 0.25837776 | 0.29725667 | 0.27388414 | 0.27858935 | 0.01356578
Load  54 | 0.28365204 | 0.30954554 | 0.27802945 | 0.27640107 | 0.28028009 | 0.28116810 | 0.30674625 | 0.28659678 | 0.29802681 | 0.30361710 | 0.32580586 | 0.28185766 | 0.28033157 | 0.27934228 | 0.29125304 | 0.28408254 | 0.30689278 | 0.29343557 | 0.29977917 | 0.30209841 | 0.29244710 | 0.01318393
Load  55 | 0.32007846 | 0.32884296 | 0.31631382 | 0.30623405 | 0.33071429 | 0.31473742 | 0.29857560 | 0.27978606 | 0.30343580 | 0.28829982 | 0.33279454 | 0.30392337 | 0.30020172 | 0.29574624 | 0.29546706 | 0.31626890 | 0.29936662 | 0.30025445 | 0.27893064 | 0.31889268 | 0.30644323 | 0.01520724
Load  56 | 0.31643143 | 0.31782809 | 0.31197573 | 0.31424506 | 0.30910399 | 0.30184542 | 0.32821869 | 0.31760339 | 0.29184704 | 0.33433469 | 0.30917186 | 0.31685112 | 0.30294760 | 0.32149201 | 0.30930065 | 0.33128057 | 0.32078790 | 0.34384749 | 0.32445477 | 0.28981008 | 0.31566888 | 0.01308045
Load  57 | 0.32649156 | 0.32588358 | 0.33577151 | 0.32535802 | 0.33148789 | 0.32426304 | 0.33923919 | 0.34026334 | 0.32386463 | 0.30687161 | 0.33263853 | 0.31130899 | 0.33018042 | 0.32707493 | 0.32222420 | 0.32079415 | 0.31362513 | 0.31413799 | 0.31781589 | 0.34426511 | 0.32567799 | 0.00972293
Load  58 | 0.33608673 | 0.33472730 | 0.34325021 | 0.34163823 | 0.32716263 | 0.33106730 | 0.33857316 | 0.32475829 | 0.33678936 | 0.34769125 | 0.32338654 | 0.34753707 | 0.34764022 | 0.32838946 | 0.31568900 | 0.33151312 | 0.33531885 | 0.33868488 | 0.32560955 | 0.33877060 | 0.33471419 | 0.00856519
Load  59 | 0.33986038 | 0.34992330 | 0.33749578 | 0.30649939 | 0.33707102 | 0.33823529 | 0.32908742 | 0.32761905 | 0.36718236 | 0.35544786 | 0.33624979 | 0.37420648 | 0.35671543 | 0.34579439 | 0.35410959 | 0.35867184 | 0.35036496 | 0.35622174 | 0.36578370 | 0.34307065 | 0.34648052 | 0.01539212
Load  60 | 0.33950000 | 0.33253955 | 0.37244981 | 0.34485638 | 0.34240134 | 0.35136032 | 0.35883424 | 0.35535270 | 0.35309017 | 0.34916107 | 0.34908664 | 0.35899554 | 0.36003989 | 0.36720554 | 0.35910512 | 0.36058562 | 0.36474868 | 0.35308765 | 0.34744770 | 0.36275636 | 0.35413022 | 0.00961970
Load  61 | 0.38625783 | 0.35494487 | 0.37042484 | 0.34744094 | 0.37205497 | 0.36323601 | 0.36317678 | 0.35648689 | 0.33706531 | 0.36291240 | 0.36476839 | 0.37111699 | 0.35613247 | 0.37567612 | 0.37729659 | 0.35370960 | 0.35397490 | 0.37935016 | 0.38840858 | 0.36650843 | 0.36504715 | 0.01263046
Load  62 | 0.38891543 | 0.37372097 | 0.38737584 | 0.37400064 | 0.37289521 | 0.38882646 | 0.37675545 | 0.37958199 | 0.39242305 | 0.37824335 | 0.38830040 | 0.35574413 | 0.38943628 | 0.39151476 | 0.38202429 | 0.36454634 | 0.39147040 | 0.39577283 | 0.37050186 | 0.37618580 | 0.38091177 | 0.01023741
Load  63 | 0.38979045 | 0.39091916 | 0.37327337 | 0.39011600 | 0.38030424 | 0.39023622 | 0.38550039 | 0.39021330 | 0.37340561 | 0.38084703 | 0.39454254 | 0.37992032 | 0.38417449 | 0.38218391 | 0.39853033 | 0.39673482 | 0.39151765 | 0.38255141 | 0.39361702 | 0.38186422 | 0.38651212 | 0.00701188
Load  64 | 0.39969207 | 0.40458844 | 0.40099626 | 0.39224273 | 0.41033673 | 0.39294593 | 0.40570988 | 0.39643758 | 0.39778481 | 0.38960630 | 0.40458861 | 0.40426526 | 0.40348443 | 0.39777247 | 0.40916077 | 0.39784442 | 0.38502843 | 0.40972328 | 0.39557818 | 0.39838044 | 0.39980835 | 0.00664154
Load  65 | 0.42234620 | 0.39902676 | 0.40441405 | 0.40709589 | 0.40712508 | 0.39818657 | 0.41231144 | 0.39049424 | 0.42460796 | 0.39479117 | 0.39667277 | 0.41404834 | 0.38086505 | 0.40895062 | 0.39031250 | 0.40327565 | 0.39468779 | 0.42352941 | 0.38246763 | 0.40197568 | 0.40285924 | 0.01222232
Load  66 | 0.39682540 | 0.40684825 | 0.41194075 | 0.40110650 | 0.42402827 | 0.41347626 | 0.42842168 | 0.39467646 | 0.38915275 | 0.40550092 | 0.39541370 | 0.42227139 | 0.39960117 | 0.41954281 | 0.42660754 | 0.41202503 | 0.39277514 | 0.42290352 | 0.39563625 | 0.42029425 | 0.40895240 | 0.01245041
Load  67 | 0.41302395 | 0.42797927 | 0.44600871 | 0.42777694 | 0.42072631 | 0.40752493 | 0.41357561 | 0.41435392 | 0.40777139 | 0.42447761 | 0.41976950 | 0.41245842 | 0.43149439 | 0.40029586 | 0.42131904 | 0.42345865 | 0.44249889 | 0.40505383 | 0.42390163 | 0.41852796 | 0.42009984 | 0.01137089
Load  68 | 0.43648019 | 0.43325527 | 0.43328467 | 0.41375222 | 0.43792392 | 0.41964549 | 0.43751829 | 0.41862876 | 0.42337701 | 0.40282847 | 0.41701368 | 0.43140951 | 0.43734572 | 0.43395671 | 0.42869718 | 0.44615608 | 0.43242056 | 0.41820041 | 0.42800702 | 0.42318925 | 0.42765452 | 0.01013347
Load  69 | 0.43843714 | 0.43058553 | 0.41612330 | 0.45454545 | 0.43695434 | 0.42179184 | 0.42723632 | 0.45067587 | 0.43026489 | 0.42926257 | 0.43342981 | 0.42275117 | 0.44742991 | 0.44481268 | 0.42880093 | 0.44264897 | 0.42533137 | 0.43295569 | 0.43723252 | 0.42154118 | 0.43364057 | 0.01013984
Load  70 | 0.42974729 | 0.43704652 | 0.44586530 | 0.45192444 | 0.43698199 | 0.44616933 | 0.42706402 | 0.43285286 | 0.44341107 | 0.44707741 | 0.42248117 | 0.43873626 | 0.44302177 | 0.43416837 | 0.43282727 | 0.46101648 | 0.46039116 | 0.44225272 | 0.44458818 | 0.43632243 | 0.44069730 | 0.00976796
Load  71 | 0.43996606 | 0.45835077 | 0.46143213 | 0.43420117 | 0.45820563 | 0.44128014 | 0.44165171 | 0.45231113 | 0.44456966 | 0.44733894 | 0.44543524 | 0.44718793 | 0.42293751 | 0.44395322 | 0.43174924 | 0.42590719 | 0.42873680 | 0.43213773 | 0.43861415 | 0.43150297 | 0.44137346 | 0.01065727
Load  72 | 0.45105968 | 0.45825375 | 0.44139012 | 0.44899677 | 0.45344353 | 0.47341386 | 0.44878116 | 0.44240656 | 0.45534852 | 0.44101202 | 0.47022161 | 0.45421552 | 0.46520708 | 0.43930229 | 0.44652670 | 0.46704202 | 0.43506221 | 0.46871115 | 0.44512792 | 0.47121595 | 0.45383692 | 0.01162007
Load  73 | 0.47208755 | 0.46115702 | 0.45376641 | 0.45696185 | 0.47932203 | 0.45356252 | 0.45952013 | 0.44893177 | 0.46546999 | 0.45423866 | 0.45136026 | 0.46619951 | 0.44948796 | 0.45603638 | 0.46494973 | 0.45387150 | 0.45980529 | 0.47373448 | 0.46620708 | 0.45181894 | 0.45992445 | 0.00834127
Load  74 | 0.46606949 | 0.46868251 | 0.49261870 | 0.49231181 | 0.46525803 | 0.47015547 | 0.47799249 | 0.47773443 | 0.48640000 | 0.48963423 | 0.45881869 | 0.47741760 | 0.46853147 | 0.47206554 | 0.46811071 | 0.47520661 | 0.46879186 | 0.47298208 | 0.48866739 | 0.46981769 | 0.47536334 | 0.00956027
Load  75 | 0.47249628 | 0.47448294 | 0.49284495 | 0.46697924 | 0.48563181 | 0.46055842 | 0.47551512 | 0.47439172 | 0.47273451 | 0.47385272 | 0.49297992 | 0.47561790 | 0.47362727 | 0.47644903 | 0.46746598 | 0.48273092 | 0.47427653 | 0.45927724 | 0.46989247 | 0.47319160 | 0.47474983 | 0.00847937
Load  76 | 0.48957365 | 0.48674923 | 0.46481135 | 0.49796561 | 0.47906855 | 0.46914894 | 0.47669213 | 0.49518981 | 0.49564992 | 0.49255680 | 0.47503661 | 0.47696938 | 0.47322721 | 0.49295223 | 0.47164375 | 0.48993114 | 0.47358591 | 0.47395695 | 0.49229966 | 0.48060345 | 0.48238061 | 0.00996345
Load  77 | 0.48779868 | 0.49532953 | 0.49270353 | 0.49577032 | 0.49967796 | 0.47327023 | 0.49630302 | 0.50772571 | 0.49165798 | 0.48242645 | 0.48768088 | 0.50523093 | 0.49980598 | 0.47565642 | 0.50185588 | 0.49483071 | 0.47352595 | 0.49240082 | 0.48142801 | 0.48718277 | 0.49111309 | 0.00974266
Load  78 | 0.50538186 | 0.49459769 | 0.49342189 | 0.51553672 | 0.49426620 | 0.49265566 | 0.50273572 | 0.50266565 | 0.48595974 | 0.47603710 | 0.50340661 | 0.48194336 | 0.48435249 | 0.50000000 | 0.49435173 | 0.51798835 | 0.48598972 | 0.49137043 | 0.50298034 | 0.50274130 | 0.49641913 | 0.01045046
Load  79 | 0.51982705 | 0.50095141 | 0.49807148 | 0.49136497 | 0.50603028 | 0.48133044 | 0.51441653 | 0.50456650 | 0.50276172 | 0.49465879 | 0.47248773 | 0.48529032 | 0.49171924 | 0.48865620 | 0.49049189 | 0.49490783 | 0.49513444 | 0.49594526 | 0.50650335 | 0.51693315 | 0.49760243 | 0.01153933
Load  80 | 0.50161571 | 0.49606399 | 0.50299700 | 0.48914116 | 0.50416246 | 0.52821219 | 0.50219987 | 0.51207256 | 0.50389056 | 0.50611679 | 0.52010691 | 0.48498670 | 0.49451810 | 0.51243406 | 0.50063020 | 0.50564334 | 0.50667002 | 0.49507949 | 0.51152988 | 0.51826000 | 0.50481655 | 0.01019574
Load  81 | 0.52324284 | 0.50621157 | 0.52737293 | 0.51495351 | 0.51611726 | 0.52282462 | 0.53125000 | 0.52581818 | 0.51594955 | 0.50168392 | 0.51367553 | 0.51234414 | 0.52847128 | 0.52502162 | 0.52351863 | 0.51142787 | 0.52442511 | 0.51001638 | 0.51283634 | 0.51525175 | 0.51812065 | 0.00780945
Load  82 | 0.53296770 | 0.51709920 | 0.51607795 | 0.51897335 | 0.51832969 | 0.51352687 | 0.51779424 | 0.52631579 | 0.51466634 | 0.50789344 | 0.52388363 | 0.52284018 | 0.52254149 | 0.52043298 | 0.50915706 | 0.51673180 | 0.49905672 | 0.51328182 | 0.51763285 | 0.51955930 | 0.51743812 | 0.00697786
Load  83 | 0.52214200 | 0.51556373 | 0.51148021 | 0.51724560 | 0.53889153 | 0.53123487 | 0.52593125 | 0.53347889 | 0.51541531 | 0.53707439 | 0.52327972 | 0.52010595 | 0.53770649 | 0.54367666 | 0.51353302 | 0.52378635 | 0.53336511 | 0.52931950 | 0.52832244 | 0.53136755 | 0.52664603 | 0.00905143
Load  84 | 0.53468857 | 0.54198295 | 0.54023396 | 0.53993648 | 0.53638401 | 0.52221827 | 0.53013929 | 0.54232958 | 0.53651949 | 0.54733038 | 0.53785621 | 0.54124678 | 0.53715575 | 0.53736912 | 0.54001186 | 0.54113626 | 0.53248438 | 0.53139411 | 0.53973510 | 0.52514949 | 0.53676510 | 0.00589191
Load  85 | 0.53950472 | 0.52681013 | 0.54025424 | 0.54187135 | 0.55651672 | 0.54329885 | 0.54877201 | 0.52879705 | 0.52560583 | 0.54455676 | 0.52955139 | 0.54643024 | 0.51739233 | 0.54980219 | 0.52780430 | 0.54608430 | 0.54782406 | 0.52862073 | 0.53434757 | 0.54474116 | 0.53842930 | 0.01007754
Load  86 | 0.53312701 | 0.56017455 | 0.54032163 | 0.52496769 | 0.55192707 | 0.53399861 | 0.52589735 | 0.53467325 | 0.52990852 | 0.53599153 | 0.53731518 | 0.53701748 | 0.53570598 | 0.54777365 | 0.55095616 | 0.53661327 | 0.54798834 | 0.54621947 | 0.53186736 | 0.53771147 | 0.53900778 | 0.00890063
Load  87 | 0.53377669 | 0.54240037 | 0.55187007 | 0.53641846 | 0.55767902 | 0.54993097 | 0.53433109 | 0.56114286 | 0.55624213 | 0.54700069 | 0.53812077 | 0.54320276 | 0.55720654 | 0.54519018 | 0.56204632 | 0.55460945 | 0.53991426 | 0.55046697 | 0.54181567 | 0.55719101 | 0.54802781 | 0.00882357
Load  88 | 0.53499476 | 0.53135948 | 0.55145362 | 0.54481241 | 0.54037054 | 0.55084273 | 0.55160820 | 0.54902406 | 0.56125324 | 0.56789705 | 0.57221350 | 0.54969621 | 0.54105239 | 0.54828872 | 0.54701835 | 0.56483763 | 0.55100656 | 0.56006865 | 0.54878188 | 0.54964338 | 0.55081117 | 0.01010439
Load  89 | 0.55087485 | 0.54890153 | 0.54833990 | 0.55439776 | 0.54679914 | 0.55150142 | 0.56222646 | 0.56036217 | 0.55281610 | 0.55692065 | 0.56218459 | 0.57656059 | 0.56074663 | 0.56651121 | 0.55794234 | 0.55317238 | 0.54481404 | 0.54822050 | 0.55409357 | 0.56595936 | 0.55616726 | 0.00776291
Load  90 | 0.56241715 | 0.56082381 | 0.55102270 | 0.55270332 | 0.55763308 | 0.56986729 | 0.55483727 | 0.55296371 | 0.56058442 | 0.56720876 | 0.56202503 | 0.57268529 | 0.57147555 | 0.57098388 | 0.56598208 | 0.56863606 | 0.55423729 | 0.56233274 | 0.56355506 | 0.55355321 | 0.56177639 | 0.00681634
Load  91 | 0.56444297 | 0.55639600 | 0.56461622 | 0.58174946 | 0.57097689 | 0.54967182 | 0.55921272 | 0.55364048 | 0.56206665 | 0.56449638 | 0.57799869 | 0.55932203 | 0.54967639 | 0.56771679 | 0.56425881 | 0.55419132 | 0.56114235 | 0.56002197 | 0.56639685 | 0.57391496 | 0.56309549 | 0.00838576
Load  92 | 0.55977848 | 0.57311910 | 0.57076641 | 0.56509817 | 0.57276017 | 0.57966796 | 0.57114840 | 0.57483731 | 0.57166266 | 0.55738240 | 0.57371245 | 0.58252427 | 0.57174296 | 0.56970627 | 0.56984284 | 0.55952381 | 0.58000649 | 0.57188889 | 0.55325186 | 0.57488131 | 0.57016511 | 0.00747535
Load  93 | 0.56360443 | 0.57800593 | 0.57595547 | 0.57404381 | 0.57296534 | 0.57152048 | 0.55925404 | 0.55704333 | 0.57644297 | 0.57403238 | 0.58309287 | 0.57558575 | 0.58721861 | 0.58710148 | 0.57132051 | 0.57606145 | 0.56809591 | 0.57936081 | 0.58319888 | 0.58133616 | 0.57476203 | 0.00799852
Load  94 | 0.56928718 | 0.58241758 | 0.57559453 | 0.58171686 | 0.56994430 | 0.57211334 | 0.56939123 | 0.58887609 | 0.58310308 | 0.58572792 | 0.57497839 | 0.56107955 | 0.58529599 | 0.56060938 | 0.58173691 | 0.58658524 | 0.57133635 | 0.59897199 | 0.59063714 | 0.58092822 | 0.57851656 | 0.00969193
Load  95 | 0.59371411 | 0.58526603 | 0.59482759 | 0.58588284 | 0.57708598 | 0.58003406 | 0.59739858 | 0.58401113 | 0.57494219 | 0.58964646 | 0.58891672 | 0.57330066 | 0.58770726 | 0.56983000 | 0.58901495 | 0.57109157 | 0.58021390 | 0.59134467 | 0.58271033 | 0.57986662 | 0.58384028 | 0.00776275
Load  96 | 0.57306560 | 0.57753115 | 0.59178312 | 0.58947700 | 0.58764920 | 0.57210877 | 0.58939774 | 0.57530501 | 0.60468994 | 0.59214345 | 0.58441831 | 0.58848124 | 0.59462568 | 0.58090803 | 0.58819863 | 0.57964323 | 0.58788697 | 0.57797302 | 0.58192796 | 0.58709200 | 0.58521530 | 0.00781315
Load  97 | 0.59271213 | 0.58478803 | 0.59084805 | 0.60006167 | 0.59664634 | 0.58751440 | 0.59631232 | 0.58567401 | 0.60654243 | 0.60862523 | 0.59786294 | 0.57761004 | 0.59175110 | 0.59371504 | 0.59598031 | 0.58725389 | 0.60032996 | 0.59798227 | 0.59028357 | 0.59706546 | 0.59397796 | 0.00722977
Load  98 | 0.59200000 | 0.59802638 | 0.57999382 | 0.59428106 | 0.59756472 | 0.59360825 | 0.58837424 | 0.60925424 | 0.61196616 | 0.60143174 | 0.59738643 | 0.58964308 | 0.57756290 | 0.59619259 | 0.59777553 | 0.61742502 | 0.60460653 | 0.59373426 | 0.58244736 | 0.58656517 | 0.59549197 | 0.00999222
Load  99 | 0.59104719 | 0.60830143 | 0.60432236 | 0.58795870 | 0.61382320 | 0.59819069 | 0.59620815 | 0.60353788 | 0.60931358 | 0.60276442 | 0.60080931 | 0.60050531 | 0.59489682 | 0.60498436 | 0.58751641 | 0.58362989 | 0.59785714 | 0.59538805 | 0.59394434 | 0.59478404 | 0.59848916 | 0.00757654
Load 100 | 0.59546102 | 0.59797776 | 0.59570841 | 0.61157440 | 0.59957670 | 0.61041150 | 0.60901798 | 0.61191498 | 0.59508461 | 0.59844507 | 0.61823924 | 0.60768695 | 0.60770242 | 0.60838671 | 0.59398115 | 0.60989883 | 0.60396138 | 0.61639247 | 0.59935510 | 0.59613459 | 0.60434556 | 0.00746072
Load 101 | 0.59914394 | 0.60981705 | 0.59006709 | 0.60701928 | 0.60996512 | 0.59932291 | 0.60684542 | 0.60055451 | 0.61208173 | 0.61053770 | 0.60006064 | 0.61662173 | 0.59555556 | 0.60898322 | 0.61551301 | 0.60527098 | 0.61219633 | 0.61021825 | 0.61254794 | 0.60007971 | 0.60612011 | 0.00691253
Load 102 | 0.61000295 | 0.59988145 | 0.61015448 | 0.61985472 | 0.61368740 | 0.62703342 | 0.61209542 | 0.60647059 | 0.61010654 | 0.60463037 | 0.60753640 | 0.61123662 | 0.61480760 | 0.60289133 | 0.60588293 | 0.61700460 | 0.61259579 | 0.60756572 | 0.60798831 | 0.59408308 | 0.60977549 | 0.00694716
Load 103 | 0.61154177 | 0.60148249 | 0.61614173 | 0.61387003 | 0.61269040 | 0.61050049 | 0.61402829 | 0.61078308 | 0.62249270 | 0.62461449 | 0.61854483 | 0.61677583 | 0.61158248 | 0.60941015 | 0.60034972 | 0.60349826 | 0.60557885 | 0.61486092 | 0.61255878 | 0.60780705 | 0.61195562 | 0.00615152
Load 104 | 0.63027903 | 0.61975499 | 0.62454732 | 0.61968852 | 0.61673337 | 0.60329937 | 0.62809128 | 0.62291627 | 0.61237506 | 0.62213264 | 0.62605594 | 0.61540670 | 0.61815036 | 0.61864243 | 0.61979116 | 0.62438283 | 0.61784675 | 0.61158882 | 0.60232558 | 0.61208948 | 0.61830490 | 0.00716905
Load 105 | 0.62390588 | 0.60562421 | 0.61483322 | 0.62328183 | 0.62403433 | 0.62082971 | 0.62563125 | 0.61778939 | 0.63232247 | 0.62536622 | 0.61826162 | 0.62576161 | 0.62362220 | 0.61739793 | 0.61524621 | 0.62412488 | 0.62748106 | 0.62343376 | 0.61882465 | 0.61773963 | 0.62127560 | 0.00561700
Load 106 | 0.63279184 | 0.60891757 | 0.64178417 | 0.62302675 | 0.62945707 | 0.62828978 | 0.62310571 | 0.62639737 | 0.61922188 | 0.62057574 | 0.61907025 | 0.62831118 | 0.63046333 | 0.62690617 | 0.63043890 | 0.62995883 | 0.62556118 | 0.62248804 | 0.62033195 | 0.62138256 | 0.62542401 | 0.00657964
Load 107 | 0.62856614 | 0.62747129 | 0.64161422 | 0.63192122 | 0.63855536 | 0.63391592 | 0.63261682 | 0.60745987 | 0.63018304 | 0.64054404 | 0.62573812 | 0.62215701 | 0.62612613 | 0.63686576 | 0.63104895 | 0.62408045 | 0.62272983 | 0.61780300 | 0.62522437 | 0.61807608 | 0.62813488 | 0.00817519
Load 108 | 0.62713765 | 0.63644816 | 0.63236791 | 0.62509363 | 0.63783883 | 0.63339767 | 0.62554779 | 0.63774622 | 0.62108824 | 0.63140907 | 0.63040665 | 0.62504708 | 0.62904439 | 0.63336389 | 0.63352194 | 0.62876379 | 0.63643041 | 0.62660542 | 0.64110766 | 0.64339312 | 0.63178798 | 0.00572810
Load 109 | 0.64121857 | 0.64075534 | 0.62906112 | 0.63901325 | 0.64209863 | 0.64317977 | 0.63861703 | 0.63816390 | 0.62531598 | 0.64928526 | 0.63457725 | 0.62324723 | 0.62407339 | 0.64323787 | 0.63796117 | 0.64147851 | 0.63732102 | 0.63316676 | 0.64672212 | 0.63583062 | 0.63721624 | 0.00702255
Load 110 | 0.63499590 | 0.63888638 | 0.64349490 | 0.62596756 | 0.64562539 | 0.63642167 | 0.63249955 | 0.63957532 | 0.64783002 | 0.64176678 | 0.63852992 | 0.63377850 | 0.63204450 | 0.63891630 | 0.64213513 | 0.62950607 | 0.63801757 | 0.65408182 | 0.64799059 | 0.62927273 | 0.63856683 | 0.00693112
Load 111 | 0.64007220 | 0.64659757 | 0.65128973 | 0.63747748 | 0.64910061 | 0.62758558 | 0.63919742 | 0.64031980 | 0.64860265 | 0.64777255 | 0.65193071 | 0.64868920 | 0.63541007 | 0.64831560 | 0.64940061 | 0.64034055 | 0.62901480 | 0.65638963 | 0.64854682 | 0.63500948 | 0.64355315 | 0.00768361
Load 112 | 0.63701004 | 0.64216704 | 0.64139602 | 0.65338110 | 0.65079228 | 0.64067582 | 0.64444244 | 0.64783110 | 0.64471928 | 0.64173228 | 0.64414577 | 0.63951286 | 0.64426287 | 0.63914863 | 0.64548465 | 0.63039126 | 0.66285365 | 0.64386282 | 0.63538753 | 0.65235174 | 0.64407746 | 0.00691076
Load 113 | 0.64508161 | 0.65512380 | 0.64115587 | 0.64714755 | 0.64777435 | 0.65031324 | 0.64560932 | 0.64348756 | 0.65190840 | 0.64988962 | 0.64373399 | 0.64662991 | 0.64242479 | 0.64780375 | 0.64003918 | 0.64922690 | 0.64087760 | 0.66093429 | 0.64571077 | 0.64211276 | 0.64684926 | 0.00502334
Load 114 | 0.64121669 | 0.65382258 | 0.63996821 | 0.64837291 | 0.64883885 | 0.66214807 | 0.65685324 | 0.66669565 | 0.65121058 | 0.65303070 | 0.64538448 | 0.65218933 | 0.65781636 | 0.65667286 | 0.66840686 | 0.64052346 | 0.66309699 | 0.65455019 | 0.64614035 | 0.65417540 | 0.65305569 | 0.00799527
Load 115 | 0.65693557 | 0.66384522 | 0.65503169 | 0.64050949 | 0.64900892 | 0.66092987 | 0.65008772 | 0.64383803 | 0.65055021 | 0.65033563 | 0.65476395 | 0.65826403 | 0.66010796 | 0.65382936 | 0.64793388 | 0.65153245 | 0.65527897 | 0.66197795 | 0.65778671 | 0.65099031 | 0.65367690 | 0.00587801
Load 116 | 0.65384949 | 0.65416128 | 0.64439100 | 0.65543423 | 0.65325936 | 0.64349952 | 0.65827494 | 0.65785394 | 0.66380264 | 0.65825091 | 0.65333447 | 0.66744206 | 0.66235335 | 0.64961348 | 0.66013755 | 0.65295386 | 0.65627992 | 0.65632917 | 0.65661872 | 0.66454352 | 0.65611917 | 0.00591727
Load 117 | 0.66555868 | 0.65510204 | 0.64614722 | 0.66943761 | 0.66248729 | 0.67157236 | 0.66015358 | 0.66018003 | 0.64217805 | 0.65576271 | 0.66423174 | 0.65743290 | 0.66167843 | 0.66238218 | 0.65915966 | 0.65741529 | 0.66029614 | 0.65417669 | 0.65736474 | 0.65967208 | 0.65911947 | 0.00662388
Load 118 | 0.66235864 | 0.65615061 | 0.66991761 | 0.66278872 | 0.66276587 | 0.66168770 | 0.66365097 | 0.67551449 | 0.65793243 | 0.66241231 | 0.66952141 | 0.67149881 | 0.66289728 | 0.65857372 | 0.65568837 | 0.66522916 | 0.66186074 | 0.66826519 | 0.66460303 | 0.65152168 | 0.66324194 | 0.00563482
Load 119 | 0.66847872 | 0.66716294 | 0.66247082 | 0.67249427 | 0.66448802 | 0.67079044 | 0.66787643 | 0.66793263 | 0.66167060 | 0.66814567 | 0.67324616 | 0.65977284 | 0.66074436 | 0.66501094 | 0.66708669 | 0.67294818 | 0.66748187 | 0.66385008 | 0.66658230 | 0.67264008 | 0.66704370 | 0.00397976
Load 120 | 0.66522550 | 0.67063693 | 0.67933667 | 0.66747370 | 0.66359833 | 0.66719191 | 0.66979565 | 0.68159575 | 0.65874968 | 0.67662797 | 0.68191955 | 0.66496868 | 0.66995360 | 0.67012379 | 0.67003197 | 0.66924342 | 0.67193479 | 0.67314884 | 0.67103275 | 0.65782871 | 0.67002091 | 0.00633034
Load 121 | 0.66633216 | 0.66194484 | 0.65830747 | 0.66023328 | 0.67106125 | 0.66335968 | 0.66505542 | 0.66344874 | 0.66822968 | 0.67152318 | 0.67763050 | 0.66371021 | 0.65980921 | 0.66475457 | 0.66708406 | 0.67362903 | 0.66968363 | 0.65862098 | 0.67266010 | 0.68240065 | 0.66697393 | 0.00627137
Load 122 | 0.68339453 | 0.67536759 | 0.67815625 | 0.68298444 | 0.67000580 | 0.66375616 | 0.67063197 | 0.66175872 | 0.65615142 | 0.68027155 | 0.67548097 | 0.67017256 | 0.67102100 | 0.67658023 | 0.67085099 | 0.67398703 | 0.67866026 | 0.67611903 | 0.66553943 | 0.67178519 | 0.67263376 | 0.00684018
Load 123 | 0.67653667 | 0.68291903 | 0.67049967 | 0.68018054 | 0.66948596 | 0.67426471 | 0.67450212 | 0.68261576 | 0.67510960 | 0.67460765 | 0.67511104 | 0.68104975 | 0.66780405 | 0.68256956 | 0.67119388 | 0.67283650 | 0.68658774 | 0.67197659 | 0.67195032 | 0.67437443 | 0.67580878 | 0.00503194
Load 124 | 0.67818977 | 0.67449114 | 0.68479911 | 0.67446567 | 0.67858280 | 0.67977439 | 0.66954397 | 0.68220918 | 0.67136615 | 0.67343623 | 0.68420629 | 0.67979131 | 0.68254610 | 0.67355305 | 0.66908096 | 0.68599150 | 0.67910627 | 0.67545963 | 0.67691815 | 0.67278635 | 0.67731490 | 0.00490326
Load 125 | 0.68079860 | 0.67031024 | 0.67348912 | 0.67962800 | 0.67643555 | 0.67784861 | 0.68391675 | 0.67840114 | 0.68891023 | 0.67532993 | 0.69030332 | 0.67846678 | 0.67707411 | 0.68471134 | 0.68025972 | 0.68827111 | 0.67992318 | 0.67557499 | 0.67982839 | 0.68106815 | 0.68002746 | 0.00500989
Load 126 | 0.67384932 | 0.68078306 | 0.68273124 | 0.68329803 | 0.68415343 | 0.68018997 | 0.67656475 | 0.67486274 | 0.69014524 | 0.68083591 | 0.68956682 | 0.68487429 | 0.69009940 | 0.69741900 | 0.68625427 | 0.67737564 | 0.68283996 | 0.68400603 | 0.68487362 | 0.68130648 | 0.68330146 | 0.00554153
Load 127 | 0.67804684 | 0.68692362 | 0.68037324 | 0.68210988 | 0.68421889 | 0.68828632 | 0.69164667 | 0.69162754 | 0.69506975 | 0.68378273 | 0.69394962 | 0.68507806 | 0.67949944 | 0.68241532 | 0.69461682 | 0.69122035 | 0.67824797 | 0.68345609 | 0.68566698 | 0.67838285 | 0.68573095 | 0.00554046
Load 128 | 0.69769592 | 0.68394926 | 0.68375265 | 0.68950983 | 0.68218527 | 0.68892863 | 0.68563367 | 0.69445753 | 0.68315265 | 0.70271315 | 0.68556133 | 0.68627918 | 0.68428896 | 0.70177332 | 0.68958464 | 0.68396488 | 0.68338978 | 0.68548449 | 0.68884419 | 0.68625749 | 0.68837034 | 0.00596846
Load 129 | 0.69610250 | 0.69135706 | 0.69125493 | 0.68073960 | 0.69426851 | 0.68344817 | 0.69612963 | 0.69984532 | 0.69008201 | 0.69378322 | 0.69481956 | 0.69573342 | 0.69479409 | 0.68831269 | 0.69580285 | 0.69220056 | 0.69497414 | 0.68838110 | 0.69511056 | 0.69105628 | 0.69240981 | 0.00444567
Load 130 | 0.70002264 | 0.69320522 | 0.69108773 | 0.69734338 | 0.68982478 | 0.69402985 | 0.68432154 | 0.68950550 | 0.69779056 | 0.69766181 | 0.69166088 | 0.69656649 | 0.70050135 | 0.68637754 | 0.70555513 | 0.68991052 | 0.69155919 | 0.69229013 | 0.69532942 | 0.68708888 | 0.69358163 | 0.00516348
Load 131 | 0.70145946 | 0.70048603 | 0.69261735 | 0.69080566 | 0.69509417 | 0.69472958 | 0.69517326 | 0.69460479 | 0.70416379 | 0.68393584 | 0.69483712 | 0.69250804 | 0.70100483 | 0.69580765 | 0.69631270 | 0.69426752 | 0.69176309 | 0.69113711 | 0.69909707 | 0.69535310 | 0.69525791 | 0.00440418
Load 132 | 0.70137317 | 0.69322073 | 0.69326856 | 0.70310850 | 0.70331024 | 0.70701206 | 0.69883615 | 0.69076091 | 0.70396323 | 0.69035998 | 0.69477336 | 0.69548298 | 0.69718525 | 0.69396912 | 0.69217547 | 0.69504584 | 0.70102937 | 0.69235502 | 0.70281064 | 0.68555995 | 0.69678003 | 0.00549835
Load 133 | 0.69523167 | 0.69616652 | 0.69348834 | 0.69703957 | 0.70391229 | 0.69353754 | 0.70829603 | 0.70231930 | 0.69693786 | 0.69774459 | 0.71669162 | 0.70139521 | 0.69210867 | 0.70180565 | 0.70495696 | 0.70290999 | 0.69785253 | 0.70551595 | 0.70115202 | 0.69908065 | 0.70040715 | 0.00568928
Load 134 | 0.70015687 | 0.70679655 | 0.70408468 | 0.69329508 | 0.70098741 | 0.69916373 | 0.69693334 | 0.70097294 | 0.69784762 | 0.70280612 | 0.69767442 | 0.70390480 | 0.70111464 | 0.69858183 | 0.71207844 | 0.70046393 | 0.70793136 | 0.69964638 | 0.70755758 | 0.70052083 | 0.70162593 | 0.00430088
Load 135 | 0.70472500 | 0.70082877 | 0.69964109 | 0.70386815 | 0.70248120 | 0.70621260 | 0.70324336 | 0.69397356 | 0.69994106 | 0.70638583 | 0.69285767 | 0.70463263 | 0.70612813 | 0.69643256 | 0.70335034 | 0.70019342 | 0.70838288 | 0.70818505 | 0.69983638 | 0.70157809 | 0.70214389 | 0.00419734
Load 136 | 0.70794187 | 0.70391680 | 0.70176475 | 0.70298190 | 0.70315820 | 0.70347120 | 0.70323427 | 0.71384795 | 0.69952705 | 0.70615692 | 0.70388996 | 0.70991297 | 0.70959264 | 0.71442146 | 0.70184031 | 0.70005923 | 0.70537364 | 0.70367631 | 0.71570562 | 0.71276751 | 0.70616203 | 0.00480751
Load 137 | 0.70720389 | 0.71145810 | 0.70840555 | 0.71264955 | 0.70135045 | 0.71376081 | 0.70777263 | 0.69823918 | 0.71894767 | 0.71734538 | 0.71134627 | 0.71010775 | 0.70132939 | 0.70711665 | 0.71442237 | 0.71555459 | 0.70689029 | 0.71551281 | 0.71335458 | 0.71053214 | 0.71016500 | 0.00535042
Load 138 | 0.71340794 | 0.71254736 | 0.70927955 | 0.70844825 | 0.71568627 | 0.71004966 | 0.70357038 | 0.71406026 | 0.70555232 | 0.71721548 | 0.71291832 | 0.70793286 | 0.71533636 | 0.70833943 | 0.71323690 | 0.71217447 | 0.70818659 | 0.71401950 | 0.70668904 | 0.70712115 | 0.71078860 | 0.00366418
Load 139 | 0.70989688 | 0.71260468 | 0.72515826 | 0.71531854 | 0.70747423 | 0.71670615 | 0.71495861 | 0.71536380 | 0.70952621 | 0.71107417 | 0.71648212 | 0.71541818 | 0.70888360 | 0.72004846 | 0.70883870 | 0.71354278 | 0.70737895 | 0.70589943 | 0.70759679 | 0.71236248 | 0.71272665 | 0.00471585
Load 140 | 0.70724887 | 0.71687132 | 0.72464799 | 0.72100984 | 0.71925115 | 0.71547278 | 0.71472956 | 0.71504336 | 0.70703518 | 0.72197972 | 0.72298932 | 0.71683397 | 0.72194460 | 0.71865009 | 0.71558589 | 0.72042713 | 0.71537747 | 0.71184624 | 0.71091146 | 0.72117924 | 0.71695176 | 0.00485103
Load 141 | 0.72024523 | 0.70672010 | 0.72373898 | 0.71875434 | 0.71955590 | 0.72058306 | 0.70250198 | 0.71928340 | 0.71377547 | 0.71526453 | 0.71179939 | 0.71636724 | 0.71457862 | 0.70889001 | 0.71720137 | 0.70610550 | 0.71182284 | 0.72233556 | 0.71056564 | 0.71108887 | 0.71455890 | 0.00567068
Load 142 | 0.71668423 | 0.72374413 | 0.71894774 | 0.72682995 | 0.72002511 | 0.71126909 | 0.72066452 | 0.72150735 | 0.72460434 | 0.72009856 | 0.73165547 | 0.71959100 | 0.72107366 | 0.71265841 | 0.72333849 | 0.72166549 | 0.72171578 | 0.71987656 | 0.72383478 | 0.72097561 | 0.72103801 | 0.00432999
Load 143 | 0.72837951 | 0.72344980 | 0.71959883 | 0.72325468 | 0.72305070 | 0.72241343 | 0.71776857 | 0.71964895 | 0.70879159 | 0.71425565 | 0.72702438 | 0.71173380 | 0.72724752 | 0.71584022 | 0.72618212 | 0.71988873 | 0.71881398 | 0.71999155 | 0.72027084 | 0.72196933 | 0.72047871 | 0.00499119
Load 144 | 0.72255183 | 0.71865187 | 0.71652829 | 0.73097845 | 0.72271753 | 0.71451624 | 0.73239340 | 0.72506906 | 0.72456405 | 0.72068657 | 0.71755353 | 0.71966759 | 0.72099904 | 0.72740464 | 0.72376078 | 0.72263432 | 0.72106393 | 0.72090750 | 0.72026171 | 0.72060343 | 0.72217569 | 0.00429930
Load 145 | 0.73154726 | 0.72952394 | 0.71991095 | 0.72920948 | 0.72418497 | 0.72669665 | 0.71634949 | 0.72699973 | 0.71124790 | 0.72872742 | 0.73735502 | 0.72565148 | 0.72271163 | 0.72272001 | 0.72505344 | 0.72525749 | 0.73133921 | 0.72861296 | 0.72284721 | 0.72628934 | 0.72561178 | 0.00551345
Load 146 | 0.73570599 | 0.72474905 | 0.72368872 | 0.73114664 | 0.72651484 | 0.72870267 | 0.72407244 | 0.73017301 | 0.73171229 | 0.72846785 | 0.71953163 | 0.72012687 | 0.72226759 | 0.73010475 | 0.73261488 | 0.72702161 | 0.72678645 | 0.72541067 | 0.73158145 | 0.72423631 | 0.72723079 | 0.00419444
Load 147 | 0.72532748 | 0.72616287 | 0.72227527 | 0.72701403 | 0.72446300 | 0.72989015 | 0.72968355 | 0.73550600 | 0.73081360 | 0.72323509 | 0.73806443 | 0.72709340 | 0.73185859 | 0.72517164 | 0.72167861 | 0.73170401 | 0.73136751 | 0.72938356 | 0.73306936 | 0.72515172 | 0.72844569 | 0.00431228
Load 148 | 0.72534082 | 0.72701556 | 0.72844507 | 0.72822651 | 0.72642150 | 0.72442131 | 0.73182336 | 0.72051927 | 0.72985085 | 0.72739433 | 0.72891239 | 0.71723102 | 0.72866550 | 0.73144298 | 0.72689470 | 0.72852349 | 0.72326403 | 0.72788384 | 0.73617253 | 0.73650007 | 0.72774746 | 0.00440888
Load 149 | 0.74155507 | 0.73808730 | 0.73410904 | 0.73327138 | 0.72665056 | 0.73703233 | 0.72668261 | 0.73038919 | 0.73322652 | 0.72737033 | 0.72656039 | 0.72515496 | 0.73863102 | 0.73089012 | 0.72775956 | 0.72444686 | 0.73564217 | 0.72358434 | 0.73251411 | 0.72397358 | 0.73087657 | 0.00530273
Load 150 | 0.73099648 | 0.73921374 | 0.74052691 | 0.73281365 | 0.73198348 | 0.74330844 | 0.73372742 | 0.72988851 | 0.72970622 | 0.74045903 | 0.73257373 | 0.73680307 | 0.73447267 | 0.72808778 | 0.74566856 | 0.73459621 | 0.73061089 | 0.72947823 | 0.72912960 | 0.73242828 | 0.73432365 | 0.00492782
Load 151 | 0.72649630 | 0.73015025 | 0.73863712 | 0.73150302 | 0.72686469 | 0.72890401 | 0.73690453 | 0.74985339 | 0.73370749 | 0.73563904 | 0.73241379 | 0.73870882 | 0.73432267 | 0.73498489 | 0.74307753 | 0.73417805 | 0.73145342 | 0.73960324 | 0.73479319 | 0.73169745 | 0.73469464 | 0.00538814
Load 152 | 0.73647630 | 0.73845447 | 0.73771462 | 0.74449711 | 0.74268475 | 0.73228398 | 0.73600265 | 0.73228708 | 0.73421104 | 0.73279272 | 0.73599421 | 0.73698829 | 0.74441863 | 0.73604817 | 0.73865579 | 0.73590582 | 0.73550053 | 0.72776637 | 0.74921773 | 0.72859148 | 0.73682459 | 0.00514836
Load 153 | 0.73719259 | 0.74083065 | 0.74160786 | 0.73573693 | 0.73979457 | 0.73590330 | 0.73335492 | 0.73579677 | 0.73806267 | 0.73620237 | 0.74099248 | 0.74086639 | 0.74459442 | 0.73620678 | 0.73578464 | 0.73244656 | 0.73323349 | 0.74015121 | 0.73266935 | 0.72963230 | 0.73705301 | 0.00368479
Load 154 | 0.74096347 | 0.73864902 | 0.74120748 | 0.73872241 | 0.74283119 | 0.73799974 | 0.73865936 | 0.73944582 | 0.74126054 | 0.73719084 | 0.73930061 | 0.74038274 | 0.74317901 | 0.73306259 | 0.73497537 | 0.73814972 | 0.73538898 | 0.73479990 | 0.73728150 | 0.74125919 | 0.73873547 | 0.00266723
Load 155 | 0.74646802 | 0.73631422 | 0.74005390 | 0.74616839 | 0.74112721 | 0.73719938 | 0.74234316 | 0.74731320 | 0.73766990 | 0.73938962 | 0.74370418 | 0.74976037 | 0.74637073 | 0.73766267 | 0.75022566 | 0.74196261 | 0.74739214 | 0.73258004 | 0.74176429 | 0.74870600 | 0.74270879 | 0.00486143
Load 156 | 0.74367089 | 0.73719745 | 0.74227067 | 0.75445020 | 0.74979377 | 0.74524521 | 0.74308682 | 0.74216459 | 0.74760363 | 0.74507799 | 0.74302891 | 0.74662640 | 0.75121367 | 0.73768060 | 0.74843210 | 0.74206651 | 0.74498605 | 0.74607749 | 0.74104806 | 0.73497798 | 0.74433495 | 0.00462817
Load 157 | 0.74634240 | 0.74685942 | 0.74303684 | 0.74308024 | 0.74951793 | 0.74289381 | 0.74749715 | 0.74420831 | 0.74219099 | 0.74320721 | 0.74577032 | 0.74637864 | 0.74280414 | 0.74232191 | 0.74089250 | 0.73981009 | 0.74648783 | 0.74776729 | 0.74109929 | 0.74637960 | 0.74442730 | 0.00259171
Load 158 | 0.74686139 | 0.74530338 | 0.73821823 | 0.74763287 | 0.74697199 | 0.74501235 | 0.73647747 | 0.74487860 | 0.73976888 | 0.75083433 | 0.74392034 | 0.74529860 | 0.74599183 | 0.75110605 | 0.74859026 | 0.74885263 | 0.75263058 | 0.74647264 | 0.75294565 | 0.74456180 | 0.74611649 | 0.00424539
Load 159 | 0.75369061 | 0.74925202 | 0.74535959 | 0.75481072 | 0.74145353 | 0.74301178 | 0.74576590 | 0.74519960 | 0.74577660 | 0.74968418 | 0.75317857 | 0.74859848 | 0.75501406 | 0.74836024 | 0.75611720 | 0.75303337 | 0.74405897 | 0.75226017 | 0.74866579 | 0.74482846 | 0.74890599 | 0.00430786
Load 160 | 0.74896004 | 0.74313256 | 0.75073497 | 0.75344582 | 0.75272162 | 0.74611333 | 0.74968687 | 0.74941333 | 0.75396138 | 0.75158119 | 0.74989131 | 0.74003903 | 0.74272330 | 0.74876539 | 0.74584531 | 0.74654150 | 0.75029786 | 0.74838349 | 0.75712856 | 0.74818478 | 0.74887758 | 0.00397714
Load 161 | 0.74646919 | 0.75010827 | 0.75018773 | 0.75372631 | 0.75437304 | 0.75325549 | 0.75527164 | 0.75645231 | 0.74205877 | 0.75367037 | 0.76103800 | 0.75366005 | 0.75331906 | 0.74326941 | 0.74717408 | 0.75646250 | 0.76285980 | 0.75277658 | 0.74678033 | 0.75006147 | 0.75214872 | 0.00516958
Load 162 | 0.74916739 | 0.75648813 | 0.74822695 | 0.74905755 | 0.75242839 | 0.75835444 | 0.74832697 | 0.74971991 | 0.75500184 | 0.75381529 | 0.75264493 | 0.74939759 | 0.74315217 | 0.75421314 | 0.75366695 | 0.75900576 | 0.75037556 | 0.74953572 | 0.75477826 | 0.74807434 | 0.75177156 | 0.00384478
Load 163 | 0.76191060 | 0.75134767 | 0.75025964 | 0.75860169 | 0.75695813 | 0.76486338 | 0.75060976 | 0.75360989 | 0.75672223 | 0.74757043 | 0.75077862 | 0.75560839 | 0.75294771 | 0.75333169 | 0.75703340 | 0.75969708 | 0.74933548 | 0.75257732 | 0.75455605 | 0.75164372 | 0.75449814 | 0.00431737
Load 164 | 0.75208964 | 0.75508588 | 0.75860403 | 0.74895041 | 0.75290662 | 0.75347646 | 0.76029644 | 0.75249939 | 0.74320820 | 0.75338521 | 0.75371446 | 0.74956047 | 0.75608424 | 0.76168874 | 0.74770840 | 0.76470233 | 0.75240724 | 0.74779932 | 0.75570707 | 0.75367156 | 0.75367731 | 0.00495496
Load 165 | 0.76236967 | 0.76396614 | 0.75463388 | 0.75485526 | 0.76398939 | 0.75794085 | 0.76231937 | 0.76340904 | 0.75923900 | 0.75371137 | 0.76296341 | 0.76041038 | 0.76189323 | 0.76064084 | 0.75438596 | 0.75694444 | 0.75821146 | 0.75379755 | 0.75479308 | 0.75560739 | 0.75880409 | 0.00365488
Load 166 | 0.75295743 | 0.76172110 | 0.75664034 | 0.75741454 | 0.76007943 | 0.76372963 | 0.75494599 | 0.75264106 | 0.75210772 | 0.75243784 | 0.75310061 | 0.75998795 | 0.75653862 | 0.75523974 | 0.74954781 | 0.75629999 | 0.75433231 | 0.76030461 | 0.75119040 | 0.75480302 | 0.75580101 | 0.00369461
Load 167 | 0.76457883 | 0.75982375 | 0.75654983 | 0.76277113 | 0.75578577 | 0.75978248 | 0.75573075 | 0.75942721 | 0.76378897 | 0.75624851 | 0.75426764 | 0.76237147 | 0.75224060 | 0.75838047 | 0.76567032 | 0.75695073 | 0.76359908 | 0.76023252 | 0.76224741 | 0.75721613 | 0.75938318 | 0.00364922
Load 168 | 0.75699080 | 0.75701216 | 0.76671786 | 0.75794841 | 0.75680678 | 0.75932345 | 0.75980128 | 0.76096414 | 0.75583121 | 0.76269671 | 0.75772367 | 0.76146953 | 0.75529510 | 0.75887334 | 0.76146627 | 0.76308295 | 0.75570901 | 0.76172294 | 0.76098868 | 0.75557016 | 0.75929972 | 0.00298472
Load 169 | 0.76755931 | 0.76446964 | 0.76657746 | 0.76631678 | 0.75681926 | 0.76500089 | 0.76999123 | 0.75940606 | 0.76696859 | 0.75957658 | 0.76530612 | 0.75925815 | 0.76163349 | 0.75636083 | 0.76919473 | 0.76665483 | 0.76331467 | 0.76101113 | 0.76250074 | 0.76423535 | 0.76360779 | 0.00383180
Load 170 | 0.76602977 | 0.76745002 | 0.77001873 | 0.75641177 | 0.76559391 | 0.76440221 | 0.76351830 | 0.76181463 | 0.75917000 | 0.77008180 | 0.76848818 | 0.76402835 | 0.76893158 | 0.75883120 | 0.75784086 | 0.76556668 | 0.76494398 | 0.76503880 | 0.76132104 | 0.76474727 | 0.76421145 | 0.00386160
Load 171 | 0.76146735 | 0.76876964 | 0.76917659 | 0.77213654 | 0.76480836 | 0.76010514 | 0.76396249 | 0.76248593 | 0.77429557 | 0.76235321 | 0.76244541 | 0.77103480 | 0.76969943 | 0.76206978 | 0.76849713 | 0.76864884 | 0.76939216 | 0.76549708 | 0.76856760 | 0.76904623 | 0.76672296 | 0.00392617
Load 172 | 0.76909692 | 0.77066667 | 0.76544789 | 0.75673941 | 0.76725187 | 0.76572630 | 0.77226294 | 0.76957481 | 0.76586420 | 0.76576890 | 0.77320663 | 0.76751352 | 0.76884130 | 0.77297454 | 0.76735449 | 0.76082206 | 0.76931504 | 0.76468201 | 0.76747281 | 0.76891993 | 0.76747511 | 0.00381210
Load 173 | 0.77357623 | 0.76457709 | 0.76624200 | 0.76903391 | 0.76896492 | 0.76717579 | 0.76438723 | 0.76898827 | 0.76717800 | 0.76645497 | 0.76197719 | 0.77039607 | 0.77221194 | 0.76513643 | 0.77374864 | 0.77284235 | 0.77210340 | 0.77535731 | 0.76331120 | 0.76811426 | 0.76858886 | 0.00371587
Load 174 | 0.76802562 | 0.77927306 | 0.76824672 | 0.77448747 | 0.77910174 | 0.76922180 | 0.76919111 | 0.76863592 | 0.77213361 | 0.77562072 | 0.76478824 | 0.77080615 | 0.77316497 | 0.76419087 | 0.76298378 | 0.76472273 | 0.76365534 | 0.77840647 | 0.77779034 | 0.77180860 | 0.77081276 | 0.00522269
Load 175 | 0.76768964 | 0.76427794 | 0.77076905 | 0.77102302 | 0.76596233 | 0.77290448 | 0.76747520 | 0.77011819 | 0.76647158 | 0.77151627 | 0.76802059 | 0.76844404 | 0.77339090 | 0.76695823 | 0.76949365 | 0.76994635 | 0.76835604 | 0.76621598 | 0.76590213 | 0.77222000 | 0.76885778 | 0.00250591
Load 176 | 0.78195111 | 0.76844755 | 0.77759649 | 0.77492652 | 0.76612492 | 0.77174730 | 0.77646927 | 0.78268928 | 0.77399363 | 0.76772265 | 0.77427718 | 0.76810345 | 0.76909353 | 0.77440849 | 0.77200364 | 0.76759122 | 0.77440849 | 0.77832540 | 0.76688021 | 0.77338476 | 0.77300725 | 0.00474510
Load 177 | 0.77226478 | 0.77990699 | 0.77662939 | 0.77493420 | 0.77915224 | 0.77481348 | 0.77797854 | 0.77273247 | 0.76780988 | 0.77461184 | 0.78016585 | 0.77278896 | 0.77210094 | 0.77737516 | 0.76944195 | 0.77048903 | 0.77055449 | 0.76772949 | 0.77503514 | 0.76773423 | 0.77371245 | 0.00391458
Load 178 | 0.76892386 | 0.76822281 | 0.77406789 | 0.78263780 | 0.77740638 | 0.77359228 | 0.76993970 | 0.77215261 | 0.78290712 | 0.76724383 | 0.77874769 | 0.77151052 | 0.76962875 | 0.77995245 | 0.77511989 | 0.77247287 | 0.77376829 | 0.76933952 | 0.77542563 | 0.77316258 | 0.77381112 | 0.00447811
Load 179 | 0.77642750 | 0.78168158 | 0.77573836 | 0.77129021 | 0.77685857 | 0.77590401 | 0.77302813 | 0.77963636 | 0.77788354 | 0.77575553 | 0.78105754 | 0.78202485 | 0.77135960 | 0.77156934 | 0.77443609 | 0.77699478 | 0.76949000 | 0.77503229 | 0.78256065 | 0.77659279 | 0.77626609 | 0.00369387
Load 180 | 0.77072301 | 0.77392036 | 0.77948146 | 0.77783319 | 0.78102993 | 0.77710273 | 0.77793977 | 0.78175878 | 0.78387831 | 0.77971063 | 0.78309999 | 0.77718121 | 0.77251630 | 0.77429133 | 0.77595720 | 0.77887441 | 0.77168821 | 0.78316971 | 0.77864540 | 0.77579696 | 0.77772994 | 0.00373656
Load 181 | 0.77720892 | 0.77819028 | 0.78141866 | 0.77894321 | 0.77707252 | 0.77550453 | 0.77670281 | 0.78382667 | 0.77980834 | 0.77679169 | 0.77470268 | 0.78511166 | 0.77911557 | 0.77550119 | 0.77971912 | 0.77675368 | 0.77287031 | 0.78042431 | 0.77478854 | 0.78425110 | 0.77843529 | 0.00325519
Load 182 | 0.77650225 | 0.78253752 | 0.77822023 | 0.77775356 | 0.78167116 | 0.77633247 | 0.78219832 | 0.77990431 | 0.78341318 | 0.78225180 | 0.77864238 | 0.77718479 | 0.78390592 | 0.77845675 | 0.77423109 | 0.77480748 | 0.77245279 | 0.78054945 | 0.77731278 | 0.78402736 | 0.77911778 | 0.00329757
Load 183 | 0.78637031 | 0.78056052 | 0.77683310 | 0.78269019 | 0.78004821 | 0.78560532 | 0.77984446 | 0.78444924 | 0.78669073 | 0.77891862 | 0.78644742 | 0.78023294 | 0.78238571 | 0.77953781 | 0.77809861 | 0.78450310 | 0.77784540 | 0.77986180 | 0.78204073 | 0.77688869 | 0.78149264 | 0.00316786
Load 184 | 0.77997501 | 0.78640260 | 0.77576450 | 0.77926184 | 0.77906279 | 0.78563620 | 0.77840971 | 0.77586861 | 0.77995857 | 0.78767236 | 0.78826979 | 0.77908375 | 0.78194588 | 0.78123630 | 0.77822334 | 0.78973651 | 0.77934476 | 0.78482187 | 0.77958500 | 0.78289690 | 0.78165781 | 0.00400228
Load 185 | 0.78099464 | 0.78428726 | 0.78437048 | 0.78655679 | 0.78542161 | 0.78248495 | 0.77918015 | 0.77869207 | 0.78076525 | 0.78502103 | 0.78240641 | 0.78689499 | 0.78488153 | 0.78072459 | 0.77407347 | 0.78268897 | 0.78437399 | 0.78280616 | 0.78132082 | 0.78426286 | 0.78261040 | 0.00296555
Load 186 | 0.78070646 | 0.78891949 | 0.78363636 | 0.78335578 | 0.78430214 | 0.78502981 | 0.78492348 | 0.78802953 | 0.77827003 | 0.78734982 | 0.78359219 | 0.78184077 | 0.78028593 | 0.78353807 | 0.78513905 | 0.78751135 | 0.78905086 | 0.78135757 | 0.77878968 | 0.78445324 | 0.78400408 | 0.00308384
Load 187 | 0.78773861 | 0.78071783 | 0.78556218 | 0.78258547 | 0.78108600 | 0.78490991 | 0.78820808 | 0.78378088 | 0.79069272 | 0.78709711 | 0.78248105 | 0.78412698 | 0.78530894 | 0.78859883 | 0.78777339 | 0.78932599 | 0.79031825 | 0.77891156 | 0.78089282 | 0.78818428 | 0.78541504 | 0.00340125
Load 188 | 0.78455198 | 0.79083929 | 0.78452624 | 0.78449579 | 0.79007614 | 0.79206974 | 0.79258098 | 0.77705639 | 0.78748165 | 0.78802064 | 0.78286917 | 0.78212527 | 0.79364067 | 0.78952907 | 0.78196877 | 0.78975482 | 0.78265507 | 0.78451771 | 0.78502736 | 0.78329106 | 0.78635389 | 0.00423171
Load 189 | 0.78865286 | 0.78408367 | 0.79050323 | 0.78517494 | 0.77936703 | 0.78585005 | 0.79204587 | 0.78549267 | 0.78610246 | 0.79092382 | 0.79333547 | 0.78567695 | 0.78620175 | 0.79092588 | 0.78978836 | 0.79590876 | 0.78067941 | 0.79048863 | 0.79068293 | 0.78615581 | 0.78790203 | 0.00403462
Load 190 | 0.78712081 | 0.78754230 | 0.79051756 | 0.78979121 | 0.79206316 | 0.78088762 | 0.78729613 | 0.79101501 | 0.78904570 | 0.78628692 | 0.78287946 | 0.78912918 | 0.78874960 | 0.79146495 | 0.78442575 | 0.78990143 | 0.78865624 | 0.78941782 | 0.79137786 | 0.78994396 | 0.78837563 | 0.00285043
Load 191 | 0.78500447 | 0.79581071 | 0.79623055 | 0.78766688 | 0.79555602 | 0.79292054 | 0.79573805 | 0.78433122 | 0.79387595 | 0.79090672 | 0.79365244 | 0.79098168 | 0.79100876 | 0.79182156 | 0.79220368 | 0.78377812 | 0.79098597 | 0.78951791 | 0.78999321 | 0.78526868 | 0.79086265 | 0.00383537
Load 192 | 0.78912815 | 0.79914217 | 0.78874193 | 0.79231655 | 0.79647211 | 0.78949290 | 0.79263323 | 0.79193117 | 0.79882085 | 0.79576038 | 0.79115543 | 0.79657933 | 0.78957780 | 0.78866576 | 0.79170335 | 0.78764216 | 0.79435884 | 0.79749821 | 0.78640271 | 0.79241048 | 0.79252168 | 0.00372106
Load 193 | 0.79640749 | 0.78989098 | 0.79452549 | 0.79456662 | 0.79309805 | 0.79305167 | 0.78884953 | 0.80001028 | 0.78787879 | 0.79475198 | 0.78896858 | 0.79027828 | 0.79219497 | 0.78951726 | 0.79777548 | 0.79289026 | 0.79199376 | 0.78853047 | 0.79432332 | 0.79678363 | 0.79281434 | 0.00329666
Load 194 | 0.78718041 | 0.79586709 | 0.79679604 | 0.78651394 | 0.78976601 | 0.79797980 | 0.78763399 | 0.79424103 | 0.79156302 | 0.78798301 | 0.79887812 | 0.79611091 | 0.78862672 | 0.78926606 | 0.79724095 | 0.79552584 | 0.78903475 | 0.79025641 | 0.78692918 | 0.79669875 | 0.79220460 | 0.00420826
Load 195 | 0.79787288 | 0.79179339 | 0.79286560 | 0.80009158 | 0.78905969 | 0.79771540 | 0.79252327 | 0.79435484 | 0.79432877 | 0.79478528 | 0.79115479 | 0.79166450 | 0.78761792 | 0.79519752 | 0.79115416 | 0.79485989 | 0.79106997 | 0.79398458 | 0.79605901 | 0.79965255 | 0.79389028 | 0.00322950
Load 196 | 0.79498792 | 0.79969411 | 0.79671059 | 0.79908956 | 0.80371755 | 0.79328730 | 0.80092781 | 0.79747737 | 0.79102577 | 0.79519369 | 0.79397113 | 0.79209086 | 0.79465700 | 0.80118100 | 0.79869134 | 0.79932078 | 0.78962082 | 0.79522803 | 0.79366377 | 0.79334052 | 0.79619385 | 0.00362549
Load 197 | 0.79385876 | 0.79542464 | 0.79067740 | 0.79078050 | 0.79509277 | 0.80165623 | 0.79677883 | 0.79704166 | 0.79918761 | 0.79743551 | 0.79450302 | 0.79745504 | 0.79335943 | 0.79919699 | 0.79876986 | 0.79609533 | 0.79895575 | 0.79314833 | 0.79334244 | 0.79207218 | 0.79574161 | 0.00295360
Load 198 | 0.80105056 | 0.79533223 | 0.79672164 | 0.79841398 | 0.79972977 | 0.79580675 | 0.79841318 | 0.79981848 | 0.79980104 | 0.78894932 | 0.79922642 | 0.79564005 | 0.80016226 | 0.79624968 | 0.80200439 | 0.79615035 | 0.80136095 | 0.79394342 | 0.80037947 | 0.79888015 | 0.79790170 | 0.00302433
Load 199 | 0.79480758 | 0.80082575 | 0.79696510 | 0.79481404 | 0.80601271 | 0.79429931 | 0.80345206 | 0.79210926 | 0.79833325 | 0.79964372 | 0.80205359 | 0.80297360 | 0.80658800 | 0.79841857 | 0.80218774 | 0.79298494 | 0.79816375 | 0.80036876 | 0.79695737 | 0.79459432 | 0.79882767 | 0.00410453
Load 200 | 0.79992023 | 0.80895745 | 0.80627856 | 0.79967102 | 0.79738333 | 0.80435638 | 0.81121569 | 0.80385228 | 0.79900457 | 0.80324838 | 0.80123043 | 0.80051852 | 0.79941165 | 0.80127761 | 0.80009066 | 0.80372343 | 0.79654415 | 0.80169135 | 0.79912425 | 0.79833837 | 0.80179192 | 0.00367094
