# TODAS AS PROBABILIDADES (20 SIMULAÇÕES)
# Requisição 1: [0,12]
# Modo: SEPARADO
# Data: 2026-01-26 22:48:02
# ================================================================================
# Formato: Load | Sim1 | Sim2 | ... | Sim20 | Média | DesvioPadrão
# ================================================================================

Load   1 | 0.00000000 | 0.00000000 | 0.00000000 | 0.00000000 | 0.00000000 | 0.00000000 | 0.00000000 | 0.00000000 | 0.00000000 | 0.00000000 | 0.00000000 | 0.00000000 | 0.00000000 | 0.00000000 | 0.00000000 | 0.00000000 | 0.00000000 | 0.00000000 | 0.00000000 | 0.00000000 | 0.00000000 | 0.00000000
Load   2 | 0.00000000 | 0.00000000 | 0.00000000 | 0.00000000 | 0.00000000 | 0.00000000 | 0.00000000 | 0.00000000 | 0.00000000 | 0.00000000 | 0.00000000 | 0.00000000 | 0.00000000 | 0.00000000 | 0.00000000 | 0.00000000 | 0.00000000 | 0.00000000 | 0.00000000 | 0.00000000 | 0.00000000 | 0.00000000
Load   3 | 0.00000000 | 0.00000000 | 0.00000000 | 0.00000000 | 0.00000000 | 0.00000000 | 0.00000000 | 0.00000000 | 0.00000000 | 0.00000000 | 0.00000000 | 0.00000000 | 0.00000000 | 0.00000000 | 0.00000000 | 0.00000000 | 0.00000000 | 0.00000000 | 0.00000000 | 0.00000000 | 0.00000000 | 0.00000000
Load   4 | 0.00000000 | 0.00000000 | 0.00000000 | 0.00000000 | 0.00000000 | 0.00000000 | 0.00000000 | 0.00000000 | 0.00000000 | 0.00000000 | 0.00000000 | 0.00000000 | 0.00000000 | 0.00000000 | 0.00000000 | 0.00000000 | 0.00000000 | 0.00000000 | 0.00000000 | 0.00000000 | 0.00000000 | 0.00000000
Load   5 | 0.00000000 | 0.00000000 | 0.00000000 | 0.00000000 | 0.00000000 | 0.00000000 | 0.00000000 | 0.00000000 | 0.00000000 | 0.00000000 | 0.00000000 | 0.00000000 | 0.00000000 | 0.00000000 | 0.00000000 | 0.00000000 | 0.00000000 | 0.00000000 | 0.00000000 | 0.00000000 | 0.00000000 | 0.00000000
Load   6 | 0.00000000 | 0.00000000 | 0.00000000 | 0.00000000 | 0.00000000 | 0.00000000 | 0.00000000 | 0.00000000 | 0.00000000 | 0.00000000 | 0.00000000 | 0.00000000 | 0.00000000 | 0.00000000 | 0.00000000 | 0.00000000 | 0.00000000 | 0.00000000 | 0.00000000 | 0.00000000 | 0.00000000 | 0.00000000
Load   7 | 0.00000000 | 0.00000000 | 0.00000000 | 0.00000000 | 0.00000000 | 0.00000000 | 0.00000000 | 0.00000000 | 0.00000000 | 0.00000000 | 0.00000000 | 0.00000000 | 0.00000000 | 0.00000000 | 0.00000000 | 0.00000000 | 0.00000000 | 0.00000000 | 0.00000000 | 0.00000000 | 0.00000000 | 0.00000000
Load   8 | 0.00000000 | 0.00000000 | 0.00000000 | 0.00000000 | 0.00000000 | 0.00000000 | 0.00000000 | 0.00000000 | 0.00000000 | 0.00000000 | 0.00000000 | 0.00000000 | 0.00000000 | 0.00000000 | 0.00000000 | 0.00000000 | 0.00000000 | 0.00000000 | 0.00000000 | 0.00000000 | 0.00000000 | 0.00000000
Load   9 | 0.00000000 | 0.00000000 | 0.00000000 | 0.00000000 | 0.00000000 | 0.00000000 | 0.00000000 | 0.00000000 | 0.00000000 | 0.00000000 | 0.00000000 | 0.00000000 | 0.00000000 | 0.00000000 | 0.00000000 | 0.00000000 | 0.00000000 | 0.00000000 | 0.00000000 | 0.00000000 | 0.00000000 | 0.00000000
Load  10 | 0.00000000 | 0.00000000 | 0.00000000 | 0.00000000 | 0.00000000 | 0.00000000 | 0.00000000 | 0.00000000 | 0.00000000 | 0.00000000 | 0.00000000 | 0.00000000 | 0.00000000 | 0.00000000 | 0.00000000 | 0.00000000 | 0.00000000 | 0.00000000 | 0.00000000 | 0.00000000 | 0.00000000 | 0.00000000
Load  11 | 0.00000000 | 0.00000000 | 0.00000000 | 0.00000000 | 0.00000000 | 0.00000000 | 0.00000000 | 0.00000000 | 0.00000000 | 0.00000000 | 0.00000000 | 0.00000000 | 0.00000000 | 0.00000000 | 0.00000000 | 0.00000000 | 0.00000000 | 0.00000000 | 0.00000000 | 0.00000000 | 0.00000000 | 0.00000000
Load  12 | 0.00000000 | 0.00000000 | 0.00000000 | 0.00000000 | 0.00000000 | 0.00000000 | 0.00000000 | 0.00000000 | 0.00000000 | 0.00000000 | 0.00000000 | 0.00000000 | 0.00000000 | 0.00000000 | 0.00000000 | 0.00000000 | 0.00000000 | 0.00000000 | 0.00000000 | 0.00000000 | 0.00000000 | 0.00000000
Load  13 | 0.00000000 | 0.00000000 | 0.00000000 | 0.00000000 | 0.00000000 | 0.00000000 | 0.00000000 | 0.00000000 | 0.00000000 | 0.00000000 | 0.00000000 | 0.00000000 | 0.00000000 | 0.00000000 | 0.00000000 | 0.00000000 | 0.00000000 | 0.00000000 | 0.00000000 | 0.00000000 | 0.00000000 | 0.00000000
Load  14 | 0.00000000 | 0.00000000 | 0.00000000 | 0.00000000 | 0.00000000 | 0.00000000 | 0.00000000 | 0.00000000 | 0.00000000 | 0.00000000 | 0.00000000 | 0.00000000 | 0.00000000 | 0.00000000 | 0.00000000 | 0.00000000 | 0.00000000 | 0.00000000 | 0.00000000 | 0.00000000 | 0.00000000 | 0.00000000
Load  15 | 0.00000000 | 0.00000000 | 0.00000000 | 0.00000000 | 0.00000000 | 0.00000000 | 0.00000000 | 0.00000000 | 0.00000000 | 0.00000000 | 0.00000000 | 0.00000000 | 0.00000000 | 0.00000000 | 0.00000000 | 0.00000000 | 0.00000000 | 0.00000000 | 0.00000000 | 0.00000000 | 0.00000000 | 0.00000000
Load  16 | 0.00000000 | 0.00000000 | 0.00000000 | 0.00000000 | 0.00000000 | 0.00000000 | 0.00000000 | 0.00000000 | 0.00000000 | 0.00000000 | 0.00000000 | 0.00000000 | 0.00000000 | 0.00000000 | 0.00000000 | 0.00000000 | 0.00000000 | 0.00000000 | 0.00000000 | 0.00000000 | 0.00000000 | 0.00000000
Load  17 | 0.00000000 | 0.00000000 | 0.00000000 | 0.00000000 | 0.00000000 | 0.00000000 | 0.00000000 | 0.00000000 | 0.00000000 | 0.00000000 | 0.00000000 | 0.00000000 | 0.00000000 | 0.00000000 | 0.00000000 | 0.00000000 | 0.00000000 | 0.00000000 | 0.00000000 | 0.00000000 | 0.00000000 | 0.00000000
Load  18 | 0.00000000 | 0.00000000 | 0.00000000 | 0.00000000 | 0.00000000 | 0.00000000 | 0.00000000 | 0.00000000 | 0.00000000 | 0.00000000 | 0.00000000 | 0.00000000 | 0.00000000 | 0.00000000 | 0.00000000 | 0.00000000 | 0.00000000 | 0.00000000 | 0.00000000 | 0.00000000 | 0.00000000 | 0.00000000
Load  19 | 0.00000000 | 0.00000000 | 0.00000000 | 0.00000000 | 0.00000000 | 0.00000000 | 0.00000000 | 0.00000000 | 0.00000000 | 0.00000000 | 0.00000000 | 0.00000000 | 0.00000000 | 0.00000000 | 0.00000000 | 0.00000000 | 0.00000000 | 0.00000000 | 0.00000000 | 0.00000000 | 0.00000000 | 0.00000000
Load  20 | 0.00395648 | 0.00000000 | 0.00000000 | 0.00000000 | 0.00000000 | 0.00000000 | 0.00000000 | 0.00000000 | 0.00000000 | 0.00000000 | 0.00000000 | 0.00000000 | 0.00000000 | 0.00000000 | 0.00000000 | 0.00000000 | 0.00000000 | 0.00000000 | 0.00000000 | 0.00000000 | 0.00019782 | 0.00086229
Load  21 | 0.00094206 | 0.00000000 | 0.00000000 | 0.00000000 | 0.00000000 | 0.00000000 | 0.00000000 | 0.00000000 | 0.00000000 | 0.00000000 | 0.00000000 | 0.00000000 | 0.00000000 | 0.00048031 | 0.00000000 | 0.00000000 | 0.00000000 | 0.00000000 | 0.00000000 | 0.00000000 | 0.00007112 | 0.00022550
Load  22 | 0.00270636 | 0.00000000 | 0.00000000 | 0.00000000 | 0.00000000 | 0.00000000 | 0.00000000 | 0.00000000 | 0.00000000 | 0.00000000 | 0.00000000 | 0.00000000 | 0.00000000 | 0.00000000 | 0.00000000 | 0.00000000 | 0.00000000 | 0.00174749 | 0.00000000 | 0.00089807 | 0.00026760 | 0.00069830
Load  23 | 0.00000000 | 0.00000000 | 0.00000000 | 0.00000000 | 0.00000000 | 0.00044111 | 0.00000000 | 0.00000000 | 0.00000000 | 0.00000000 | 0.00083893 | 0.00000000 | 0.00042589 | 0.00129032 | 0.00000000 | 0.00000000 | 0.00000000 | 0.00000000 | 0.00000000 | 0.00000000 | 0.00014981 | 0.00033881
Load  24 | 0.00169348 | 0.00124792 | 0.00000000 | 0.00000000 | 0.00042141 | 0.00122050 | 0.00000000 | 0.00040984 | 0.00124224 | 0.00000000 | 0.00000000 | 0.00676213 | 0.00000000 | 0.00240964 | 0.00127497 | 0.00000000 | 0.00000000 | 0.00000000 | 0.00121753 | 0.00000000 | 0.00089498 | 0.00152355
Load  25 | 0.00159363 | 0.00118765 | 0.00116777 | 0.00039936 | 0.00550964 | 0.00160966 | 0.00283745 | 0.00041511 | 0.00039777 | 0.00000000 | 0.00081466 | 0.00193125 | 0.00486224 | 0.00000000 | 0.00000000 | 0.00000000 | 0.00000000 | 0.00000000 | 0.00158793 | 0.00203252 | 0.00131733 | 0.00152942
Load  26 | 0.00112994 | 0.00038670 | 0.00424056 | 0.00233463 | 0.00309239 | 0.00484171 | 0.00344300 | 0.00679245 | 0.00038241 | 0.00112570 | 0.00266160 | 0.00155400 | 0.00118203 | 0.00119570 | 0.00000000 | 0.00230238 | 0.00265856 | 0.00187970 | 0.00577590 | 0.00189179 | 0.00244356 | 0.00177507
Load  27 | 0.00111235 | 0.00989749 | 0.00803213 | 0.00074738 | 0.00339239 | 0.00685921 | 0.00519673 | 0.00802334 | 0.00874525 | 0.00704486 | 0.00408012 | 0.00149142 | 0.00228050 | 0.00257258 | 0.00000000 | 0.00400000 | 0.00221239 | 0.00112740 | 0.00073719 | 0.00532725 | 0.00414400 | 0.00298867
Load  28 | 0.00323508 | 0.00258972 | 0.00984529 | 0.00608011 | 0.00428725 | 0.01478171 | 0.00483425 | 0.01170213 | 0.00214516 | 0.00439560 | 0.00364166 | 0.00258972 | 0.01225225 | 0.00611731 | 0.00384750 | 0.00550459 | 0.01203966 | 0.00750536 | 0.00073475 | 0.00361925 | 0.00608742 | 0.00386383
Load  29 | 0.01825698 | 0.01002073 | 0.01423729 | 0.00434153 | 0.00488315 | 0.01771448 | 0.00315457 | 0.01494520 | 0.01466993 | 0.01252610 | 0.01002420 | 0.00611511 | 0.01031637 | 0.01278066 | 0.00282586 | 0.00928154 | 0.00758882 | 0.00817342 | 0.00866251 | 0.00614125 | 0.00983298 | 0.00449183
Load  30 | 0.01773621 | 0.01922440 | 0.01735648 | 0.01805869 | 0.00988142 | 0.01412615 | 0.01668937 | 0.01756130 | 0.01561462 | 0.02120253 | 0.02334890 | 0.00546448 | 0.01417482 | 0.01540984 | 0.00778605 | 0.01937855 | 0.01412151 | 0.01343438 | 0.00303132 | 0.01620131 | 0.01499012 | 0.00498033
Load  31 | 0.01271186 | 0.01511254 | 0.01316656 | 0.01140437 | 0.00712205 | 0.01861361 | 0.02724105 | 0.01216705 | 0.03114965 | 0.01978592 | 0.02401747 | 0.02334994 | 0.01338688 | 0.01972833 | 0.01582176 | 0.01686669 | 0.02271273 | 0.01753247 | 0.01591264 | 0.03471792 | 0.01862607 | 0.00674892
Load  32 | 0.01799811 | 0.01770736 | 0.02459792 | 0.02951334 | 0.01079843 | 0.01307398 | 0.03789027 | 0.02955665 | 0.01382778 | 0.01573034 | 0.02615193 | 0.01691057 | 0.02102580 | 0.02078086 | 0.02472266 | 0.01468339 | 0.02211690 | 0.02461059 | 0.02970607 | 0.01932066 | 0.02153618 | 0.00668617
Load  33 | 0.02729970 | 0.02802865 | 0.03572501 | 0.02778635 | 0.04222766 | 0.03377967 | 0.03774734 | 0.02545793 | 0.02342513 | 0.02215385 | 0.05170850 | 0.03129842 | 0.03021978 | 0.04699970 | 0.03595784 | 0.02942078 | 0.03495029 | 0.03125958 | 0.04259635 | 0.03717472 | 0.03376086 | 0.00758046
Load  34 | 0.06547793 | 0.03192433 | 0.04536021 | 0.04394334 | 0.06214204 | 0.04333726 | 0.01541307 | 0.03494624 | 0.04181495 | 0.04930205 | 0.05682146 | 0.02065250 | 0.04449028 | 0.04496664 | 0.04577145 | 0.04772792 | 0.03748910 | 0.04013962 | 0.04983876 | 0.02666667 | 0.04241129 | 0.01212368
Load  35 | 0.03211679 | 0.04567937 | 0.04217726 | 0.05733370 | 0.06198929 | 0.06020436 | 0.04009365 | 0.06216445 | 0.03150960 | 0.05934379 | 0.05801264 | 0.04747948 | 0.04497279 | 0.04297427 | 0.04632989 | 0.04268820 | 0.06517483 | 0.06108787 | 0.06075299 | 0.05123010 | 0.05066577 | 0.01012485
Load  36 | 0.06443785 | 0.07082075 | 0.05233380 | 0.04928989 | 0.05800274 | 0.06011854 | 0.07398171 | 0.07161125 | 0.07086400 | 0.06540258 | 0.06344750 | 0.07552870 | 0.04880817 | 0.06094808 | 0.05704507 | 0.04789752 | 0.05154062 | 0.05547772 | 0.07987048 | 0.07895476 | 0.06281909 | 0.01003334
Load  37 | 0.07497984 | 0.06684636 | 0.07412473 | 0.05598456 | 0.06811989 | 0.07723358 | 0.07576975 | 0.07397408 | 0.08169761 | 0.06953189 | 0.07112413 | 0.05795486 | 0.07291949 | 0.07985923 | 0.07554725 | 0.10267857 | 0.09688581 | 0.08715473 | 0.08367072 | 0.06377692 | 0.07549170 | 0.01113664
Load  38 | 0.07513089 | 0.10151357 | 0.09288486 | 0.09098060 | 0.09219676 | 0.09912070 | 0.09009009 | 0.08053515 | 0.10249165 | 0.08266667 | 0.08821976 | 0.08574435 | 0.10602911 | 0.10755739 | 0.09172377 | 0.08168121 | 0.08071869 | 0.10067814 | 0.08127301 | 0.08328982 | 0.09072631 | 0.00927311
Load  39 | 0.09243048 | 0.10196180 | 0.10173824 | 0.10000000 | 0.09612920 | 0.11414709 | 0.09497064 | 0.11062962 | 0.09935650 | 0.08395958 | 0.08658787 | 0.10500642 | 0.10937906 | 0.09409358 | 0.10879630 | 0.08455115 | 0.10466005 | 0.10433222 | 0.09003383 | 0.08529179 | 0.09840277 | 0.00901178
Load  40 | 0.10481230 | 0.08902377 | 0.12583272 | 0.10449294 | 0.11677387 | 0.10828977 | 0.13811615 | 0.11679757 | 0.11238475 | 0.10658622 | 0.11804175 | 0.11893506 | 0.10923535 | 0.10752959 | 0.11463715 | 0.12633673 | 0.11741094 | 0.09962453 | 0.09907834 | 0.11665843 | 0.11252990 | 0.01069710
Load  41 | 0.12282819 | 0.13488943 | 0.11774744 | 0.11186697 | 0.11792929 | 0.12230564 | 0.13959572 | 0.13336555 | 0.12692117 | 0.14025722 | 0.12496961 | 0.13812424 | 0.13067237 | 0.12834096 | 0.14337089 | 0.12667328 | 0.14533041 | 0.13260341 | 0.12955268 | 0.12947523 | 0.12984098 | 0.00867007
Load  42 | 0.13856589 | 0.14458955 | 0.13173945 | 0.15453016 | 0.15501166 | 0.13492450 | 0.12904762 | 0.14254911 | 0.12656400 | 0.14465558 | 0.16373991 | 0.11960050 | 0.13405535 | 0.14037178 | 0.12962963 | 0.14540695 | 0.13451957 | 0.12865210 | 0.12473423 | 0.14168040 | 0.13822840 | 0.01087688
Load  43 | 0.15790698 | 0.13241153 | 0.15253843 | 0.16188947 | 0.15086814 | 0.14939591 | 0.13570923 | 0.14621771 | 0.13993015 | 0.13909953 | 0.16219343 | 0.14436125 | 0.14696934 | 0.16755876 | 0.14678052 | 0.14169947 | 0.14766532 | 0.15877111 | 0.15057283 | 0.17308136 | 0.15028102 | 0.01036982
Load  44 | 0.16697122 | 0.16326998 | 0.18526887 | 0.14335664 | 0.17718665 | 0.15443151 | 0.16875840 | 0.17173286 | 0.16617007 | 0.19037247 | 0.17089755 | 0.15135385 | 0.15476464 | 0.16757617 | 0.16017218 | 0.17317798 | 0.18546027 | 0.16685585 | 0.18179829 | 0.16332378 | 0.16814496 | 0.01179569
Load  45 | 0.15165985 | 0.19074240 | 0.18811439 | 0.18005296 | 0.16468743 | 0.16740774 | 0.18900804 | 0.17439294 | 0.18582888 | 0.19090510 | 0.16998469 | 0.17520515 | 0.18413918 | 0.16427932 | 0.19065380 | 0.15470601 | 0.18594104 | 0.19442644 | 0.17867435 | 0.19758772 | 0.17891987 | 0.01287431
Load  46 | 0.20897132 | 0.19948298 | 0.18336237 | 0.20975081 | 0.21310433 | 0.20217530 | 0.20503910 | 0.21636796 | 0.20578638 | 0.15847966 | 0.18338421 | 0.19603619 | 0.19837968 | 0.19453411 | 0.18041464 | 0.19304273 | 0.22472634 | 0.20291431 | 0.18138937 | 0.18410042 | 0.19707211 | 0.01497280
Load  47 | 0.21206389 | 0.20521518 | 0.18251033 | 0.21596244 | 0.22690507 | 0.20786157 | 0.22299652 | 0.20156514 | 0.19635284 | 0.22166141 | 0.21927609 | 0.20638344 | 0.20155709 | 0.21878312 | 0.20171490 | 0.19545840 | 0.21914358 | 0.21006424 | 0.20208466 | 0.20443774 | 0.20859988 | 0.01080897
Load  48 | 0.22288010 | 0.22685762 | 0.20568701 | 0.24411223 | 0.24238658 | 0.23191401 | 0.21116454 | 0.21626734 | 0.22906198 | 0.19760479 | 0.22015471 | 0.22109197 | 0.19861286 | 0.21448349 | 0.20168776 | 0.19592608 | 0.23585691 | 0.22761194 | 0.22584012 | 0.20698359 | 0.21880928 | 0.01422824
Load  49 | 0.23424348 | 0.22201909 | 0.23533045 | 0.25720040 | 0.24895605 | 0.22256537 | 0.22302455 | 0.24081218 | 0.26632673 | 0.22865353 | 0.23200488 | 0.26721377 | 0.21260344 | 0.22328482 | 0.25368086 | 0.23355732 | 0.26376286 | 0.23400777 | 0.23705220 | 0.26432240 | 0.24003111 | 0.01648171
Load  50 | 0.25857573 | 0.23386607 | 0.25494901 | 0.23536488 | 0.25079745 | 0.24663587 | 0.21961102 | 0.25149701 | 0.24914263 | 0.25235849 | 0.26182330 | 0.23677329 | 0.23918729 | 0.22379958 | 0.25374016 | 0.25504013 | 0.25801314 | 0.23742331 | 0.25496091 | 0.24131700 | 0.24574381 | 0.01147628
Load  51 | 0.24224845 | 0.24772066 | 0.24226597 | 0.26894914 | 0.24858205 | 0.27413127 | 0.24295567 | 0.26914873 | 0.27272727 | 0.25262340 | 0.27852478 | 0.24560711 | 0.24522789 | 0.25378118 | 0.26223507 | 0.28226270 | 0.25920125 | 0.24634820 | 0.25327251 | 0.28967877 | 0.25887460 | 0.01445122
Load  52 | 0.27694668 | 0.29446792 | 0.29105044 | 0.28768657 | 0.26075059 | 0.27607362 | 0.26799007 | 0.26169116 | 0.26275359 | 0.27283372 | 0.25331513 | 0.27385330 | 0.26669218 | 0.25737898 | 0.28615563 | 0.27848590 | 0.26602627 | 0.28905804 | 0.27771295 | 0.29911638 | 0.27500196 | 0.01273041
Load  53 | 0.29544606 | 0.31491406 | 0.27471899 | 0.28541902 | 0.30163872 | 0.30558131 | 0.28595256 | 0.27219824 | 0.28184181 | 0.29448789 | 0.31002812 | 0.27236618 | 0.29586130 | 0.28110427 | 0.26691871 | 0.29769859 | 0.27707857 | 0.28601017 | 0.28770790 | 0.29947397 | 0.28932232 | 0.01301801
Load  54 | 0.29434954 | 0.29607915 | 0.31056247 | 0.29412844 | 0.30014722 | 0.29180571 | 0.31343550 | 0.31691966 | 0.27149065 | 0.27766100 | 0.30620790 | 0.30503381 | 0.28054382 | 0.26924557 | 0.29135025 | 0.28030160 | 0.30230432 | 0.28667665 | 0.28592322 | 0.30329832 | 0.29387324 | 0.01328782
Load  55 | 0.30371041 | 0.29739162 | 0.29426845 | 0.29550009 | 0.31619910 | 0.30960533 | 0.30735456 | 0.30566175 | 0.28278537 | 0.28802649 | 0.29348224 | 0.32450927 | 0.30104568 | 0.30172257 | 0.30676997 | 0.30363703 | 0.30794107 | 0.30484904 | 0.28896992 | 0.28905536 | 0.30112427 | 0.00990769
Load  56 | 0.34501208 | 0.29246465 | 0.32077141 | 0.30048904 | 0.32018397 | 0.32703043 | 0.33887625 | 0.31386729 | 0.31834663 | 0.35797127 | 0.31216931 | 0.34874826 | 0.33362785 | 0.33567663 | 0.31502161 | 0.30766463 | 0.30806279 | 0.31531211 | 0.30851253 | 0.32910724 | 0.32244580 | 0.01644528
Load  57 | 0.34477485 | 0.32145390 | 0.29223495 | 0.32049037 | 0.32766696 | 0.32861635 | 0.32546345 | 0.36598291 | 0.33773784 | 0.31603856 | 0.29941966 | 0.33153592 | 0.33281385 | 0.31906683 | 0.33573141 | 0.31955346 | 0.33191187 | 0.31869664 | 0.33013770 | 0.30795172 | 0.32536396 | 0.01545983
Load  58 | 0.33606844 | 0.32467982 | 0.33691390 | 0.33159269 | 0.34950144 | 0.34811759 | 0.33091662 | 0.32813322 | 0.35604396 | 0.33817427 | 0.34129521 | 0.32141599 | 0.35087719 | 0.34381833 | 0.32275408 | 0.36057446 | 0.34081178 | 0.35119248 | 0.32311197 | 0.36202830 | 0.33990109 | 0.01238440
Load  59 | 0.34708490 | 0.33678042 | 0.34291998 | 0.33661655 | 0.34127789 | 0.36992681 | 0.33906465 | 0.32309540 | 0.31920070 | 0.36363636 | 0.37056176 | 0.32810636 | 0.35917748 | 0.35634328 | 0.34898880 | 0.34417719 | 0.35447570 | 0.35761034 | 0.35509794 | 0.38269551 | 0.34884190 | 0.01592366
Load  60 | 0.35620316 | 0.35727228 | 0.36916197 | 0.36307947 | 0.38885224 | 0.34789207 | 0.36225918 | 0.35865258 | 0.34603911 | 0.35039703 | 0.35671179 | 0.37483574 | 0.35270608 | 0.36739130 | 0.37635468 | 0.34868309 | 0.37190917 | 0.35377121 | 0.37692813 | 0.34898200 | 0.36140411 | 0.01155816
Load  61 | 0.36340894 | 0.34527150 | 0.37255851 | 0.38169787 | 0.34357957 | 0.35114877 | 0.37783497 | 0.39720591 | 0.34763314 | 0.36979337 | 0.35910596 | 0.35218552 | 0.36143992 | 0.38050158 | 0.36107032 | 0.35577558 | 0.35553719 | 0.35359575 | 0.35916667 | 0.36761094 | 0.36280610 | 0.01345653
Load  62 | 0.37797428 | 0.37623123 | 0.38702996 | 0.37463415 | 0.39246013 | 0.36224741 | 0.39276991 | 0.40393930 | 0.38472622 | 0.38175842 | 0.37489905 | 0.37075048 | 0.38845479 | 0.39856916 | 0.36812827 | 0.36948500 | 0.38850315 | 0.36082474 | 0.37860616 | 0.38738303 | 0.38096874 | 0.01137007
Load  63 | 0.40215692 | 0.38894125 | 0.39737046 | 0.35951469 | 0.37355503 | 0.37994597 | 0.38992597 | 0.40134564 | 0.38791883 | 0.35651893 | 0.38095980 | 0.39364001 | 0.38465228 | 0.38630181 | 0.38675958 | 0.36881389 | 0.37540090 | 0.38344051 | 0.38870484 | 0.37741833 | 0.38316428 | 0.01190872
Load  64 | 0.39280666 | 0.39056397 | 0.39275067 | 0.39637670 | 0.37832730 | 0.36474889 | 0.40334166 | 0.41094404 | 0.41636142 | 0.40720136 | 0.39134540 | 0.38479848 | 0.39617697 | 0.40917488 | 0.38133748 | 0.39005317 | 0.38832998 | 0.39541413 | 0.39844841 | 0.38554026 | 0.39370209 | 0.01182530
Load  65 | 0.40820403 | 0.41400682 | 0.39598765 | 0.40941752 | 0.39181467 | 0.38821328 | 0.40745361 | 0.41407081 | 0.38962264 | 0.42133980 | 0.41747133 | 0.37163347 | 0.38443936 | 0.39066339 | 0.39221742 | 0.40531817 | 0.41647385 | 0.42303649 | 0.39508071 | 0.39179219 | 0.40141286 | 0.01373428
Load  66 | 0.42513011 | 0.39218045 | 0.39673152 | 0.40746359 | 0.41039589 | 0.41867739 | 0.40787897 | 0.40371622 | 0.41763804 | 0.39329083 | 0.42534827 | 0.41112619 | 0.39400000 | 0.43340349 | 0.40865015 | 0.42314647 | 0.42190791 | 0.39527799 | 0.39202810 | 0.39509371 | 0.40865426 | 0.01278404
Load  67 | 0.41110122 | 0.40891813 | 0.41930663 | 0.40977670 | 0.42825704 | 0.39673997 | 0.40737974 | 0.44290759 | 0.39861090 | 0.40753880 | 0.41552167 | 0.43335299 | 0.41062802 | 0.39655431 | 0.42835843 | 0.41697971 | 0.40132073 | 0.41627232 | 0.41253776 | 0.42413996 | 0.41431013 | 0.01207482
Load  68 | 0.42222222 | 0.43260052 | 0.42329839 | 0.42913271 | 0.42662166 | 0.41792136 | 0.40277150 | 0.43146979 | 0.44093010 | 0.42243368 | 0.42348542 | 0.41948281 | 0.41751527 | 0.41900104 | 0.41886126 | 0.43345060 | 0.41904337 | 0.42950722 | 0.43199162 | 0.41660467 | 0.42391726 | 0.00812424
Load  69 | 0.42206655 | 0.41147974 | 0.43244048 | 0.43384793 | 0.42521032 | 0.44072165 | 0.44208522 | 0.42187955 | 0.44015668 | 0.43944144 | 0.44051963 | 0.43425383 | 0.45822567 | 0.43464006 | 0.43663410 | 0.43812855 | 0.42453510 | 0.43098137 | 0.44024356 | 0.44710436 | 0.43472979 | 0.01001711
Load  70 | 0.44982456 | 0.44510302 | 0.43244812 | 0.42760116 | 0.44529478 | 0.45189546 | 0.43944587 | 0.43733028 | 0.44231324 | 0.44596148 | 0.45169117 | 0.42441274 | 0.41818708 | 0.42829996 | 0.44480201 | 0.43601423 | 0.43967133 | 0.44284097 | 0.44547930 | 0.43566787 | 0.43921423 | 0.00901968
Load  71 | 0.45200057 | 0.45764390 | 0.44486373 | 0.45375561 | 0.44618451 | 0.45220849 | 0.44431930 | 0.44538407 | 0.44400000 | 0.45319780 | 0.45813630 | 0.43168147 | 0.45373093 | 0.43172691 | 0.45939479 | 0.45707461 | 0.47061253 | 0.44216524 | 0.45351794 | 0.44872893 | 0.45001638 | 0.00897304
Load  72 | 0.48518672 | 0.45698775 | 0.46604896 | 0.45989231 | 0.44975288 | 0.45219711 | 0.46248969 | 0.45579375 | 0.45652475 | 0.46190803 | 0.45802265 | 0.44922040 | 0.45981518 | 0.45506084 | 0.43782937 | 0.46660159 | 0.45617224 | 0.45828699 | 0.46589817 | 0.42811824 | 0.45709038 | 0.01110114
Load  73 | 0.46979138 | 0.46190347 | 0.43680896 | 0.48085927 | 0.47929074 | 0.45744533 | 0.45993414 | 0.44889893 | 0.46410046 | 0.45767233 | 0.47310213 | 0.44738331 | 0.47070072 | 0.46831918 | 0.44449105 | 0.45996710 | 0.45894388 | 0.45082082 | 0.46004349 | 0.44792678 | 0.45992017 | 0.01136366
Load  74 | 0.46576444 | 0.46067571 | 0.46747475 | 0.48514851 | 0.46822833 | 0.46148649 | 0.46960570 | 0.44937587 | 0.47264946 | 0.45404589 | 0.47500679 | 0.46967071 | 0.48447205 | 0.47861426 | 0.46753070 | 0.46857832 | 0.45470939 | 0.46061343 | 0.48130841 | 0.47863134 | 0.46867953 | 0.00977184
Load  75 | 0.46881315 | 0.47104810 | 0.47897258 | 0.47423362 | 0.45021882 | 0.47823751 | 0.48729093 | 0.47808605 | 0.47694370 | 0.47177748 | 0.48016618 | 0.48828229 | 0.47932103 | 0.47704723 | 0.47662805 | 0.48523765 | 0.46326476 | 0.47761600 | 0.45943396 | 0.48069472 | 0.47516569 | 0.00900494
Load  76 | 0.46013819 | 0.49581918 | 0.47961758 | 0.48316233 | 0.48368497 | 0.48839635 | 0.50032813 | 0.48343493 | 0.47413677 | 0.48881329 | 0.49791068 | 0.47505970 | 0.50462435 | 0.48351937 | 0.47199675 | 0.47729659 | 0.48465848 | 0.48861692 | 0.48048167 | 0.48186663 | 0.48417814 | 0.01015352
Load  77 | 0.48169782 | 0.49868248 | 0.49834900 | 0.47527330 | 0.47709526 | 0.48367213 | 0.48354922 | 0.48354397 | 0.50104302 | 0.48724323 | 0.48327090 | 0.49863192 | 0.47629620 | 0.46272763 | 0.49077443 | 0.48913043 | 0.49086906 | 0.49730285 | 0.48942985 | 0.48345923 | 0.48660210 | 0.00940561
Load  78 | 0.48990544 | 0.50449880 | 0.49542334 | 0.48456550 | 0.50732508 | 0.48224203 | 0.48911684 | 0.49359555 | 0.49001932 | 0.49062661 | 0.48857106 | 0.51205727 | 0.51129053 | 0.48776739 | 0.50418145 | 0.50287834 | 0.50763359 | 0.49067189 | 0.49308463 | 0.50417041 | 0.49648125 | 0.00905261
Load  79 | 0.51964846 | 0.51666872 | 0.49723688 | 0.50422752 | 0.50967580 | 0.50571356 | 0.48504685 | 0.49697275 | 0.50392504 | 0.50139382 | 0.49962302 | 0.49612112 | 0.48506129 | 0.50314624 | 0.48734339 | 0.50534524 | 0.50942203 | 0.50414053 | 0.50113179 | 0.49630187 | 0.50140730 | 0.00889963
Load  80 | 0.52521525 | 0.51399847 | 0.51002758 | 0.52000997 | 0.50487988 | 0.51668314 | 0.51121076 | 0.51083437 | 0.49093183 | 0.51890077 | 0.50315100 | 0.51415962 | 0.50847458 | 0.51624504 | 0.49943911 | 0.50450108 | 0.51352712 | 0.50263488 | 0.51508352 | 0.51701702 | 0.51084625 | 0.00786863
Load  81 | 0.51388375 | 0.50242026 | 0.52888176 | 0.51178953 | 0.52178730 | 0.51344319 | 0.51616810 | 0.52502754 | 0.52279340 | 0.49825957 | 0.50890744 | 0.50984326 | 0.51719429 | 0.52254250 | 0.50935730 | 0.50333498 | 0.51766304 | 0.51655301 | 0.52541124 | 0.49625562 | 0.51407585 | 0.00894256
Load  82 | 0.50236737 | 0.53173159 | 0.53109346 | 0.50284231 | 0.52103599 | 0.53451582 | 0.50865266 | 0.52394230 | 0.52774755 | 0.52012843 | 0.50811608 | 0.51635864 | 0.53338888 | 0.51096491 | 0.52209414 | 0.52305440 | 0.52654005 | 0.52420503 | 0.51641864 | 0.52115122 | 0.52031747 | 0.00944406
Load  83 | 0.51110033 | 0.52839684 | 0.52569312 | 0.53712158 | 0.52970771 | 0.50602706 | 0.54408449 | 0.50855806 | 0.52215152 | 0.53749401 | 0.54302462 | 0.54028769 | 0.52416402 | 0.53685708 | 0.53612717 | 0.53257790 | 0.52268689 | 0.52358893 | 0.52788679 | 0.51887138 | 0.52782036 | 0.01074321
Load  84 | 0.52756372 | 0.52669039 | 0.52876613 | 0.52448883 | 0.52754571 | 0.52806578 | 0.53730632 | 0.55122125 | 0.53222235 | 0.52072693 | 0.54612371 | 0.53783912 | 0.52759305 | 0.53010033 | 0.52417726 | 0.53214286 | 0.52954972 | 0.54223307 | 0.52375167 | 0.52586938 | 0.53119888 | 0.00773348
Load  85 | 0.51974760 | 0.52674946 | 0.52332705 | 0.52175964 | 0.53047619 | 0.53376547 | 0.53249622 | 0.51964648 | 0.54805678 | 0.53154741 | 0.53601968 | 0.52281369 | 0.52516205 | 0.53642841 | 0.55081659 | 0.52203110 | 0.54221651 | 0.54996554 | 0.52589783 | 0.54571793 | 0.53223208 | 0.01011417
Load  86 | 0.52998226 | 0.53560080 | 0.53916296 | 0.54304019 | 0.54628992 | 0.54661749 | 0.53866010 | 0.53314626 | 0.52786467 | 0.55024199 | 0.53675015 | 0.54360701 | 0.53698122 | 0.53063368 | 0.53347403 | 0.52827975 | 0.53334888 | 0.53294412 | 0.54511585 | 0.52030606 | 0.53660237 | 0.00738740
Load  87 | 0.53851574 | 0.54253723 | 0.53823735 | 0.56186519 | 0.56204380 | 0.54191236 | 0.55410959 | 0.53698788 | 0.55401882 | 0.56508876 | 0.54035287 | 0.54204649 | 0.55344337 | 0.55975915 | 0.52850647 | 0.53507341 | 0.54830586 | 0.54481889 | 0.53485701 | 0.55307454 | 0.54677774 | 0.01028647
Load  88 | 0.54694435 | 0.55933535 | 0.55090624 | 0.54203363 | 0.54853585 | 0.55122882 | 0.56007166 | 0.54654823 | 0.54618885 | 0.56195482 | 0.54313171 | 0.55571998 | 0.56252842 | 0.54949472 | 0.54295847 | 0.54567391 | 0.55429350 | 0.54660490 | 0.53823629 | 0.55127042 | 0.55018301 | 0.00674506
Load  89 | 0.56328405 | 0.54828591 | 0.55190099 | 0.55311726 | 0.54994312 | 0.54645722 | 0.54257605 | 0.54911525 | 0.55636612 | 0.55468312 | 0.56184581 | 0.56533869 | 0.55136104 | 0.56630143 | 0.55814215 | 0.55736600 | 0.56395871 | 0.55580407 | 0.56354085 | 0.56893697 | 0.55641624 | 0.00719208
Load  90 | 0.57158578 | 0.57477200 | 0.55662921 | 0.55496217 | 0.55384103 | 0.58637946 | 0.55497148 | 0.56378738 | 0.56996361 | 0.55731137 | 0.55211429 | 0.57101514 | 0.56119136 | 0.55525606 | 0.56645075 | 0.55649431 | 0.56483126 | 0.55924646 | 0.57166302 | 0.56827221 | 0.56353692 | 0.00868515
Load  91 | 0.56216570 | 0.56103697 | 0.56134071 | 0.55175097 | 0.56231535 | 0.55520752 | 0.56733805 | 0.57241902 | 0.56806998 | 0.56831025 | 0.56922569 | 0.56111295 | 0.57122538 | 0.57024793 | 0.55074709 | 0.56539525 | 0.56047944 | 0.56814468 | 0.56714254 | 0.55844869 | 0.56360621 | 0.00607537
Load  92 | 0.57707889 | 0.58010026 | 0.55808880 | 0.56638749 | 0.56789989 | 0.57083150 | 0.57139776 | 0.56974308 | 0.56723372 | 0.56395851 | 0.56884334 | 0.56948525 | 0.58750137 | 0.56634688 | 0.57054750 | 0.55554321 | 0.56406045 | 0.56642896 | 0.58308157 | 0.56962439 | 0.56970914 | 0.00743800
Load  93 | 0.57778982 | 0.56242657 | 0.57690261 | 0.57042482 | 0.57259380 | 0.57341312 | 0.57139769 | 0.56905839 | 0.57782245 | 0.57533523 | 0.56334917 | 0.57231427 | 0.56747967 | 0.57559824 | 0.56380461 | 0.58335983 | 0.57429589 | 0.58306434 | 0.57810298 | 0.57644516 | 0.57324893 | 0.00577107
Load  94 | 0.56952567 | 0.58023243 | 0.58057229 | 0.58271865 | 0.58219399 | 0.57863438 | 0.58067612 | 0.59155527 | 0.58061431 | 0.56954424 | 0.57410801 | 0.59025214 | 0.58098147 | 0.59208298 | 0.58575812 | 0.58374775 | 0.56849240 | 0.57331049 | 0.58345473 | 0.57176496 | 0.58001102 | 0.00692370
Load  95 | 0.57477913 | 0.58572184 | 0.58754174 | 0.58665548 | 0.58525297 | 0.57418112 | 0.57891944 | 0.58983339 | 0.59069237 | 0.59160144 | 0.58237025 | 0.57380192 | 0.59285941 | 0.57645929 | 0.58687740 | 0.58507840 | 0.59493539 | 0.57799033 | 0.59865145 | 0.57899306 | 0.58465979 | 0.00709279
Load  96 | 0.58723494 | 0.58703507 | 0.59857409 | 0.58691608 | 0.58230518 | 0.57850467 | 0.59180923 | 0.57788998 | 0.57872957 | 0.58688491 | 0.59731952 | 0.59527250 | 0.57051282 | 0.58722205 | 0.59011508 | 0.60002071 | 0.59181089 | 0.58473076 | 0.59198334 | 0.58499792 | 0.58749346 | 0.00735215
Load  97 | 0.58627859 | 0.58245210 | 0.58965302 | 0.59819413 | 0.59716620 | 0.58824736 | 0.58811348 | 0.58332471 | 0.58909016 | 0.58566560 | 0.59228136 | 0.59869848 | 0.59188938 | 0.59503106 | 0.59111886 | 0.58944884 | 0.59088550 | 0.60308699 | 0.59269722 | 0.59823834 | 0.59157807 | 0.00533358
Load  98 | 0.60299322 | 0.59801035 | 0.59502700 | 0.59677419 | 0.59983758 | 0.59473307 | 0.60778023 | 0.58938035 | 0.59993912 | 0.59895620 | 0.60845014 | 0.58809085 | 0.58527883 | 0.59414396 | 0.59897331 | 0.59811378 | 0.58790151 | 0.59615968 | 0.61285814 | 0.59838907 | 0.59758953 | 0.00682611
Load  99 | 0.60270926 | 0.59569649 | 0.59508514 | 0.60607565 | 0.60060637 | 0.58505051 | 0.60046352 | 0.61159964 | 0.59557841 | 0.61011046 | 0.59309570 | 0.59120258 | 0.59350755 | 0.61130988 | 0.59644185 | 0.59678235 | 0.60196807 | 0.59701793 | 0.60780950 | 0.60691408 | 0.59995125 | 0.00709569
Load 100 | 0.59216636 | 0.60358409 | 0.59859930 | 0.60455967 | 0.60838395 | 0.61670492 | 0.59714371 | 0.61078264 | 0.62286220 | 0.59542366 | 0.59175879 | 0.60610869 | 0.60552663 | 0.59951822 | 0.60690269 | 0.60213883 | 0.59751079 | 0.59049064 | 0.60612083 | 0.61064315 | 0.60334649 | 0.00814240
Load 101 | 0.59596467 | 0.60810277 | 0.60737052 | 0.61260362 | 0.61199084 | 0.61859732 | 0.61028047 | 0.61509949 | 0.61108899 | 0.62187347 | 0.59403512 | 0.60121273 | 0.62811440 | 0.60756992 | 0.60452317 | 0.60240845 | 0.61060043 | 0.61372800 | 0.60880292 | 0.61025489 | 0.60971111 | 0.00783662
Load 102 | 0.61052124 | 0.61894447 | 0.62634591 | 0.60687475 | 0.61342907 | 0.60148736 | 0.61819057 | 0.60702655 | 0.60023795 | 0.61458536 | 0.62155723 | 0.60990374 | 0.61054388 | 0.61363859 | 0.61715296 | 0.60674267 | 0.59609776 | 0.60017862 | 0.60104495 | 0.61551959 | 0.61050116 | 0.00786753
Load 103 | 0.61308774 | 0.62372288 | 0.60953031 | 0.60942794 | 0.61793635 | 0.61163154 | 0.61319471 | 0.61594061 | 0.61684067 | 0.62863962 | 0.60488898 | 0.60774559 | 0.61897386 | 0.61439240 | 0.60619293 | 0.60202788 | 0.62930870 | 0.61145314 | 0.62474955 | 0.61254826 | 0.61461168 | 0.00737048
Load 104 | 0.61239709 | 0.61851211 | 0.62514318 | 0.61256344 | 0.62949087 | 0.60408922 | 0.60573684 | 0.62148460 | 0.62365999 | 0.61416281 | 0.61402486 | 0.62477055 | 0.62347590 | 0.62814022 | 0.63017497 | 0.62999239 | 0.62375202 | 0.61420680 | 0.61071258 | 0.59792503 | 0.61822077 | 0.00904484
Load 105 | 0.62290715 | 0.62695744 | 0.61348637 | 0.61268958 | 0.62971008 | 0.63304397 | 0.61963947 | 0.62882713 | 0.61984329 | 0.63255050 | 0.62272771 | 0.62010803 | 0.61885088 | 0.63023122 | 0.61670194 | 0.61810197 | 0.62504733 | 0.62540530 | 0.62645583 | 0.63110188 | 0.62371935 | 0.00601509
Load 106 | 0.62632319 | 0.63553062 | 0.62999626 | 0.62488120 | 0.62462462 | 0.64309331 | 0.63348502 | 0.63450783 | 0.62406994 | 0.62839345 | 0.62209302 | 0.63149458 | 0.62869671 | 0.63419169 | 0.62713605 | 0.62832277 | 0.62400076 | 0.62286254 | 0.62610852 | 0.62504758 | 0.62874298 | 0.00515214
Load 107 | 0.61886219 | 0.62424468 | 0.63960617 | 0.61904313 | 0.63069187 | 0.62210773 | 0.63306339 | 0.62599793 | 0.62579618 | 0.62561348 | 0.62999812 | 0.63054600 | 0.63473615 | 0.61859940 | 0.63210040 | 0.63383140 | 0.61380282 | 0.62902927 | 0.62900649 | 0.63123017 | 0.62739535 | 0.00631066
Load 108 | 0.63978297 | 0.63361548 | 0.63488694 | 0.63879231 | 0.62142656 | 0.62886216 | 0.64112940 | 0.63864619 | 0.62763575 | 0.63676390 | 0.62395412 | 0.63956466 | 0.63337293 | 0.64099515 | 0.62877792 | 0.63844585 | 0.62543735 | 0.62069291 | 0.62947349 | 0.63673507 | 0.63294956 | 0.00650744
Load 109 | 0.64335349 | 0.63737886 | 0.62789203 | 0.64828967 | 0.64616504 | 0.63440761 | 0.62335044 | 0.64010767 | 0.63699380 | 0.64076782 | 0.62498854 | 0.64020101 | 0.63952206 | 0.64066801 | 0.63470740 | 0.64035652 | 0.63053914 | 0.64342970 | 0.64085206 | 0.63168115 | 0.63728260 | 0.00658513
Load 110 | 0.63704108 | 0.62663976 | 0.63860498 | 0.64919100 | 0.63730570 | 0.63635534 | 0.64857323 | 0.64525090 | 0.64244604 | 0.63841912 | 0.64282481 | 0.64320146 | 0.62800293 | 0.63673544 | 0.65204784 | 0.63161745 | 0.63631427 | 0.64395183 | 0.63587510 | 0.63875383 | 0.63945760 | 0.00645712
Load 111 | 0.64887816 | 0.63574844 | 0.64394276 | 0.64418964 | 0.63191372 | 0.64654942 | 0.64573312 | 0.63998211 | 0.64072998 | 0.63888889 | 0.64062641 | 0.63960485 | 0.64052228 | 0.64545621 | 0.63536310 | 0.64585749 | 0.64449786 | 0.64861761 | 0.63128795 | 0.63051849 | 0.64094542 | 0.00548513
Load 112 | 0.64931115 | 0.64389289 | 0.64765192 | 0.64256517 | 0.63940754 | 0.63912846 | 0.64621549 | 0.64480242 | 0.64955959 | 0.63415726 | 0.64866305 | 0.66414405 | 0.64923996 | 0.64404396 | 0.62350230 | 0.64798146 | 0.64421072 | 0.63858769 | 0.64238352 | 0.64069303 | 0.64400708 | 0.00760150
Load 113 | 0.64114275 | 0.65202374 | 0.64986243 | 0.65887684 | 0.65856431 | 0.65667048 | 0.65550699 | 0.64419909 | 0.64842366 | 0.63635553 | 0.64886455 | 0.65553789 | 0.65090070 | 0.65173821 | 0.64483917 | 0.65118325 | 0.64296427 | 0.64105556 | 0.65274841 | 0.63821611 | 0.64898370 | 0.00652275
Load 114 | 0.65198277 | 0.64626866 | 0.64897816 | 0.65490231 | 0.64658494 | 0.65351868 | 0.65684818 | 0.64300366 | 0.64394728 | 0.65322022 | 0.64928200 | 0.65286624 | 0.65281795 | 0.65424467 | 0.65450607 | 0.66088246 | 0.64860791 | 0.65042879 | 0.66189609 | 0.65398230 | 0.65193847 | 0.00483525
Load 115 | 0.65958738 | 0.66079751 | 0.65881236 | 0.64680105 | 0.64891760 | 0.64754604 | 0.66589047 | 0.65717263 | 0.65662862 | 0.65468066 | 0.64635208 | 0.64235869 | 0.64157422 | 0.64147321 | 0.65872600 | 0.65375324 | 0.65517840 | 0.65094584 | 0.64138114 | 0.65765610 | 0.65231166 | 0.00718593
Load 116 | 0.66951715 | 0.65976814 | 0.66246656 | 0.65000434 | 0.66044809 | 0.64464023 | 0.66369252 | 0.65652617 | 0.65110780 | 0.64303601 | 0.65310275 | 0.65297233 | 0.65161906 | 0.65494544 | 0.65844647 | 0.65339839 | 0.64920333 | 0.65528747 | 0.65452520 | 0.65701063 | 0.65508590 | 0.00615940
Load 117 | 0.66208909 | 0.66563025 | 0.66076645 | 0.66195881 | 0.66209727 | 0.65932102 | 0.66127098 | 0.65296531 | 0.66116480 | 0.65405959 | 0.66888533 | 0.65317474 | 0.65434652 | 0.65940526 | 0.65975806 | 0.66474882 | 0.66066729 | 0.65203950 | 0.65230929 | 0.66215539 | 0.65944069 | 0.00466318
Load 118 | 0.65937685 | 0.65564153 | 0.66464238 | 0.65880757 | 0.65480336 | 0.66765755 | 0.66031988 | 0.66500927 | 0.66984536 | 0.66731028 | 0.66808511 | 0.66021560 | 0.66073271 | 0.66896089 | 0.66027860 | 0.66146580 | 0.65554700 | 0.66595399 | 0.65714771 | 0.66918556 | 0.66254935 | 0.00484690
Load 119 | 0.66015756 | 0.67391848 | 0.66273144 | 0.67053189 | 0.66515647 | 0.66360064 | 0.67279258 | 0.65995807 | 0.66985925 | 0.66305976 | 0.65108255 | 0.66115702 | 0.66242843 | 0.66633275 | 0.67677781 | 0.66458527 | 0.67192110 | 0.65992896 | 0.66063463 | 0.67023949 | 0.66534271 | 0.00603225
Load 120 | 0.67705193 | 0.67204435 | 0.65887231 | 0.67686332 | 0.66865771 | 0.66503485 | 0.65928478 | 0.66405658 | 0.65961732 | 0.67078326 | 0.66075406 | 0.66855100 | 0.65823206 | 0.66794861 | 0.66197421 | 0.67684394 | 0.66635852 | 0.67529118 | 0.67321562 | 0.67057248 | 0.66760040 | 0.00627752
Load 121 | 0.67809897 | 0.68244463 | 0.66829998 | 0.67867283 | 0.67343204 | 0.67512156 | 0.66963839 | 0.67790109 | 0.67912721 | 0.66805284 | 0.66995398 | 0.67886347 | 0.67384203 | 0.67638720 | 0.66169486 | 0.67182817 | 0.68025333 | 0.68109847 | 0.66677615 | 0.67959184 | 0.67455395 | 0.00551637
Load 122 | 0.66228034 | 0.67230985 | 0.66842105 | 0.67710131 | 0.66105985 | 0.67166280 | 0.67222589 | 0.67677841 | 0.67053785 | 0.67982492 | 0.67214327 | 0.68074656 | 0.66636491 | 0.67029727 | 0.67282430 | 0.67644415 | 0.66809211 | 0.66795145 | 0.67211365 | 0.66338744 | 0.67112837 | 0.00529960
Load 123 | 0.66883910 | 0.67834116 | 0.67570631 | 0.67000739 | 0.68229209 | 0.67269126 | 0.67884802 | 0.66347946 | 0.67444526 | 0.68208464 | 0.68695510 | 0.66975258 | 0.67746951 | 0.68231637 | 0.66987854 | 0.67525396 | 0.67277637 | 0.67459486 | 0.66739412 | 0.66981209 | 0.67464691 | 0.00580879
Load 124 | 0.68746988 | 0.68529937 | 0.67511539 | 0.68445951 | 0.67399625 | 0.67344284 | 0.67727896 | 0.67469978 | 0.67399836 | 0.68310983 | 0.67995481 | 0.68783655 | 0.68466592 | 0.67699824 | 0.69034022 | 0.67163347 | 0.68499317 | 0.68516892 | 0.68293458 | 0.67221459 | 0.68028053 | 0.00581494
Load 125 | 0.69065826 | 0.68912203 | 0.68730576 | 0.68368069 | 0.68642708 | 0.68546158 | 0.68846706 | 0.68115006 | 0.67748624 | 0.68533959 | 0.67830204 | 0.68242867 | 0.67165982 | 0.68629941 | 0.68484995 | 0.67651509 | 0.68036056 | 0.67709587 | 0.67939907 | 0.68802873 | 0.68300188 | 0.00494753
Load 126 | 0.68683643 | 0.67792043 | 0.68858590 | 0.68138801 | 0.68766218 | 0.68052114 | 0.68238213 | 0.67905163 | 0.69294408 | 0.68359028 | 0.68640368 | 0.68182536 | 0.68390073 | 0.68649466 | 0.68412786 | 0.68190777 | 0.67001377 | 0.68554563 | 0.67946777 | 0.67852615 | 0.68295478 | 0.00476148
Load 127 | 0.68114084 | 0.68180735 | 0.67795665 | 0.68989795 | 0.68670538 | 0.67747576 | 0.69213055 | 0.67702448 | 0.68342026 | 0.68521876 | 0.68501649 | 0.67740404 | 0.68497500 | 0.68168000 | 0.69449462 | 0.67907236 | 0.67853453 | 0.68430087 | 0.70128166 | 0.68346532 | 0.68415014 | 0.00618266
Load 128 | 0.69340102 | 0.68957217 | 0.69309861 | 0.68452240 | 0.69247092 | 0.68892368 | 0.69006581 | 0.68574794 | 0.68403582 | 0.69390603 | 0.68327925 | 0.68574344 | 0.67103267 | 0.69230166 | 0.68813850 | 0.69606238 | 0.68994742 | 0.68270806 | 0.68278348 | 0.69750834 | 0.68826248 | 0.00590484
Load 129 | 0.69529385 | 0.68057948 | 0.69955157 | 0.69411401 | 0.69233162 | 0.69150579 | 0.69288130 | 0.67963334 | 0.68858978 | 0.69576040 | 0.69243906 | 0.68654881 | 0.67953514 | 0.68727273 | 0.69294926 | 0.68558234 | 0.69152883 | 0.69539743 | 0.68853988 | 0.67815113 | 0.68940929 | 0.00597334
Load 130 | 0.70054335 | 0.69209915 | 0.68990627 | 0.68713699 | 0.69374617 | 0.68952204 | 0.69107887 | 0.69603120 | 0.69351281 | 0.69830999 | 0.68936072 | 0.68412502 | 0.69497507 | 0.68678983 | 0.69838611 | 0.69585572 | 0.69517595 | 0.68942085 | 0.68888016 | 0.68519232 | 0.69200243 | 0.00448814
Load 131 | 0.69267212 | 0.69590555 | 0.69490220 | 0.69611606 | 0.70017569 | 0.70294716 | 0.70530556 | 0.69672384 | 0.69674397 | 0.69838242 | 0.69130270 | 0.69148774 | 0.69835119 | 0.69249598 | 0.69742814 | 0.69549754 | 0.69316944 | 0.68954349 | 0.69733303 | 0.69796354 | 0.69622237 | 0.00379614
Load 132 | 0.69947155 | 0.69812893 | 0.69132771 | 0.70334210 | 0.70164060 | 0.69101595 | 0.70010640 | 0.69742392 | 0.69731227 | 0.68761524 | 0.69855555 | 0.70035609 | 0.70276703 | 0.69056546 | 0.69733232 | 0.68471362 | 0.69151515 | 0.69562581 | 0.69203756 | 0.70277381 | 0.69618135 | 0.00524913
Load 133 | 0.69337372 | 0.70034607 | 0.69248916 | 0.69615298 | 0.69574484 | 0.69772288 | 0.70281963 | 0.70344465 | 0.69102093 | 0.69764418 | 0.69462908 | 0.70323015 | 0.69724493 | 0.70075643 | 0.70099992 | 0.69338480 | 0.70324341 | 0.69698997 | 0.69589623 | 0.71021132 | 0.69836726 | 0.00460489
Load 134 | 0.70876905 | 0.69772350 | 0.69572120 | 0.70676914 | 0.70240144 | 0.70423697 | 0.68915862 | 0.69986440 | 0.69950331 | 0.70541997 | 0.70370927 | 0.69227872 | 0.70941317 | 0.69702658 | 0.70050990 | 0.69961749 | 0.69963785 | 0.70712323 | 0.69551330 | 0.70396077 | 0.70091789 | 0.00528287
Load 135 | 0.70304512 | 0.70575470 | 0.70540621 | 0.70511393 | 0.70382782 | 0.70737463 | 0.70471001 | 0.70036900 | 0.69679104 | 0.70004477 | 0.70303662 | 0.70650870 | 0.70385335 | 0.70759928 | 0.70233348 | 0.70718589 | 0.70782955 | 0.71133270 | 0.70275311 | 0.70239143 | 0.70436307 | 0.00318585
Load 136 | 0.71348478 | 0.71101054 | 0.71351548 | 0.70964215 | 0.70091154 | 0.70431257 | 0.70696751 | 0.71752309 | 0.71517050 | 0.70831194 | 0.70883090 | 0.70968207 | 0.70720524 | 0.70845653 | 0.71084337 | 0.70268278 | 0.70900250 | 0.70398932 | 0.69429098 | 0.70388922 | 0.70798615 | 0.00520584
Load 137 | 0.70863783 | 0.70910801 | 0.70924855 | 0.69706792 | 0.70873362 | 0.70624681 | 0.70954084 | 0.71035226 | 0.70503282 | 0.70306542 | 0.71113055 | 0.70426157 | 0.70032573 | 0.70528634 | 0.70121230 | 0.70497490 | 0.70670391 | 0.70778601 | 0.71170971 | 0.71181997 | 0.70661225 | 0.00389999
Load 138 | 0.71115451 | 0.70131387 | 0.71179828 | 0.70440984 | 0.71571882 | 0.70662368 | 0.71113223 | 0.71047452 | 0.70329992 | 0.71811069 | 0.71022686 | 0.70956121 | 0.71232472 | 0.71645588 | 0.71095504 | 0.70905377 | 0.71074380 | 0.70183284 | 0.70694444 | 0.71511501 | 0.70986250 | 0.00457746
Load 139 | 0.70851656 | 0.71073787 | 0.71948946 | 0.71597168 | 0.70072625 | 0.71509583 | 0.71149706 | 0.71719972 | 0.70956976 | 0.71084861 | 0.71512343 | 0.70816194 | 0.72031530 | 0.71891463 | 0.71167431 | 0.70374954 | 0.71050183 | 0.71007639 | 0.71780978 | 0.70199738 | 0.71189887 | 0.00550437
Load 140 | 0.70648734 | 0.71321678 | 0.71995739 | 0.71190614 | 0.72631206 | 0.71480531 | 0.70956720 | 0.71745762 | 0.71877924 | 0.71808548 | 0.72003104 | 0.72003992 | 0.70652411 | 0.70971239 | 0.71949918 | 0.70695257 | 0.71236885 | 0.71306365 | 0.71929701 | 0.71199082 | 0.71480270 | 0.00533892
Load 141 | 0.71678051 | 0.71790708 | 0.71269472 | 0.71369824 | 0.72239837 | 0.72035160 | 0.72128127 | 0.71135927 | 0.72577377 | 0.72077876 | 0.71139420 | 0.71938194 | 0.71154121 | 0.71150718 | 0.70515759 | 0.72456254 | 0.71696098 | 0.71978873 | 0.72874947 | 0.71740513 | 0.71747363 | 0.00569253
Load 142 | 0.72001996 | 0.71528267 | 0.72224137 | 0.71571741 | 0.71560619 | 0.71533210 | 0.71978520 | 0.72527395 | 0.71745562 | 0.72225800 | 0.72249787 | 0.71499545 | 0.71861194 | 0.72333404 | 0.71746299 | 0.72184360 | 0.71913209 | 0.71860417 | 0.71259954 | 0.72221056 | 0.71901324 | 0.00334058
Load 143 | 0.72600940 | 0.71677545 | 0.71634481 | 0.71680851 | 0.71956109 | 0.72901057 | 0.72439143 | 0.71178333 | 0.72183703 | 0.72096573 | 0.71518140 | 0.72414032 | 0.71944194 | 0.72102134 | 0.70957026 | 0.71372849 | 0.71976624 | 0.72520098 | 0.71774137 | 0.72120664 | 0.71952432 | 0.00480369
Load 144 | 0.72596965 | 0.71981112 | 0.72461570 | 0.72749794 | 0.72981730 | 0.72122727 | 0.71542777 | 0.71873499 | 0.72873900 | 0.72118521 | 0.72011115 | 0.71584089 | 0.72100227 | 0.72816276 | 0.72414033 | 0.71553046 | 0.72134428 | 0.71948161 | 0.73055730 | 0.72442256 | 0.72268098 | 0.00459764
Load 145 | 0.72378976 | 0.72587899 | 0.73155007 | 0.72598655 | 0.72493591 | 0.72829093 | 0.73524920 | 0.72465753 | 0.72766073 | 0.71713452 | 0.71825978 | 0.72128871 | 0.72881356 | 0.72806052 | 0.71975455 | 0.72419733 | 0.72846865 | 0.71619366 | 0.72776521 | 0.73002868 | 0.72539824 | 0.00480456
Load 146 | 0.71831472 | 0.72560680 | 0.72713571 | 0.72303367 | 0.71984193 | 0.72569374 | 0.72874132 | 0.72551799 | 0.73258427 | 0.72893471 | 0.72018882 | 0.72963288 | 0.72949758 | 0.72949816 | 0.72591110 | 0.72987208 | 0.71495392 | 0.73268346 | 0.72247412 | 0.72946501 | 0.72597910 | 0.00471481
Load 147 | 0.72159869 | 0.72610458 | 0.73242121 | 0.72751180 | 0.72158973 | 0.73933141 | 0.73422445 | 0.72348662 | 0.72903005 | 0.72387752 | 0.72993100 | 0.73263630 | 0.73004872 | 0.73084035 | 0.73025325 | 0.72581304 | 0.72930373 | 0.72148523 | 0.73367106 | 0.72619699 | 0.72846779 | 0.00465588
Load 148 | 0.72780986 | 0.72778905 | 0.72809627 | 0.73212387 | 0.73530001 | 0.73052190 | 0.73954833 | 0.73030407 | 0.73222184 | 0.73775489 | 0.73072497 | 0.72782537 | 0.72670807 | 0.73093408 | 0.73082707 | 0.72530040 | 0.72776463 | 0.73460352 | 0.73079270 | 0.73093292 | 0.73089419 | 0.00356336
Load 149 | 0.73390932 | 0.72994598 | 0.72058622 | 0.73089790 | 0.73358712 | 0.73946718 | 0.72888650 | 0.73209408 | 0.72855049 | 0.71986862 | 0.73529214 | 0.72886967 | 0.73343044 | 0.73188258 | 0.73055016 | 0.72889991 | 0.72204429 | 0.74005147 | 0.73690654 | 0.73337856 | 0.73095496 | 0.00533333
Load 150 | 0.73864542 | 0.73094502 | 0.73392283 | 0.74231568 | 0.73258412 | 0.73116438 | 0.72948530 | 0.73219619 | 0.72938335 | 0.73540986 | 0.73827866 | 0.73458142 | 0.73542067 | 0.73355504 | 0.72196309 | 0.73562226 | 0.73122190 | 0.73416789 | 0.73516681 | 0.73304715 | 0.73345385 | 0.00405883
Load 151 | 0.72964148 | 0.72827246 | 0.72754372 | 0.74099338 | 0.73809365 | 0.72793333 | 0.73621607 | 0.72846922 | 0.74304139 | 0.72734463 | 0.74206559 | 0.73984647 | 0.73368267 | 0.74600119 | 0.73683509 | 0.73404742 | 0.74143668 | 0.73753418 | 0.73215818 | 0.73652296 | 0.73538399 | 0.00569273
Load 152 | 0.74041721 | 0.74371336 | 0.72899091 | 0.73232589 | 0.73667195 | 0.73959082 | 0.74005756 | 0.73627898 | 0.74315404 | 0.74127526 | 0.73189318 | 0.72955850 | 0.73968715 | 0.73985179 | 0.73634502 | 0.73533506 | 0.72802985 | 0.72820343 | 0.72849012 | 0.73816869 | 0.73590194 | 0.00511420
Load 153 | 0.73690437 | 0.73279968 | 0.74016679 | 0.74085820 | 0.73787740 | 0.73283871 | 0.72576488 | 0.73912473 | 0.74005635 | 0.74224004 | 0.73733080 | 0.73845554 | 0.74045703 | 0.73382295 | 0.73440987 | 0.74131956 | 0.73659780 | 0.74020579 | 0.73076673 | 0.73462804 | 0.73683126 | 0.00407543
Load 154 | 0.73846755 | 0.74124830 | 0.73763441 | 0.74000898 | 0.73961651 | 0.74334296 | 0.74408740 | 0.74276362 | 0.73606568 | 0.74861451 | 0.73710363 | 0.73564272 | 0.74077160 | 0.73840481 | 0.73581099 | 0.74222511 | 0.74470271 | 0.73687316 | 0.74407032 | 0.73926360 | 0.74033593 | 0.00342504
Load 155 | 0.74141862 | 0.73990802 | 0.73911077 | 0.73590698 | 0.73876172 | 0.74487237 | 0.74234990 | 0.74249789 | 0.73827792 | 0.74141427 | 0.74325108 | 0.74101873 | 0.74208290 | 0.73909697 | 0.74788988 | 0.74592960 | 0.73623509 | 0.74326323 | 0.73662498 | 0.73742507 | 0.74086680 | 0.00319025
Load 156 | 0.74364881 | 0.74598879 | 0.73973664 | 0.74737650 | 0.73797753 | 0.74290689 | 0.73995167 | 0.73993569 | 0.74116073 | 0.74645966 | 0.73578207 | 0.73694127 | 0.74028144 | 0.74373994 | 0.74308020 | 0.74402448 | 0.73984213 | 0.74776998 | 0.74532150 | 0.74922405 | 0.74255750 | 0.00366854
Load 157 | 0.74825712 | 0.73267327 | 0.74028212 | 0.74775521 | 0.74785636 | 0.74447347 | 0.74743984 | 0.74046191 | 0.74900064 | 0.73837359 | 0.74606022 | 0.74718959 | 0.73701799 | 0.74276240 | 0.75273189 | 0.74764151 | 0.74094761 | 0.74559724 | 0.74116665 | 0.74519014 | 0.74414394 | 0.00471993
Load 158 | 0.74955550 | 0.74049375 | 0.75032975 | 0.75075171 | 0.75241401 | 0.73929986 | 0.74072906 | 0.74985919 | 0.75223200 | 0.75020621 | 0.74759980 | 0.75003166 | 0.74099269 | 0.74475011 | 0.75257862 | 0.74794121 | 0.74560733 | 0.73950003 | 0.74614306 | 0.75900971 | 0.74750126 | 0.00514111
Load 159 | 0.75351221 | 0.74506043 | 0.75829267 | 0.74644595 | 0.74678355 | 0.74917071 | 0.75650862 | 0.75132572 | 0.74763927 | 0.73975934 | 0.74919411 | 0.73965176 | 0.74575522 | 0.74692254 | 0.74735915 | 0.74713288 | 0.75187970 | 0.74548794 | 0.75274997 | 0.73704475 | 0.74788382 | 0.00521478
Load 160 | 0.75097037 | 0.74705956 | 0.75577270 | 0.74624437 | 0.74682991 | 0.74366215 | 0.74923394 | 0.75499137 | 0.74636998 | 0.75010825 | 0.74313541 | 0.75837894 | 0.74854824 | 0.75047176 | 0.75649290 | 0.74792367 | 0.74859778 | 0.74964074 | 0.75025000 | 0.74313307 | 0.74939075 | 0.00420679
Load 161 | 0.73965237 | 0.74389008 | 0.75282019 | 0.74918083 | 0.75109386 | 0.75145165 | 0.75349585 | 0.74638404 | 0.75103966 | 0.74636724 | 0.75420792 | 0.75394836 | 0.75170659 | 0.74069432 | 0.74973495 | 0.75630040 | 0.75612006 | 0.74915233 | 0.74605965 | 0.75090163 | 0.74971010 | 0.00453491
Load 162 | 0.75980961 | 0.75785189 | 0.75260546 | 0.75596850 | 0.75909575 | 0.75286893 | 0.75388299 | 0.75375708 | 0.75805355 | 0.74995344 | 0.75341538 | 0.76161542 | 0.75663717 | 0.75066891 | 0.75199703 | 0.75574552 | 0.75064919 | 0.74638172 | 0.75199656 | 0.74936880 | 0.75411614 | 0.00382385
Load 163 | 0.75195408 | 0.75267421 | 0.75183150 | 0.75245022 | 0.75577699 | 0.75198474 | 0.75593966 | 0.75455951 | 0.75508443 | 0.75579115 | 0.74908414 | 0.75652281 | 0.75878700 | 0.75556916 | 0.75562265 | 0.75887953 | 0.76113876 | 0.75118306 | 0.76084301 | 0.75731937 | 0.75514980 | 0.00317315
Load 164 | 0.75427608 | 0.75293761 | 0.75769347 | 0.75990069 | 0.74946844 | 0.75276345 | 0.75711227 | 0.75722192 | 0.76041411 | 0.76009172 | 0.75162802 | 0.75827653 | 0.75717507 | 0.74574292 | 0.75518245 | 0.75824576 | 0.75576206 | 0.76106994 | 0.75443408 | 0.75294118 | 0.75561689 | 0.00383248
Load 165 | 0.75394417 | 0.75623067 | 0.75242307 | 0.75224351 | 0.74952793 | 0.76296611 | 0.75940933 | 0.75664200 | 0.76365724 | 0.75776473 | 0.75993278 | 0.75705329 | 0.76220032 | 0.76013821 | 0.75571821 | 0.75861020 | 0.76868796 | 0.75526024 | 0.76102019 | 0.75784484 | 0.75806375 | 0.00435532
Load 166 | 0.75704730 | 0.75824900 | 0.75562721 | 0.76184187 | 0.76190476 | 0.76517639 | 0.76231867 | 0.76066846 | 0.76202138 | 0.75397303 | 0.76353069 | 0.76460378 | 0.76647778 | 0.76207599 | 0.76123966 | 0.75645756 | 0.75946574 | 0.75849786 | 0.75339258 | 0.75502421 | 0.75997970 | 0.00371431
Load 167 | 0.76349263 | 0.75644253 | 0.76027887 | 0.75936347 | 0.76022459 | 0.76009659 | 0.75448525 | 0.75406893 | 0.75616471 | 0.76324963 | 0.76198237 | 0.75258103 | 0.75260526 | 0.75990361 | 0.75610919 | 0.76565946 | 0.76157989 | 0.76337535 | 0.76625239 | 0.76195613 | 0.75949359 | 0.00405441
Load 168 | 0.75740641 | 0.75048263 | 0.75716057 | 0.76155257 | 0.76324776 | 0.76329835 | 0.75554091 | 0.76226615 | 0.76084612 | 0.76224775 | 0.76317513 | 0.76424501 | 0.75644376 | 0.76251771 | 0.75880052 | 0.75902831 | 0.76468507 | 0.76502926 | 0.76296736 | 0.75969269 | 0.76053170 | 0.00360523
Load 169 | 0.77108076 | 0.76710049 | 0.76617621 | 0.76027846 | 0.76382714 | 0.76555080 | 0.76357959 | 0.76756371 | 0.76689030 | 0.76579642 | 0.76544315 | 0.77286032 | 0.75847881 | 0.76550876 | 0.76691507 | 0.76107660 | 0.76341047 | 0.76778610 | 0.75309224 | 0.76044371 | 0.76464296 | 0.00432239
Load 170 | 0.77060407 | 0.75885978 | 0.76242835 | 0.75971146 | 0.76348377 | 0.76939988 | 0.75747508 | 0.76929840 | 0.76245837 | 0.76486771 | 0.76331222 | 0.77008517 | 0.76361618 | 0.76589612 | 0.76465774 | 0.76465095 | 0.75923846 | 0.76226106 | 0.76502253 | 0.76459398 | 0.76409607 | 0.00362706
Load 171 | 0.77135066 | 0.77001108 | 0.77096341 | 0.76704111 | 0.76702072 | 0.76615636 | 0.76539004 | 0.77048221 | 0.76777914 | 0.77017983 | 0.76702488 | 0.76486868 | 0.76736294 | 0.76002119 | 0.76579009 | 0.76816750 | 0.76143235 | 0.75365579 | 0.76846366 | 0.76479238 | 0.76639770 | 0.00409198
Load 172 | 0.77182182 | 0.77125389 | 0.76212659 | 0.76122615 | 0.76416851 | 0.76474005 | 0.76495479 | 0.76368926 | 0.76192989 | 0.75942813 | 0.77140202 | 0.76527480 | 0.75800691 | 0.76386762 | 0.77160034 | 0.76757880 | 0.76869798 | 0.77666474 | 0.76157488 | 0.76686937 | 0.76584383 | 0.00470789
Load 173 | 0.76239416 | 0.76757565 | 0.76382508 | 0.76762848 | 0.76537254 | 0.77050985 | 0.76961066 | 0.76429860 | 0.76890951 | 0.76389459 | 0.76812348 | 0.76522599 | 0.76323152 | 0.76951822 | 0.75940421 | 0.76252169 | 0.76719236 | 0.77152413 | 0.76452705 | 0.77096291 | 0.76631253 | 0.00324012
Load 174 | 0.76513035 | 0.76757868 | 0.77089395 | 0.77258388 | 0.77066529 | 0.77754785 | 0.77570093 | 0.76439332 | 0.77380677 | 0.77618422 | 0.77699948 | 0.77169135 | 0.76344705 | 0.76736818 | 0.77344861 | 0.76825122 | 0.77216572 | 0.76756505 | 0.77655552 | 0.77707367 | 0.77145255 | 0.00441158
Load 175 | 0.76855303 | 0.77104858 | 0.76856021 | 0.77262567 | 0.77239061 | 0.77644217 | 0.77796862 | 0.76814088 | 0.77297267 | 0.76226135 | 0.77297609 | 0.76444520 | 0.77468469 | 0.77239682 | 0.76417995 | 0.77297420 | 0.77632250 | 0.77316147 | 0.76740443 | 0.77459253 | 0.77120508 | 0.00420673
Load 176 | 0.77350258 | 0.76911315 | 0.77313501 | 0.77180681 | 0.77313724 | 0.77043159 | 0.76885395 | 0.76816490 | 0.77477579 | 0.77952265 | 0.77685857 | 0.76567939 | 0.77192982 | 0.76978252 | 0.77365831 | 0.77331116 | 0.77560594 | 0.77083215 | 0.77241458 | 0.77789110 | 0.77252036 | 0.00332676
Load 177 | 0.76687151 | 0.76613361 | 0.76921343 | 0.77661263 | 0.77173789 | 0.77980404 | 0.76975040 | 0.77688729 | 0.77264156 | 0.77198679 | 0.77739572 | 0.77762735 | 0.77632248 | 0.77453133 | 0.77574449 | 0.76987472 | 0.76821943 | 0.77386765 | 0.77061606 | 0.77123776 | 0.77285381 | 0.00380917
Load 178 | 0.77694611 | 0.77338310 | 0.77492051 | 0.77879978 | 0.78037016 | 0.77488362 | 0.77760332 | 0.78027256 | 0.77724269 | 0.77382338 | 0.77427689 | 0.77509732 | 0.77914144 | 0.77983380 | 0.77507973 | 0.77858760 | 0.77423168 | 0.77751519 | 0.77329593 | 0.76846398 | 0.77618844 | 0.00290610
Load 179 | 0.77529581 | 0.77247552 | 0.78008692 | 0.77575149 | 0.77720236 | 0.77564355 | 0.77968156 | 0.77262980 | 0.77829112 | 0.77954027 | 0.77278896 | 0.77339710 | 0.77780831 | 0.77681944 | 0.77743492 | 0.77535302 | 0.78061281 | 0.76642664 | 0.77717483 | 0.77720236 | 0.77608084 | 0.00326403
Load 180 | 0.77643707 | 0.77829553 | 0.77318845 | 0.78206194 | 0.77910893 | 0.78145139 | 0.78662333 | 0.78025159 | 0.77463837 | 0.77791404 | 0.77392674 | 0.77863557 | 0.77932930 | 0.77738947 | 0.78246393 | 0.77732278 | 0.77244016 | 0.77765566 | 0.77546939 | 0.77740387 | 0.77810037 | 0.00334044
Load 181 | 0.77024565 | 0.77537952 | 0.77824499 | 0.77750787 | 0.78073658 | 0.77620596 | 0.77771694 | 0.77408510 | 0.77836879 | 0.78115870 | 0.78062379 | 0.77983924 | 0.77729404 | 0.76834428 | 0.77696375 | 0.78083242 | 0.78057731 | 0.77619100 | 0.77864454 | 0.77854690 | 0.77737537 | 0.00331246
Load 182 | 0.78087693 | 0.77856198 | 0.77733039 | 0.78987856 | 0.77632012 | 0.77415122 | 0.77626103 | 0.77976517 | 0.77875179 | 0.78512442 | 0.77759938 | 0.78121225 | 0.77795092 | 0.78310752 | 0.78246344 | 0.78430619 | 0.78255623 | 0.77950820 | 0.78386780 | 0.77922078 | 0.78044072 | 0.00361463
Load 183 | 0.77844609 | 0.77866681 | 0.78691045 | 0.78252310 | 0.78968384 | 0.78447993 | 0.78661156 | 0.78541871 | 0.77819895 | 0.77739350 | 0.78265390 | 0.78119349 | 0.77586302 | 0.77396923 | 0.77782661 | 0.77829550 | 0.78028031 | 0.78370817 | 0.78900082 | 0.77973520 | 0.78154296 | 0.00431366
Load 184 | 0.78880545 | 0.78035314 | 0.78384969 | 0.77734247 | 0.78035559 | 0.77491503 | 0.78028322 | 0.78386614 | 0.78366553 | 0.77898235 | 0.78195611 | 0.78169246 | 0.78170534 | 0.78354389 | 0.78743700 | 0.78045464 | 0.77920088 | 0.78386887 | 0.77821436 | 0.78247946 | 0.78164858 | 0.00318815
Load 185 | 0.78237890 | 0.79045420 | 0.77630291 | 0.78170333 | 0.77951087 | 0.78659526 | 0.77717243 | 0.78285438 | 0.78402430 | 0.78474042 | 0.78672370 | 0.78115895 | 0.77981900 | 0.77960438 | 0.77929378 | 0.78208859 | 0.78342922 | 0.78123656 | 0.77873595 | 0.78145516 | 0.78196411 | 0.00332803
Load 186 | 0.78886162 | 0.78411911 | 0.79415608 | 0.78562517 | 0.78741643 | 0.78933078 | 0.78078127 | 0.78486226 | 0.78670539 | 0.78007075 | 0.78505380 | 0.78215096 | 0.78316837 | 0.78871504 | 0.78576828 | 0.79104152 | 0.78417422 | 0.78808017 | 0.78562239 | 0.78372430 | 0.78597140 | 0.00335566
Load 187 | 0.78503467 | 0.78990115 | 0.79471968 | 0.78288977 | 0.78109426 | 0.78082192 | 0.78985391 | 0.78466918 | 0.77901702 | 0.79312175 | 0.78670480 | 0.78303417 | 0.78461204 | 0.78078207 | 0.78973352 | 0.78266277 | 0.78882219 | 0.78688874 | 0.78887349 | 0.78338438 | 0.78583107 | 0.00421690
Load 188 | 0.78564212 | 0.78407343 | 0.78472480 | 0.79230522 | 0.78428004 | 0.79028023 | 0.78292490 | 0.78274074 | 0.78729588 | 0.78872413 | 0.78718155 | 0.78779502 | 0.78666310 | 0.78520008 | 0.78240617 | 0.78868164 | 0.78584780 | 0.78215657 | 0.78308982 | 0.79076363 | 0.78613884 | 0.00289011
Load 189 | 0.78272995 | 0.78860236 | 0.78930453 | 0.79672286 | 0.77997864 | 0.78325434 | 0.78904373 | 0.78989995 | 0.79414226 | 0.79142331 | 0.79598995 | 0.78569543 | 0.78577104 | 0.79096892 | 0.79527766 | 0.78889301 | 0.78851365 | 0.78725891 | 0.78685556 | 0.78516040 | 0.78877432 | 0.00436935
Load 190 | 0.79159867 | 0.79298744 | 0.78246616 | 0.78089619 | 0.78792553 | 0.78851050 | 0.78793949 | 0.79325961 | 0.78494967 | 0.79056663 | 0.78839572 | 0.78715260 | 0.79236202 | 0.78951236 | 0.78193031 | 0.79054700 | 0.79067439 | 0.77878950 | 0.78584496 | 0.78658569 | 0.78764472 | 0.00402716
Load 191 | 0.78847365 | 0.79693867 | 0.79173711 | 0.79028732 | 0.79755301 | 0.79642783 | 0.78961420 | 0.79764498 | 0.78715072 | 0.78828526 | 0.78523315 | 0.79095541 | 0.78908578 | 0.79302581 | 0.79494650 | 0.79091381 | 0.78272951 | 0.78856963 | 0.79474395 | 0.79096310 | 0.79126397 | 0.00404295
Load 192 | 0.79089526 | 0.79078566 | 0.79735637 | 0.79290033 | 0.79461191 | 0.79355646 | 0.78918495 | 0.78557219 | 0.78782211 | 0.79387172 | 0.79075061 | 0.78758563 | 0.79467661 | 0.79118824 | 0.78946549 | 0.79665047 | 0.79651403 | 0.79604817 | 0.79365816 | 0.78545115 | 0.79192728 | 0.00354159
Load 193 | 0.79257014 | 0.78968171 | 0.78775274 | 0.79480828 | 0.78715194 | 0.79179679 | 0.78752610 | 0.79776338 | 0.78889120 | 0.79312465 | 0.78895191 | 0.79222451 | 0.79844519 | 0.79135688 | 0.79262435 | 0.79018525 | 0.79180976 | 0.78979507 | 0.79285641 | 0.79269491 | 0.79160056 | 0.00297686
Load 194 | 0.79262457 | 0.79433689 | 0.80314719 | 0.79130525 | 0.79142158 | 0.78948192 | 0.78763511 | 0.78451248 | 0.79047324 | 0.79022529 | 0.78989211 | 0.79409499 | 0.79982553 | 0.80008278 | 0.79478979 | 0.79403613 | 0.79840074 | 0.79032008 | 0.79247134 | 0.79674421 | 0.79329106 | 0.00446307
Load 195 | 0.79642436 | 0.78994128 | 0.79369480 | 0.79430576 | 0.79533480 | 0.78598613 | 0.79430849 | 0.78991423 | 0.79316492 | 0.79274425 | 0.79324394 | 0.79763678 | 0.79342099 | 0.79524391 | 0.79426434 | 0.79415799 | 0.78754160 | 0.79493775 | 0.79520033 | 0.79771699 | 0.79345918 | 0.00296122
Load 196 | 0.79164325 | 0.78545157 | 0.79923450 | 0.79669683 | 0.79769112 | 0.79719996 | 0.79707866 | 0.79386010 | 0.79337371 | 0.80115333 | 0.79506949 | 0.79671158 | 0.79645564 | 0.80347233 | 0.79176272 | 0.79822296 | 0.79975555 | 0.79323804 | 0.79303833 | 0.79559282 | 0.79583513 | 0.00384144
Load 197 | 0.79599980 | 0.79507404 | 0.79520304 | 0.79780375 | 0.79739324 | 0.79464695 | 0.79564796 | 0.79994925 | 0.79322243 | 0.80085068 | 0.79487703 | 0.79945430 | 0.79521993 | 0.79850708 | 0.79380921 | 0.78895016 | 0.79319615 | 0.79696847 | 0.79800172 | 0.80356962 | 0.79641724 | 0.00313603
Load 198 | 0.79251358 | 0.79320495 | 0.80327039 | 0.80077379 | 0.80097136 | 0.79511677 | 0.80439878 | 0.79826914 | 0.79868797 | 0.80284820 | 0.79537819 | 0.79763416 | 0.79536069 | 0.79953462 | 0.79611357 | 0.80258867 | 0.79896698 | 0.80569190 | 0.80113579 | 0.79569082 | 0.79890752 | 0.00367722
Load 199 | 0.80362614 | 0.79660170 | 0.79583037 | 0.79866076 | 0.79946110 | 0.79764175 | 0.79358890 | 0.80271598 | 0.79622699 | 0.79773222 | 0.79772351 | 0.79859169 | 0.80017028 | 0.79304094 | 0.79609533 | 0.80324775 | 0.80355893 | 0.80523169 | 0.79525297 | 0.79699547 | 0.79859972 | 0.00340137
Load 200 | 0.80008918 | 0.79988032 | 0.80175456 | 0.80047981 | 0.79480480 | 0.80036134 | 0.79896519 | 0.80266760 | 0.80406408 | 0.79800598 | 0.79827724 | 0.80692357 | 0.80219725 | 0.80200789 | 0.79703741 | 0.80462342 | 0.80315354 | 0.79829205 | 0.80546023 | 0.79987034 | 0.80094579 | 0.00294830
