# TODAS AS PROBABILIDADES (20 SIMULAÇÕES)
# Requisição 5: [3,8]
# Modo: SEPARADO
# Data: 2026-01-26 22:48:02
# ================================================================================
# Formato: Load | Sim1 | Sim2 | ... | Sim20 | Média | DesvioPadrão
# ================================================================================

Load   1 | 0.00000000 | 0.00000000 | 0.00000000 | 0.00000000 | 0.00000000 | 0.00000000 | 0.00000000 | 0.00000000 | 0.00000000 | 0.00000000 | 0.00000000 | 0.00000000 | 0.00000000 | 0.00000000 | 0.00000000 | 0.00000000 | 0.00000000 | 0.00000000 | 0.00000000 | 0.00000000 | 0.00000000 | 0.00000000
Load   2 | 0.00000000 | 0.00000000 | 0.00000000 | 0.00000000 | 0.00000000 | 0.00000000 | 0.00000000 | 0.00000000 | 0.00000000 | 0.00000000 | 0.00000000 | 0.00000000 | 0.00000000 | 0.00000000 | 0.00000000 | 0.00000000 | 0.00000000 | 0.00000000 | 0.00000000 | 0.00000000 | 0.00000000 | 0.00000000
Load   3 | 0.00000000 | 0.00000000 | 0.00000000 | 0.00000000 | 0.00000000 | 0.00000000 | 0.00000000 | 0.00000000 | 0.00000000 | 0.00000000 | 0.00000000 | 0.00000000 | 0.00000000 | 0.00000000 | 0.00000000 | 0.00000000 | 0.00000000 | 0.00000000 | 0.00000000 | 0.00000000 | 0.00000000 | 0.00000000
Load   4 | 0.00000000 | 0.00000000 | 0.00000000 | 0.00000000 | 0.00000000 | 0.00000000 | 0.00000000 | 0.00000000 | 0.00000000 | 0.00000000 | 0.00000000 | 0.00000000 | 0.00000000 | 0.00000000 | 0.00000000 | 0.00000000 | 0.00000000 | 0.00000000 | 0.00000000 | 0.00000000 | 0.00000000 | 0.00000000
Load   5 | 0.00000000 | 0.00000000 | 0.00000000 | 0.00000000 | 0.00000000 | 0.00000000 | 0.00000000 | 0.00000000 | 0.00000000 | 0.00000000 | 0.00000000 | 0.00000000 | 0.00000000 | 0.00000000 | 0.00000000 | 0.00000000 | 0.00000000 | 0.00000000 | 0.00000000 | 0.00000000 | 0.00000000 | 0.00000000
Load   6 | 0.00000000 | 0.00000000 | 0.00000000 | 0.00000000 | 0.00000000 | 0.00000000 | 0.00000000 | 0.00000000 | 0.00000000 | 0.00000000 | 0.00000000 | 0.00000000 | 0.00000000 | 0.00000000 | 0.00000000 | 0.00000000 | 0.00000000 | 0.00000000 | 0.00000000 | 0.00000000 | 0.00000000 | 0.00000000
Load   7 | 0.00000000 | 0.00000000 | 0.00000000 | 0.00000000 | 0.00000000 | 0.00000000 | 0.00000000 | 0.00000000 | 0.00000000 | 0.00000000 | 0.00000000 | 0.00000000 | 0.00000000 | 0.00000000 | 0.00000000 | 0.00000000 | 0.00000000 | 0.00000000 | 0.00000000 | 0.00000000 | 0.00000000 | 0.00000000
Load   8 | 0.00000000 | 0.00000000 | 0.00000000 | 0.00000000 | 0.00000000 | 0.00000000 | 0.00000000 | 0.00000000 | 0.00000000 | 0.00000000 | 0.00000000 | 0.00000000 | 0.00000000 | 0.00000000 | 0.00000000 | 0.00000000 | 0.00000000 | 0.00000000 | 0.00000000 | 0.00000000 | 0.00000000 | 0.00000000
Load   9 | 0.00000000 | 0.00000000 | 0.00000000 | 0.00000000 | 0.00000000 | 0.00000000 | 0.00000000 | 0.00000000 | 0.00000000 | 0.00000000 | 0.00000000 | 0.00000000 | 0.00000000 | 0.00000000 | 0.00000000 | 0.00000000 | 0.00000000 | 0.00000000 | 0.00000000 | 0.00000000 | 0.00000000 | 0.00000000
Load  10 | 0.00000000 | 0.00000000 | 0.00000000 | 0.00000000 | 0.00000000 | 0.00000000 | 0.00000000 | 0.00000000 | 0.00000000 | 0.00000000 | 0.00000000 | 0.00000000 | 0.00000000 | 0.00000000 | 0.00000000 | 0.00000000 | 0.00000000 | 0.00000000 | 0.00000000 | 0.00000000 | 0.00000000 | 0.00000000
Load  11 | 0.00000000 | 0.00000000 | 0.00000000 | 0.00000000 | 0.00000000 | 0.00000000 | 0.00000000 | 0.00000000 | 0.00000000 | 0.00000000 | 0.00000000 | 0.00000000 | 0.00000000 | 0.00000000 | 0.00000000 | 0.00000000 | 0.00000000 | 0.00000000 | 0.00000000 | 0.00000000 | 0.00000000 | 0.00000000
Load  12 | 0.00000000 | 0.00000000 | 0.00000000 | 0.00000000 | 0.00000000 | 0.00000000 | 0.00000000 | 0.00000000 | 0.00000000 | 0.00000000 | 0.00000000 | 0.00000000 | 0.00000000 | 0.00000000 | 0.00000000 | 0.00000000 | 0.00000000 | 0.00000000 | 0.00000000 | 0.00000000 | 0.00000000 | 0.00000000
Load  13 | 0.00000000 | 0.00000000 | 0.00000000 | 0.00000000 | 0.00000000 | 0.00000000 | 0.00000000 | 0.00000000 | 0.00000000 | 0.00000000 | 0.00000000 | 0.00000000 | 0.00000000 | 0.00000000 | 0.00000000 | 0.00000000 | 0.00000000 | 0.00000000 | 0.00000000 | 0.00000000 | 0.00000000 | 0.00000000
Load  14 | 0.00000000 | 0.00000000 | 0.00000000 | 0.00000000 | 0.00000000 | 0.00000000 | 0.00000000 | 0.00000000 | 0.00000000 | 0.00000000 | 0.00000000 | 0.00000000 | 0.00000000 | 0.00000000 | 0.00000000 | 0.00000000 | 0.00000000 | 0.00000000 | 0.00000000 | 0.00000000 | 0.00000000 | 0.00000000
Load  15 | 0.00000000 | 0.00000000 | 0.00000000 | 0.00000000 | 0.00000000 | 0.00000000 | 0.00000000 | 0.00000000 | 0.00000000 | 0.00000000 | 0.00000000 | 0.00000000 | 0.00000000 | 0.00000000 | 0.00000000 | 0.00000000 | 0.00000000 | 0.00000000 | 0.00000000 | 0.00000000 | 0.00000000 | 0.00000000
Load  16 | 0.00000000 | 0.00000000 | 0.00000000 | 0.00000000 | 0.00000000 | 0.00000000 | 0.00000000 | 0.00000000 | 0.00000000 | 0.00000000 | 0.00000000 | 0.00000000 | 0.00000000 | 0.00000000 | 0.00000000 | 0.00000000 | 0.00000000 | 0.00000000 | 0.00000000 | 0.00000000 | 0.00000000 | 0.00000000
Load  17 | 0.00000000 | 0.00000000 | 0.00000000 | 0.00000000 | 0.00000000 | 0.00000000 | 0.00000000 | 0.00000000 | 0.00000000 | 0.00000000 | 0.00000000 | 0.00000000 | 0.00000000 | 0.00000000 | 0.00000000 | 0.00000000 | 0.00000000 | 0.00000000 | 0.00000000 | 0.00000000 | 0.00000000 | 0.00000000
Load  18 | 0.00000000 | 0.00000000 | 0.00000000 | 0.00000000 | 0.00000000 | 0.00000000 | 0.00000000 | 0.00000000 | 0.00000000 | 0.00000000 | 0.00000000 | 0.00000000 | 0.00000000 | 0.00000000 | 0.00000000 | 0.00000000 | 0.00000000 | 0.00000000 | 0.00000000 | 0.00000000 | 0.00000000 | 0.00000000
Load  19 | 0.00000000 | 0.00000000 | 0.00000000 | 0.00000000 | 0.00000000 | 0.00000000 | 0.00000000 | 0.00000000 | 0.00000000 | 0.00000000 | 0.00000000 | 0.00000000 | 0.00000000 | 0.00000000 | 0.00000000 | 0.00000000 | 0.00000000 | 0.00000000 | 0.00000000 | 0.00000000 | 0.00000000 | 0.00000000
Load  20 | 0.00000000 | 0.00000000 | 0.00000000 | 0.00000000 | 0.00000000 | 0.00000000 | 0.00000000 | 0.00000000 | 0.00000000 | 0.00000000 | 0.00000000 | 0.00000000 | 0.00000000 | 0.00000000 | 0.00000000 | 0.00000000 | 0.00000000 | 0.00000000 | 0.00000000 | 0.00000000 | 0.00000000 | 0.00000000
Load  21 | 0.00000000 | 0.00000000 | 0.00000000 | 0.00000000 | 0.00145631 | 0.00000000 | 0.00000000 | 0.00000000 | 0.00000000 | 0.00000000 | 0.00000000 | 0.00000000 | 0.00000000 | 0.00000000 | 0.00000000 | 0.00000000 | 0.00000000 | 0.00000000 | 0.00000000 | 0.00000000 | 0.00007282 | 0.00031740
Load  22 | 0.00000000 | 0.00000000 | 0.00000000 | 0.00000000 | 0.00000000 | 0.00000000 | 0.00000000 | 0.00000000 | 0.00000000 | 0.00000000 | 0.00000000 | 0.00000000 | 0.00000000 | 0.00135993 | 0.00000000 | 0.00000000 | 0.00000000 | 0.00000000 | 0.00000000 | 0.00000000 | 0.00006800 | 0.00029639
Load  23 | 0.00000000 | 0.00000000 | 0.00000000 | 0.00000000 | 0.00000000 | 0.00086319 | 0.00086430 | 0.00000000 | 0.00169062 | 0.00088300 | 0.00000000 | 0.00043668 | 0.00000000 | 0.00000000 | 0.00000000 | 0.00043309 | 0.00043048 | 0.00000000 | 0.00000000 | 0.00543933 | 0.00055203 | 0.00120799
Load  24 | 0.00125261 | 0.00042141 | 0.00042517 | 0.00087451 | 0.00000000 | 0.00165906 | 0.00000000 | 0.00000000 | 0.00080515 | 0.00000000 | 0.00252313 | 0.00127443 | 0.00000000 | 0.00000000 | 0.00083368 | 0.00000000 | 0.00082136 | 0.00000000 | 0.00000000 | 0.00000000 | 0.00054453 | 0.00069003
Load  25 | 0.00000000 | 0.00158165 | 0.00081103 | 0.00000000 | 0.00119760 | 0.00194326 | 0.00121507 | 0.00273224 | 0.00039620 | 0.00080939 | 0.00245499 | 0.00080873 | 0.00040177 | 0.00000000 | 0.00196002 | 0.00436681 | 0.00270375 | 0.00039904 | 0.00082237 | 0.00000000 | 0.00123020 | 0.00113479
Load  26 | 0.00000000 | 0.00539707 | 0.00696056 | 0.00193199 | 0.00273117 | 0.00226501 | 0.00683371 | 0.00352250 | 0.00373274 | 0.00117233 | 0.00114723 | 0.00266464 | 0.00075643 | 0.00265756 | 0.00697134 | 0.00076017 | 0.00306162 | 0.00038476 | 0.00350467 | 0.00116959 | 0.00288125 | 0.00212936
Load  27 | 0.00330154 | 0.00581607 | 0.00112233 | 0.00216450 | 0.00216763 | 0.00668400 | 0.00260611 | 0.00112909 | 0.00358809 | 0.00227964 | 0.00262763 | 0.00796359 | 0.00227445 | 0.00147221 | 0.00885637 | 0.00188182 | 0.00885282 | 0.00564759 | 0.00000000 | 0.00194628 | 0.00361909 | 0.00262606
Load  28 | 0.00335570 | 0.00594133 | 0.00466284 | 0.00716076 | 0.00624541 | 0.00143421 | 0.00515464 | 0.00250179 | 0.00599647 | 0.01023650 | 0.00529474 | 0.00570410 | 0.00854701 | 0.00187406 | 0.00850762 | 0.00462798 | 0.01390374 | 0.00741002 | 0.00819380 | 0.00486280 | 0.00608078 | 0.00286912
Load  29 | 0.00601770 | 0.00895934 | 0.00104639 | 0.02433410 | 0.00936142 | 0.00699056 | 0.00895625 | 0.00318359 | 0.00687521 | 0.00799201 | 0.00578625 | 0.00760319 | 0.00819672 | 0.01638785 | 0.00324441 | 0.00739697 | 0.01909959 | 0.01269297 | 0.01088483 | 0.01306740 | 0.00940384 | 0.00541525
Load  30 | 0.02110390 | 0.01589361 | 0.01730449 | 0.01217450 | 0.02650291 | 0.01092715 | 0.01703243 | 0.01626826 | 0.01985677 | 0.02300767 | 0.00836680 | 0.00443837 | 0.00859220 | 0.01206434 | 0.01731025 | 0.01621808 | 0.01001669 | 0.00986059 | 0.00272944 | 0.00837240 | 0.01390204 | 0.00603067
Load  31 | 0.02084001 | 0.01721390 | 0.01126489 | 0.01800643 | 0.01012741 | 0.01067961 | 0.01141706 | 0.01254539 | 0.01549621 | 0.01754946 | 0.03305785 | 0.00298013 | 0.02528736 | 0.01613424 | 0.02244632 | 0.01770766 | 0.02632445 | 0.03114187 | 0.03540942 | 0.01128818 | 0.01834589 | 0.00826346
Load  32 | 0.03331277 | 0.00712897 | 0.03997577 | 0.02739304 | 0.02679697 | 0.03468750 | 0.02933004 | 0.02657080 | 0.03138595 | 0.01658692 | 0.02792957 | 0.03119209 | 0.02755166 | 0.01071668 | 0.02078086 | 0.04019638 | 0.02800862 | 0.03128911 | 0.03344584 | 0.03995120 | 0.02821154 | 0.00863628
Load  33 | 0.03683241 | 0.03393393 | 0.03453499 | 0.04060018 | 0.02622647 | 0.02167183 | 0.03608247 | 0.03255675 | 0.03235470 | 0.03297710 | 0.04097859 | 0.03533354 | 0.04261705 | 0.03558612 | 0.03065604 | 0.03942221 | 0.02015748 | 0.03901862 | 0.02116564 | 0.02728984 | 0.03299980 | 0.00651472
Load  34 | 0.04030875 | 0.05093525 | 0.04374633 | 0.04146129 | 0.04817179 | 0.03589001 | 0.04345238 | 0.03914695 | 0.04393673 | 0.03167421 | 0.04162976 | 0.04199396 | 0.04044877 | 0.05399883 | 0.05128205 | 0.03394413 | 0.04542790 | 0.03579011 | 0.04285714 | 0.04569267 | 0.04258945 | 0.00564530
Load  35 | 0.06398852 | 0.04796634 | 0.05994475 | 0.05676856 | 0.05249716 | 0.04606198 | 0.06605606 | 0.06286211 | 0.04354053 | 0.04594749 | 0.04118858 | 0.06250000 | 0.06229143 | 0.03935185 | 0.05118881 | 0.04059579 | 0.04686601 | 0.03751465 | 0.05008537 | 0.07465619 | 0.05259361 | 0.01018567
Load  36 | 0.08053876 | 0.06927374 | 0.06121876 | 0.04967357 | 0.06448087 | 0.04929382 | 0.04548105 | 0.09416446 | 0.05492686 | 0.07429212 | 0.07335697 | 0.06740638 | 0.06988950 | 0.05199888 | 0.04952491 | 0.08194906 | 0.10010764 | 0.06058068 | 0.05111732 | 0.06346578 | 0.06563706 | 0.01484856
Load  37 | 0.05765086 | 0.08139224 | 0.07172075 | 0.06239692 | 0.06096882 | 0.09371643 | 0.08795051 | 0.07627119 | 0.07975963 | 0.06421515 | 0.07760235 | 0.05566434 | 0.07988981 | 0.06488864 | 0.10363392 | 0.06700892 | 0.06547619 | 0.08901515 | 0.08869422 | 0.08193669 | 0.07549264 | 0.01279725
Load  38 | 0.08417771 | 0.08344267 | 0.08423841 | 0.07847832 | 0.10250391 | 0.07566138 | 0.10867866 | 0.09264590 | 0.09594771 | 0.11554404 | 0.11817254 | 0.09217437 | 0.08758931 | 0.09214304 | 0.08539800 | 0.09442399 | 0.09751728 | 0.07434748 | 0.08279915 | 0.11505792 | 0.09304709 | 0.01283295
Load  39 | 0.09100178 | 0.11862696 | 0.10747423 | 0.10618348 | 0.08964451 | 0.09962169 | 0.08958280 | 0.09363106 | 0.09220581 | 0.09428130 | 0.12190857 | 0.10990399 | 0.09600204 | 0.09772901 | 0.11442530 | 0.11249682 | 0.08872599 | 0.10832497 | 0.12708861 | 0.08687852 | 0.10228687 | 0.01190210
Load  40 | 0.10721443 | 0.11105528 | 0.12659814 | 0.14003945 | 0.11590966 | 0.12105394 | 0.13783062 | 0.09739264 | 0.11086030 | 0.12891207 | 0.10836694 | 0.11539437 | 0.11111111 | 0.10887815 | 0.11034142 | 0.08935065 | 0.09645818 | 0.12960610 | 0.13966068 | 0.10714286 | 0.11565885 | 0.01398529
Load  41 | 0.12317073 | 0.12837187 | 0.11792221 | 0.10773346 | 0.13010700 | 0.10214127 | 0.12408223 | 0.12332766 | 0.12861658 | 0.13189569 | 0.12560503 | 0.11009174 | 0.10519893 | 0.12975779 | 0.11152233 | 0.11871814 | 0.11278195 | 0.10657765 | 0.10853293 | 0.11225000 | 0.11792026 | 0.00936537
Load  42 | 0.15152225 | 0.13292337 | 0.13725018 | 0.14739120 | 0.14602286 | 0.14206598 | 0.17117944 | 0.14873035 | 0.13510942 | 0.13962176 | 0.15608526 | 0.14823585 | 0.12293710 | 0.14870236 | 0.13699975 | 0.13592233 | 0.13689482 | 0.12805025 | 0.14340253 | 0.12161509 | 0.14153311 | 0.01125187
Load  43 | 0.16271109 | 0.15868610 | 0.16371078 | 0.15950640 | 0.14478353 | 0.15015226 | 0.16589542 | 0.16439323 | 0.13707238 | 0.15178363 | 0.17051013 | 0.12636430 | 0.13841478 | 0.15595685 | 0.14174344 | 0.16182759 | 0.14636427 | 0.16363636 | 0.14292398 | 0.15694963 | 0.15316931 | 0.01145964
Load  44 | 0.18357159 | 0.17073171 | 0.16610246 | 0.17096553 | 0.17386338 | 0.17338162 | 0.18727915 | 0.16726538 | 0.17022727 | 0.16571948 | 0.17148621 | 0.15327103 | 0.19977654 | 0.15325222 | 0.17541874 | 0.17478124 | 0.17275442 | 0.21234676 | 0.16436182 | 0.16219265 | 0.17343746 | 0.01362040
Load  45 | 0.18693043 | 0.18015436 | 0.18052151 | 0.17172168 | 0.18724742 | 0.18311746 | 0.19571397 | 0.15845150 | 0.17810349 | 0.15581448 | 0.17235955 | 0.17743383 | 0.18226601 | 0.19078077 | 0.16934208 | 0.18418154 | 0.18953229 | 0.19127958 | 0.18470771 | 0.18013699 | 0.17998983 | 0.01009102
Load  46 | 0.19650184 | 0.20706852 | 0.20371571 | 0.16487455 | 0.21986272 | 0.19570986 | 0.20617660 | 0.17844444 | 0.19708966 | 0.18924778 | 0.19777826 | 0.19720768 | 0.16842568 | 0.20667103 | 0.18129176 | 0.19039263 | 0.21066434 | 0.20742499 | 0.17512635 | 0.19571865 | 0.19446965 | 0.01421316
Load  47 | 0.20081440 | 0.17671382 | 0.20521173 | 0.20181504 | 0.21081081 | 0.20547654 | 0.18431882 | 0.21522477 | 0.22404717 | 0.21631959 | 0.20799312 | 0.18585814 | 0.22268908 | 0.19468085 | 0.21263644 | 0.19736842 | 0.20359029 | 0.20740268 | 0.18452253 | 0.20054771 | 0.20290210 | 0.01256024
Load  48 | 0.23252437 | 0.22643046 | 0.21180920 | 0.20423280 | 0.23098173 | 0.22210679 | 0.22247611 | 0.22914963 | 0.23035455 | 0.25787728 | 0.23475046 | 0.21932613 | 0.21974124 | 0.22229167 | 0.22546973 | 0.21079958 | 0.22297022 | 0.21686491 | 0.24507568 | 0.23794808 | 0.22615903 | 0.01187331
Load  49 | 0.24217496 | 0.23097546 | 0.20163488 | 0.23352811 | 0.24979904 | 0.22252122 | 0.24762482 | 0.22767112 | 0.27036887 | 0.24784093 | 0.23968124 | 0.24707779 | 0.23322355 | 0.23856613 | 0.23160653 | 0.23910387 | 0.21137874 | 0.25399717 | 0.24594814 | 0.22343045 | 0.23690765 | 0.01499760
Load  50 | 0.23967774 | 0.25985197 | 0.24055189 | 0.25000000 | 0.25443315 | 0.24826492 | 0.26086098 | 0.24271064 | 0.24097111 | 0.24919614 | 0.24539753 | 0.28214707 | 0.23837684 | 0.24346769 | 0.24015273 | 0.25432248 | 0.25789889 | 0.26133909 | 0.24470873 | 0.22705216 | 0.24906909 | 0.01150017
Load  51 | 0.24900872 | 0.26371891 | 0.26875853 | 0.24435196 | 0.27741424 | 0.24109427 | 0.25039093 | 0.25810208 | 0.25044196 | 0.27671022 | 0.24679860 | 0.25426418 | 0.26318909 | 0.29282407 | 0.27057912 | 0.26702682 | 0.23755924 | 0.26138345 | 0.26044039 | 0.26714088 | 0.26005988 | 0.01340913
Load  52 | 0.27284946 | 0.27176582 | 0.27276190 | 0.26425167 | 0.28461980 | 0.27484709 | 0.28290993 | 0.26757812 | 0.28641417 | 0.28037206 | 0.27468138 | 0.24784483 | 0.28082842 | 0.25531500 | 0.28967877 | 0.28339009 | 0.27594158 | 0.26439438 | 0.27164751 | 0.27773512 | 0.27399136 | 0.01015271
Load  53 | 0.25948522 | 0.28574127 | 0.27962085 | 0.30518877 | 0.27715851 | 0.31052825 | 0.27879359 | 0.28950889 | 0.26051205 | 0.27426956 | 0.29051643 | 0.28335212 | 0.28245417 | 0.25224365 | 0.27400337 | 0.29218259 | 0.26447219 | 0.28365475 | 0.27947598 | 0.28463428 | 0.28038982 | 0.01394418
Load  54 | 0.30273402 | 0.30378816 | 0.31016616 | 0.28618602 | 0.29609246 | 0.28714556 | 0.28950742 | 0.28479210 | 0.28488153 | 0.30380673 | 0.29157303 | 0.28832525 | 0.28579326 | 0.29721248 | 0.31129477 | 0.27488688 | 0.31862475 | 0.27195628 | 0.28665662 | 0.29381818 | 0.29346208 | 0.01172775
Load  55 | 0.29918939 | 0.30891662 | 0.30190374 | 0.30137731 | 0.29682891 | 0.31261261 | 0.28876298 | 0.30206619 | 0.31832913 | 0.29935839 | 0.33220399 | 0.31380374 | 0.30937726 | 0.30495300 | 0.30027650 | 0.29941435 | 0.28118590 | 0.30090580 | 0.32691962 | 0.30825823 | 0.30533218 | 0.01149187
Load  56 | 0.29348421 | 0.34190276 | 0.33244111 | 0.30359066 | 0.30353951 | 0.32878151 | 0.34753521 | 0.31478199 | 0.30492324 | 0.30454628 | 0.29412844 | 0.31966918 | 0.31558326 | 0.31834341 | 0.33374104 | 0.32472129 | 0.30865077 | 0.32570922 | 0.31541600 | 0.32686932 | 0.31791792 | 0.01458111
Load  57 | 0.32015531 | 0.31963788 | 0.33410880 | 0.31025870 | 0.33580673 | 0.33656901 | 0.32826318 | 0.31695033 | 0.31007888 | 0.33596025 | 0.31904927 | 0.33309822 | 0.33391003 | 0.32459536 | 0.33643411 | 0.30704076 | 0.34818797 | 0.34675460 | 0.31803456 | 0.30220470 | 0.32585493 | 0.01268784
Load  58 | 0.31528046 | 0.33516767 | 0.33217572 | 0.33443077 | 0.32195295 | 0.31129089 | 0.33520238 | 0.34177648 | 0.34333276 | 0.32945531 | 0.34291688 | 0.34127386 | 0.33676622 | 0.35202864 | 0.34693878 | 0.32940361 | 0.32706446 | 0.34825034 | 0.32051058 | 0.32784919 | 0.33365340 | 0.01074248
Load  59 | 0.32236389 | 0.33552974 | 0.34394042 | 0.36840319 | 0.35584372 | 0.34876174 | 0.33114867 | 0.34604997 | 0.35576114 | 0.32929120 | 0.35104428 | 0.35393734 | 0.34852770 | 0.33265375 | 0.35902603 | 0.37296935 | 0.35388514 | 0.35884926 | 0.32948077 | 0.34159262 | 0.34695300 | 0.01331427
Load  60 | 0.35330544 | 0.35519308 | 0.35258208 | 0.37075503 | 0.35196095 | 0.35374376 | 0.34046136 | 0.35499499 | 0.36668861 | 0.35559265 | 0.35198253 | 0.35186121 | 0.35840053 | 0.34628799 | 0.35246038 | 0.34895921 | 0.35556300 | 0.35308975 | 0.36827382 | 0.36177924 | 0.35519678 | 0.00703861
Load  61 | 0.36620884 | 0.37487636 | 0.36392709 | 0.33933633 | 0.36207741 | 0.35495165 | 0.35679814 | 0.34038684 | 0.33858268 | 0.35487061 | 0.36381386 | 0.35787755 | 0.35539497 | 0.36823992 | 0.37723287 | 0.35657634 | 0.37301717 | 0.36894002 | 0.35959360 | 0.35125802 | 0.35919801 | 0.01082115
Load  62 | 0.38510121 | 0.36053883 | 0.37236992 | 0.37484076 | 0.38079418 | 0.40413622 | 0.39058483 | 0.37783456 | 0.37077176 | 0.36196420 | 0.38976131 | 0.37510079 | 0.36804107 | 0.37589693 | 0.35062173 | 0.36950241 | 0.37417165 | 0.38289304 | 0.39350296 | 0.36425121 | 0.37613398 | 0.01230071
Load  63 | 0.37052233 | 0.37935422 | 0.40018773 | 0.36732005 | 0.39619651 | 0.39004739 | 0.36994125 | 0.38769968 | 0.37721846 | 0.39178039 | 0.40375000 | 0.39949945 | 0.38521463 | 0.38989227 | 0.35259092 | 0.39905213 | 0.38959627 | 0.40434577 | 0.38243265 | 0.37076445 | 0.38537033 | 0.01362280
Load  64 | 0.41152074 | 0.40340219 | 0.42253091 | 0.37878310 | 0.38434672 | 0.40479527 | 0.38185255 | 0.40161140 | 0.39718970 | 0.40377062 | 0.40299439 | 0.41211474 | 0.39817817 | 0.38144330 | 0.41494607 | 0.39153689 | 0.40527578 | 0.39262269 | 0.38579956 | 0.40963303 | 0.39921739 | 0.01201464
Load  65 | 0.40762463 | 0.39657302 | 0.40871977 | 0.42284418 | 0.41908900 | 0.39863222 | 0.40675365 | 0.41886964 | 0.40772532 | 0.41443080 | 0.39655440 | 0.39143592 | 0.38522061 | 0.41581554 | 0.39701771 | 0.38405004 | 0.40569940 | 0.41974197 | 0.41704718 | 0.39893048 | 0.40563877 | 0.01139906
Load  66 | 0.41004373 | 0.41840252 | 0.37934800 | 0.42884615 | 0.41498559 | 0.40878019 | 0.40973783 | 0.41482165 | 0.41155894 | 0.40797079 | 0.41200422 | 0.40985831 | 0.40688505 | 0.43118715 | 0.41396055 | 0.40254953 | 0.40332350 | 0.41521706 | 0.40819102 | 0.41228070 | 0.41099762 | 0.01003925
Load  67 | 0.44039146 | 0.41455462 | 0.42280285 | 0.42740012 | 0.42131980 | 0.41530055 | 0.43427645 | 0.43182834 | 0.40896019 | 0.43282702 | 0.41763027 | 0.40026420 | 0.40297841 | 0.42129289 | 0.43668446 | 0.41689008 | 0.41629364 | 0.41836273 | 0.41777446 | 0.41978650 | 0.42088095 | 0.01035013
Load  68 | 0.41840071 | 0.44827586 | 0.40678470 | 0.41054670 | 0.42670623 | 0.43271343 | 0.42245111 | 0.43761774 | 0.41692604 | 0.43911599 | 0.42576906 | 0.42994606 | 0.43239335 | 0.43033691 | 0.42760589 | 0.42800818 | 0.43079384 | 0.43463052 | 0.43287071 | 0.43265007 | 0.42822715 | 0.00943692
Load  69 | 0.43008721 | 0.42633544 | 0.44090382 | 0.45104697 | 0.43438849 | 0.43970803 | 0.43767193 | 0.45388179 | 0.43470068 | 0.44136737 | 0.41816560 | 0.42621050 | 0.43772550 | 0.43755446 | 0.44394554 | 0.43240484 | 0.43059367 | 0.45197097 | 0.44497195 | 0.42406370 | 0.43688492 | 0.00931445
Load  70 | 0.44636531 | 0.45480427 | 0.44789451 | 0.43485618 | 0.44966638 | 0.44043423 | 0.46456140 | 0.45754386 | 0.45648512 | 0.44421141 | 0.45493318 | 0.43269514 | 0.43390846 | 0.43834241 | 0.42871705 | 0.43899690 | 0.44010981 | 0.46117051 | 0.44921481 | 0.43878283 | 0.44568469 | 0.00993843
Load  71 | 0.45662036 | 0.45917226 | 0.44312729 | 0.44898534 | 0.45401092 | 0.44352774 | 0.42470487 | 0.44842165 | 0.44048119 | 0.46023996 | 0.45970108 | 0.43514879 | 0.44329320 | 0.46228778 | 0.44585366 | 0.44807746 | 0.45878285 | 0.44653382 | 0.44769404 | 0.45171780 | 0.44891910 | 0.00915856
Load  72 | 0.43880972 | 0.43035075 | 0.45759912 | 0.44326842 | 0.46676614 | 0.45396026 | 0.44799005 | 0.46580484 | 0.44074177 | 0.45814180 | 0.45480146 | 0.46487007 | 0.46478873 | 0.45126556 | 0.45624303 | 0.46434012 | 0.43725212 | 0.45491745 | 0.46647067 | 0.46325167 | 0.45408169 | 0.01078534
Load  73 | 0.47224823 | 0.45403170 | 0.46965119 | 0.46370576 | 0.47161512 | 0.45997249 | 0.46779844 | 0.45478393 | 0.45736540 | 0.45598592 | 0.46266830 | 0.46315362 | 0.46351332 | 0.47726970 | 0.46222462 | 0.46417274 | 0.46281894 | 0.47046815 | 0.46062831 | 0.46411878 | 0.46390973 | 0.00599035
Load  74 | 0.47248449 | 0.47782585 | 0.46807640 | 0.46281667 | 0.47321069 | 0.46550325 | 0.46613057 | 0.47448015 | 0.48779501 | 0.49070924 | 0.46678298 | 0.47326599 | 0.46586778 | 0.47176215 | 0.46632612 | 0.48662606 | 0.46822654 | 0.48612929 | 0.47097912 | 0.47470869 | 0.47348535 | 0.00808833
Load  75 | 0.47295461 | 0.48325673 | 0.48829300 | 0.45713136 | 0.48231037 | 0.46955597 | 0.45051659 | 0.47644684 | 0.47008661 | 0.47698913 | 0.46538615 | 0.46073794 | 0.48550532 | 0.48404040 | 0.47570230 | 0.47836506 | 0.46299320 | 0.48158071 | 0.47854741 | 0.49264706 | 0.47465234 | 0.01070012
Load  76 | 0.48787203 | 0.48362980 | 0.47749408 | 0.50325131 | 0.48724227 | 0.46602987 | 0.49148798 | 0.49130548 | 0.49174961 | 0.48466416 | 0.48379509 | 0.47584187 | 0.48034529 | 0.49526036 | 0.47747151 | 0.46916328 | 0.48983873 | 0.47906667 | 0.47060381 | 0.46548696 | 0.48258001 | 0.00985199
Load  77 | 0.50735294 | 0.49289347 | 0.49173767 | 0.50530813 | 0.49295053 | 0.47915028 | 0.48192928 | 0.50876967 | 0.49672279 | 0.48352650 | 0.48774057 | 0.50174261 | 0.48581560 | 0.49350481 | 0.49249677 | 0.47526042 | 0.49006964 | 0.49691675 | 0.50212437 | 0.49250065 | 0.49292567 | 0.00895545
Load  78 | 0.49584847 | 0.50999613 | 0.51766046 | 0.49943418 | 0.50687177 | 0.48350795 | 0.48435884 | 0.50704407 | 0.49523568 | 0.50227618 | 0.50088630 | 0.46826736 | 0.48613990 | 0.50293592 | 0.49386346 | 0.48794788 | 0.50338053 | 0.48822927 | 0.49383350 | 0.49635036 | 0.49620341 | 0.01089758
Load  79 | 0.51849047 | 0.48386254 | 0.49954693 | 0.49885467 | 0.51400454 | 0.51292619 | 0.50512853 | 0.50900901 | 0.49647621 | 0.51645601 | 0.50587344 | 0.49804120 | 0.48009307 | 0.50936797 | 0.49820005 | 0.48715643 | 0.49642035 | 0.48964027 | 0.49481898 | 0.50670207 | 0.50105345 | 0.01053092
Load  80 | 0.51043997 | 0.51743745 | 0.51146962 | 0.50442920 | 0.49328093 | 0.50853538 | 0.49981158 | 0.50643939 | 0.50731524 | 0.49167718 | 0.50161812 | 0.51420312 | 0.50315477 | 0.48462814 | 0.50626723 | 0.50579873 | 0.49282904 | 0.50155222 | 0.50242146 | 0.51004868 | 0.50366787 | 0.00794233
Load  81 | 0.50825844 | 0.50685270 | 0.51300382 | 0.53397817 | 0.50947134 | 0.52005498 | 0.52271888 | 0.50546720 | 0.50688637 | 0.51835251 | 0.50866626 | 0.49372962 | 0.52031504 | 0.51125877 | 0.51422239 | 0.50105840 | 0.51449631 | 0.51821763 | 0.51314828 | 0.51921904 | 0.51296881 | 0.00848149
Load  82 | 0.49721237 | 0.51419940 | 0.50555623 | 0.52576821 | 0.51819716 | 0.52791940 | 0.51755762 | 0.52055126 | 0.53036876 | 0.51671326 | 0.51775655 | 0.52190406 | 0.52503682 | 0.51711910 | 0.51446710 | 0.50774761 | 0.52123220 | 0.51573970 | 0.50536044 | 0.49601667 | 0.51582120 | 0.00913336
Load  83 | 0.52723597 | 0.52991958 | 0.52093368 | 0.53584998 | 0.50411523 | 0.52685207 | 0.52908720 | 0.50934974 | 0.52272192 | 0.52843971 | 0.52407588 | 0.50583090 | 0.52003910 | 0.52842566 | 0.52879331 | 0.52587143 | 0.52313424 | 0.53568410 | 0.51424397 | 0.52391384 | 0.52322587 | 0.00858218
Load  84 | 0.53717627 | 0.52353437 | 0.53385991 | 0.53405832 | 0.51934754 | 0.53876668 | 0.51972351 | 0.52345504 | 0.51906371 | 0.53800747 | 0.51688374 | 0.52336449 | 0.53478917 | 0.52306957 | 0.52280530 | 0.52045671 | 0.51503174 | 0.52962875 | 0.52733349 | 0.52293907 | 0.52616474 | 0.00729386
Load  85 | 0.54757374 | 0.54135338 | 0.54456025 | 0.52798574 | 0.53085386 | 0.53407196 | 0.51807517 | 0.53260742 | 0.53648019 | 0.54919749 | 0.53295933 | 0.53530106 | 0.54528629 | 0.52632200 | 0.53513130 | 0.52561806 | 0.54131021 | 0.53586400 | 0.52642156 | 0.52977508 | 0.53483740 | 0.00796047
Load  86 | 0.54788830 | 0.54927636 | 0.54747962 | 0.54008636 | 0.54340016 | 0.55165647 | 0.53484883 | 0.54849150 | 0.52757569 | 0.54489164 | 0.53043981 | 0.52557485 | 0.55216053 | 0.55020776 | 0.55698382 | 0.54839452 | 0.55224400 | 0.53891164 | 0.53823019 | 0.54217711 | 0.54354596 | 0.00850461
Load  87 | 0.54155620 | 0.55368133 | 0.54144601 | 0.54333644 | 0.54045607 | 0.54490540 | 0.53473684 | 0.55171225 | 0.56076350 | 0.56283347 | 0.55498458 | 0.55301219 | 0.56038756 | 0.55731763 | 0.54282421 | 0.54753072 | 0.54559182 | 0.54175914 | 0.55321610 | 0.56475801 | 0.54984047 | 0.00837809
Load  88 | 0.55427463 | 0.54771737 | 0.56487162 | 0.54075253 | 0.54934780 | 0.53808382 | 0.55555556 | 0.56106478 | 0.54549664 | 0.54520734 | 0.55414302 | 0.54466458 | 0.57096303 | 0.55071971 | 0.55405559 | 0.54443948 | 0.55894950 | 0.54085380 | 0.55308782 | 0.55595627 | 0.55151024 | 0.00826207
Load  89 | 0.55408463 | 0.55275928 | 0.55589328 | 0.55691102 | 0.55138699 | 0.56631389 | 0.56295064 | 0.56382620 | 0.54994920 | 0.55808555 | 0.56420277 | 0.54105406 | 0.55925552 | 0.55636071 | 0.55867806 | 0.54695820 | 0.55836342 | 0.56809995 | 0.55409652 | 0.56225831 | 0.55707441 | 0.00653915
Load  90 | 0.57346648 | 0.55337110 | 0.56858407 | 0.55430920 | 0.55280053 | 0.54556664 | 0.56934143 | 0.56773109 | 0.55193114 | 0.56488035 | 0.56003948 | 0.56837841 | 0.56169368 | 0.55572807 | 0.57892450 | 0.58552273 | 0.56838565 | 0.56650138 | 0.55689278 | 0.55990354 | 0.56319761 | 0.00960753
Load  91 | 0.56880734 | 0.57486076 | 0.55747253 | 0.56976870 | 0.55420069 | 0.55694646 | 0.56277630 | 0.57964843 | 0.56291753 | 0.55531674 | 0.55744915 | 0.56006240 | 0.56590414 | 0.55858519 | 0.54737424 | 0.55919089 | 0.57005197 | 0.55904647 | 0.57650511 | 0.55865736 | 0.56277712 | 0.00803977
Load  92 | 0.59030979 | 0.57565789 | 0.56124795 | 0.56560052 | 0.57165931 | 0.58278785 | 0.57804404 | 0.57625812 | 0.56766257 | 0.56047069 | 0.56061947 | 0.56299806 | 0.58954007 | 0.57359863 | 0.57601713 | 0.56287944 | 0.56858479 | 0.56871619 | 0.57443593 | 0.58080917 | 0.57239488 | 0.00880633
Load  93 | 0.56591534 | 0.56744537 | 0.57844091 | 0.57826691 | 0.57298918 | 0.56720139 | 0.58409067 | 0.57359377 | 0.58363559 | 0.56542206 | 0.57390363 | 0.57520433 | 0.57345766 | 0.56558533 | 0.59322215 | 0.57353739 | 0.58714316 | 0.55966549 | 0.58528535 | 0.58042646 | 0.57522161 | 0.00842973
Load  94 | 0.59500589 | 0.60002087 | 0.56937748 | 0.56784027 | 0.58660096 | 0.59297389 | 0.58367956 | 0.56868872 | 0.58949681 | 0.58337790 | 0.58035430 | 0.57917779 | 0.59762879 | 0.58597381 | 0.57417989 | 0.57949702 | 0.57372170 | 0.59004715 | 0.57869835 | 0.58508281 | 0.58307120 | 0.00922584
Load  95 | 0.57909187 | 0.57335156 | 0.58372753 | 0.58140021 | 0.58921735 | 0.57438593 | 0.57178032 | 0.57945132 | 0.57451565 | 0.59001369 | 0.58426380 | 0.58323718 | 0.58716566 | 0.59658682 | 0.57905759 | 0.58194226 | 0.58554774 | 0.58627946 | 0.57412141 | 0.57451974 | 0.58148285 | 0.00642724
Load  96 | 0.58295075 | 0.57881955 | 0.57951933 | 0.57467979 | 0.58905524 | 0.58786109 | 0.59175279 | 0.58573676 | 0.58114856 | 0.58887745 | 0.58683128 | 0.59834454 | 0.57425214 | 0.59504992 | 0.59241113 | 0.59427158 | 0.58913133 | 0.59022399 | 0.59956395 | 0.57952739 | 0.58700043 | 0.00715821
Load  97 | 0.59624856 | 0.57975396 | 0.59134217 | 0.60199671 | 0.59146782 | 0.58922629 | 0.58148726 | 0.59761489 | 0.59620486 | 0.59536190 | 0.60073335 | 0.58292708 | 0.59875153 | 0.59044049 | 0.58189836 | 0.58574423 | 0.58465856 | 0.59953018 | 0.59218911 | 0.58210657 | 0.59098419 | 0.00701088
Load  98 | 0.59881281 | 0.59255843 | 0.60718260 | 0.59875239 | 0.60290758 | 0.60072202 | 0.58768257 | 0.59267993 | 0.60654215 | 0.59716024 | 0.60245985 | 0.59647155 | 0.59108346 | 0.59240924 | 0.58953619 | 0.59718368 | 0.60022294 | 0.59541826 | 0.60948466 | 0.59559723 | 0.59774339 | 0.00581662
Load  99 | 0.59817122 | 0.59691476 | 0.59579866 | 0.60775132 | 0.59420885 | 0.59761595 | 0.59875490 | 0.61034689 | 0.59973793 | 0.59714431 | 0.61639809 | 0.60289503 | 0.59409445 | 0.59802553 | 0.59933742 | 0.59957434 | 0.60248139 | 0.60909462 | 0.59851674 | 0.58960905 | 0.60032357 | 0.00616551
Load 100 | 0.62143773 | 0.61520621 | 0.60109726 | 0.59780350 | 0.59503968 | 0.61021183 | 0.59578544 | 0.60050176 | 0.60576346 | 0.60951139 | 0.59555331 | 0.59467337 | 0.61894014 | 0.60312436 | 0.60434007 | 0.60195324 | 0.60624690 | 0.61574396 | 0.62105574 | 0.59728148 | 0.60556354 | 0.00873292
Load 101 | 0.61004737 | 0.60882786 | 0.60007900 | 0.61425906 | 0.60811076 | 0.61274995 | 0.61071323 | 0.61449304 | 0.61147250 | 0.60933120 | 0.61331753 | 0.61206474 | 0.61596327 | 0.61091340 | 0.60765694 | 0.59912464 | 0.60123617 | 0.59852487 | 0.59430177 | 0.61221237 | 0.60826998 | 0.00603227
Load 102 | 0.61565217 | 0.61096478 | 0.60423678 | 0.62137891 | 0.60439992 | 0.61148119 | 0.61182571 | 0.59512099 | 0.61097112 | 0.61516606 | 0.60431867 | 0.59507919 | 0.60321531 | 0.60555884 | 0.61547526 | 0.60816207 | 0.60815047 | 0.60909907 | 0.59757564 | 0.61463415 | 0.60812332 | 0.00687434
Load 103 | 0.60635793 | 0.61637722 | 0.61456414 | 0.60629998 | 0.61736428 | 0.61490385 | 0.63343837 | 0.60019812 | 0.62096154 | 0.61597913 | 0.60926768 | 0.61409692 | 0.60693413 | 0.61926606 | 0.61369169 | 0.60526316 | 0.61792636 | 0.59970458 | 0.62201514 | 0.60789245 | 0.61312514 | 0.00787090
Load 104 | 0.62392833 | 0.62047154 | 0.62622642 | 0.60496943 | 0.62929322 | 0.61793372 | 0.62786260 | 0.61759357 | 0.61262127 | 0.62645801 | 0.61232337 | 0.62465702 | 0.61435677 | 0.62501200 | 0.62365591 | 0.61694255 | 0.61875242 | 0.61611826 | 0.62802801 | 0.63000478 | 0.62086046 | 0.00656276
Load 105 | 0.62467669 | 0.62406806 | 0.62217955 | 0.60504283 | 0.61618774 | 0.61641636 | 0.61701515 | 0.62634948 | 0.60513365 | 0.62033097 | 0.61635280 | 0.62919750 | 0.62757708 | 0.62862974 | 0.62912379 | 0.63054004 | 0.62951864 | 0.61559520 | 0.62810309 | 0.61503374 | 0.62135360 | 0.00759081
Load 106 | 0.63345936 | 0.64543505 | 0.62512893 | 0.62593682 | 0.61755574 | 0.62389381 | 0.64080567 | 0.61430602 | 0.62860844 | 0.61537002 | 0.61634153 | 0.63220676 | 0.63014990 | 0.62700813 | 0.62815184 | 0.62994271 | 0.61079274 | 0.61050142 | 0.63416952 | 0.63372534 | 0.62617449 | 0.00936250
Load 107 | 0.61722896 | 0.63101006 | 0.62008077 | 0.61230151 | 0.63296089 | 0.63755622 | 0.62390835 | 0.63152022 | 0.63512250 | 0.63440860 | 0.63882064 | 0.62989156 | 0.62525841 | 0.62980231 | 0.63306001 | 0.61790905 | 0.64219158 | 0.63319269 | 0.62661268 | 0.62799401 | 0.62904155 | 0.00754503
Load 108 | 0.63616338 | 0.62590462 | 0.62914091 | 0.63200296 | 0.63723872 | 0.63385971 | 0.63569841 | 0.61998316 | 0.61904762 | 0.62606577 | 0.62042497 | 0.63094367 | 0.62687262 | 0.62489580 | 0.63301641 | 0.63555269 | 0.64751098 | 0.63055735 | 0.63098775 | 0.63737589 | 0.63066217 | 0.00677104
Load 109 | 0.64199107 | 0.63096988 | 0.62772856 | 0.63166969 | 0.63615789 | 0.63097321 | 0.63980999 | 0.63124829 | 0.63157407 | 0.64225429 | 0.62759630 | 0.63705747 | 0.63476208 | 0.62488394 | 0.62463045 | 0.63530391 | 0.62725918 | 0.63805189 | 0.63421174 | 0.63842482 | 0.63332794 | 0.00521027
Load 110 | 0.63698944 | 0.63378477 | 0.63596651 | 0.63531670 | 0.63803625 | 0.63737374 | 0.63824360 | 0.63752311 | 0.62921450 | 0.63371016 | 0.63440664 | 0.64024335 | 0.63530799 | 0.65621329 | 0.63712661 | 0.63535659 | 0.64528268 | 0.63760390 | 0.64328620 | 0.63535659 | 0.63781713 | 0.00537827
Load 111 | 0.63272859 | 0.64886313 | 0.63665187 | 0.65241453 | 0.63561002 | 0.64807709 | 0.63371507 | 0.63939720 | 0.64183850 | 0.63530263 | 0.63982204 | 0.64180047 | 0.64436206 | 0.65504947 | 0.64889689 | 0.63108108 | 0.64757116 | 0.63662764 | 0.64308190 | 0.63482993 | 0.64138606 | 0.00678442
Load 112 | 0.63470156 | 0.64811490 | 0.64217027 | 0.64659313 | 0.63780997 | 0.64870670 | 0.63947842 | 0.63935305 | 0.64488308 | 0.64669440 | 0.64829281 | 0.64629995 | 0.64960737 | 0.62888829 | 0.64231738 | 0.63916033 | 0.64335037 | 0.63924220 | 0.64462003 | 0.63992454 | 0.64251044 | 0.00514523
Load 113 | 0.65586165 | 0.65166065 | 0.64739069 | 0.65664205 | 0.64980132 | 0.63314997 | 0.64677060 | 0.65170211 | 0.65332980 | 0.64622394 | 0.64219042 | 0.65002225 | 0.64933202 | 0.65243419 | 0.64936215 | 0.64596108 | 0.65075288 | 0.64935180 | 0.65491472 | 0.64005329 | 0.64884538 | 0.00544139
Load 114 | 0.65358406 | 0.66400625 | 0.65435681 | 0.64927868 | 0.65162423 | 0.65591304 | 0.65262156 | 0.65736948 | 0.65488565 | 0.64843613 | 0.63785171 | 0.65122832 | 0.65550992 | 0.64661919 | 0.64804763 | 0.65004862 | 0.66596859 | 0.65034537 | 0.64706401 | 0.65367435 | 0.65242168 | 0.00595088
Load 115 | 0.64684412 | 0.65010893 | 0.64891948 | 0.65807679 | 0.65005623 | 0.64838937 | 0.65237099 | 0.65126123 | 0.66099488 | 0.65967506 | 0.65145548 | 0.66327247 | 0.66007939 | 0.65924296 | 0.65422397 | 0.65675676 | 0.65424377 | 0.64317065 | 0.65633925 | 0.65434252 | 0.65399121 | 0.00516998
Load 116 | 0.65512571 | 0.66250000 | 0.65377326 | 0.65615603 | 0.65586690 | 0.65843226 | 0.66227474 | 0.64774783 | 0.66421971 | 0.65948949 | 0.64969163 | 0.66549688 | 0.66019002 | 0.65691238 | 0.65048039 | 0.65975924 | 0.65655267 | 0.64625436 | 0.65139732 | 0.65741858 | 0.65648697 | 0.00523379
Load 117 | 0.66336384 | 0.66378942 | 0.67045948 | 0.66527021 | 0.65996607 | 0.65234043 | 0.66762154 | 0.65579091 | 0.66610298 | 0.65629643 | 0.64977594 | 0.66678076 | 0.66031092 | 0.66455482 | 0.65490297 | 0.67303063 | 0.66273907 | 0.66167312 | 0.65581475 | 0.65123376 | 0.66109090 | 0.00630984
Load 118 | 0.66036462 | 0.65423267 | 0.66171506 | 0.65929015 | 0.66587193 | 0.66885965 | 0.65872412 | 0.66941523 | 0.65677530 | 0.67833154 | 0.66280259 | 0.65025381 | 0.65609632 | 0.66355705 | 0.66722731 | 0.65604013 | 0.66175599 | 0.66781629 | 0.66353001 | 0.66051256 | 0.66215862 | 0.00620036
Load 119 | 0.65996112 | 0.66561729 | 0.67528639 | 0.66627119 | 0.67039666 | 0.66026289 | 0.66831891 | 0.67097532 | 0.67085171 | 0.66534903 | 0.67014352 | 0.66758980 | 0.66407784 | 0.66546608 | 0.66095174 | 0.66780851 | 0.66762081 | 0.66242686 | 0.66384904 | 0.66146919 | 0.66623470 | 0.00400714
Load 120 | 0.67566661 | 0.67119953 | 0.67633651 | 0.66134693 | 0.67268041 | 0.67099932 | 0.67474882 | 0.66988985 | 0.66613779 | 0.67271372 | 0.66984748 | 0.65465796 | 0.67678338 | 0.66998911 | 0.67233759 | 0.66655656 | 0.66895355 | 0.66852206 | 0.66868720 | 0.67846436 | 0.67032594 | 0.00536127
Load 121 | 0.66520080 | 0.67573936 | 0.65941240 | 0.67933333 | 0.67712086 | 0.67212026 | 0.67139441 | 0.66767549 | 0.66932238 | 0.67283073 | 0.67654875 | 0.68332654 | 0.67949770 | 0.67093596 | 0.66780139 | 0.66787569 | 0.65813482 | 0.68085630 | 0.65401581 | 0.66415438 | 0.67066487 | 0.00770253
Load 122 | 0.67784091 | 0.67334488 | 0.67651848 | 0.67987606 | 0.67304362 | 0.67003504 | 0.68115708 | 0.67727273 | 0.67890504 | 0.67280314 | 0.67257223 | 0.67315524 | 0.68073751 | 0.68124187 | 0.67382844 | 0.67879435 | 0.66786041 | 0.66883438 | 0.68294079 | 0.67148014 | 0.67561212 | 0.00437269
Load 123 | 0.67582908 | 0.67842341 | 0.66720491 | 0.67410934 | 0.66957230 | 0.66399471 | 0.67610243 | 0.67173985 | 0.68311165 | 0.67098218 | 0.67747937 | 0.67289107 | 0.68413496 | 0.67717632 | 0.67632211 | 0.68103238 | 0.67346604 | 0.68547409 | 0.67406426 | 0.67294828 | 0.67530294 | 0.00534112
Load 124 | 0.68591076 | 0.67827208 | 0.66622746 | 0.67919517 | 0.68111753 | 0.67501428 | 0.68056225 | 0.68389837 | 0.67291216 | 0.68429051 | 0.68350004 | 0.67783094 | 0.68196088 | 0.67679781 | 0.68320488 | 0.67478020 | 0.68413485 | 0.67417818 | 0.67924988 | 0.67318823 | 0.67881132 | 0.00488255
Load 125 | 0.68185088 | 0.68169126 | 0.68101286 | 0.67613775 | 0.67722883 | 0.68208231 | 0.68816776 | 0.67329936 | 0.68296167 | 0.68596030 | 0.66934447 | 0.66946846 | 0.67895155 | 0.67464812 | 0.68445439 | 0.68057772 | 0.68789911 | 0.68021330 | 0.67449239 | 0.68106979 | 0.67957561 | 0.00526707
Load 126 | 0.66661319 | 0.69089909 | 0.68228508 | 0.68468041 | 0.68360813 | 0.67787159 | 0.68638772 | 0.68291521 | 0.68068155 | 0.68276191 | 0.69948879 | 0.68091396 | 0.68551181 | 0.68346936 | 0.68162528 | 0.69202094 | 0.67627565 | 0.67631579 | 0.68323634 | 0.67871355 | 0.68281377 | 0.00652497
Load 127 | 0.68990725 | 0.67625040 | 0.68624854 | 0.69012876 | 0.67155520 | 0.69139373 | 0.68624980 | 0.68227029 | 0.68978159 | 0.69092493 | 0.68221112 | 0.68743074 | 0.68482737 | 0.68337437 | 0.67879984 | 0.69110972 | 0.68109358 | 0.68417741 | 0.68485665 | 0.69568261 | 0.68541369 | 0.00563873
Load 128 | 0.68827695 | 0.69691555 | 0.69639216 | 0.68886617 | 0.70204300 | 0.67923338 | 0.70039835 | 0.70145631 | 0.68692867 | 0.68530971 | 0.69835663 | 0.69247126 | 0.69579637 | 0.69212801 | 0.69709544 | 0.69488007 | 0.69617722 | 0.68658479 | 0.70156226 | 0.68893973 | 0.69349060 | 0.00613951
Load 129 | 0.69370976 | 0.68272219 | 0.69796485 | 0.69172991 | 0.69483458 | 0.69248662 | 0.68238194 | 0.69366442 | 0.69197597 | 0.67618309 | 0.68545216 | 0.68941634 | 0.69390582 | 0.70521699 | 0.68883040 | 0.69582627 | 0.69952439 | 0.69924928 | 0.69100644 | 0.69848938 | 0.69222854 | 0.00664138
Load 130 | 0.68908600 | 0.69415156 | 0.68876683 | 0.69587110 | 0.68804280 | 0.69301967 | 0.70294184 | 0.70404818 | 0.69292790 | 0.69074990 | 0.69162486 | 0.69441436 | 0.70583723 | 0.69473765 | 0.69824508 | 0.69985460 | 0.69220739 | 0.69446354 | 0.69332508 | 0.69235455 | 0.69483351 | 0.00487654
Load 131 | 0.69188982 | 0.69323103 | 0.69668815 | 0.69432449 | 0.69565550 | 0.69323144 | 0.69171955 | 0.69908815 | 0.69052195 | 0.70252294 | 0.70250951 | 0.69946747 | 0.69288760 | 0.69420861 | 0.70194152 | 0.69421173 | 0.69627396 | 0.68583461 | 0.69593396 | 0.68801339 | 0.69500777 | 0.00441217
Load 132 | 0.69875047 | 0.70499694 | 0.69149341 | 0.70934489 | 0.69585289 | 0.68224082 | 0.68897909 | 0.69801678 | 0.70218978 | 0.70477635 | 0.70433074 | 0.69044168 | 0.70395531 | 0.70653459 | 0.70182341 | 0.69724909 | 0.68961269 | 0.68821884 | 0.68875287 | 0.70470516 | 0.69761329 | 0.00752517
Load 133 | 0.70006806 | 0.69304447 | 0.69911707 | 0.70146928 | 0.69418570 | 0.69723054 | 0.70173991 | 0.70412518 | 0.69692843 | 0.70145102 | 0.70225350 | 0.69797904 | 0.69430882 | 0.71161964 | 0.70773639 | 0.69307450 | 0.69671326 | 0.70441558 | 0.69649177 | 0.69920528 | 0.69965787 | 0.00474164
Load 134 | 0.69999256 | 0.69960650 | 0.70450652 | 0.69570161 | 0.71153560 | 0.69622234 | 0.70542348 | 0.69625056 | 0.69981266 | 0.70190103 | 0.70424972 | 0.70752275 | 0.70161230 | 0.70013407 | 0.70342693 | 0.70392215 | 0.70265867 | 0.69964376 | 0.71957243 | 0.70183688 | 0.70277663 | 0.00537241
Load 135 | 0.70446402 | 0.69721500 | 0.70187950 | 0.69629518 | 0.71637981 | 0.69444237 | 0.70569343 | 0.70296213 | 0.71028807 | 0.70336301 | 0.70570749 | 0.70408087 | 0.69905633 | 0.70677022 | 0.69714074 | 0.69690414 | 0.70467136 | 0.71449360 | 0.70163205 | 0.70427641 | 0.70338579 | 0.00565576
Load 136 | 0.70443497 | 0.70271872 | 0.70292794 | 0.70489039 | 0.70093252 | 0.70311369 | 0.71078359 | 0.72609562 | 0.70719128 | 0.70816327 | 0.70951232 | 0.70670758 | 0.70702868 | 0.71036897 | 0.68792625 | 0.70228500 | 0.70495948 | 0.70374973 | 0.70524771 | 0.70663579 | 0.70578367 | 0.00659673
Load 137 | 0.71001693 | 0.70993146 | 0.70656455 | 0.70669118 | 0.70732423 | 0.70575802 | 0.70621260 | 0.72582382 | 0.70888759 | 0.70654958 | 0.70030670 | 0.70934538 | 0.72295686 | 0.71499236 | 0.71609763 | 0.70334616 | 0.70227555 | 0.70899743 | 0.70537287 | 0.71028651 | 0.70938687 | 0.00620114
Load 138 | 0.70559769 | 0.70777247 | 0.71427544 | 0.71459382 | 0.71407527 | 0.71127168 | 0.70057442 | 0.71133645 | 0.71683893 | 0.70979147 | 0.70363863 | 0.70086663 | 0.70526392 | 0.71384527 | 0.71113980 | 0.70443671 | 0.71965713 | 0.70905489 | 0.70644719 | 0.70468920 | 0.70925835 | 0.00518036
Load 139 | 0.71478621 | 0.70611454 | 0.71638475 | 0.71355406 | 0.71958202 | 0.70813328 | 0.71006682 | 0.71439783 | 0.72008502 | 0.70647161 | 0.72168974 | 0.71944959 | 0.72071368 | 0.70364178 | 0.71587347 | 0.71096009 | 0.71071558 | 0.71643736 | 0.72636923 | 0.71418261 | 0.71448046 | 0.00575623
Load 140 | 0.71945155 | 0.71279594 | 0.70590350 | 0.71739599 | 0.71004550 | 0.71995432 | 0.72565236 | 0.71880354 | 0.71048713 | 0.70685443 | 0.71046365 | 0.71772756 | 0.71840924 | 0.71666546 | 0.71367369 | 0.71424487 | 0.71990155 | 0.70907910 | 0.71147541 | 0.70620144 | 0.71425931 | 0.00528962
Load 141 | 0.71053568 | 0.72137485 | 0.71686747 | 0.71972732 | 0.72012534 | 0.71238311 | 0.71908165 | 0.71149861 | 0.72210541 | 0.71878347 | 0.71537484 | 0.71729718 | 0.71887636 | 0.71592457 | 0.72116532 | 0.72148860 | 0.72397970 | 0.71913256 | 0.71478249 | 0.71907742 | 0.71797910 | 0.00354640
Load 142 | 0.71335069 | 0.72102052 | 0.71877020 | 0.71589074 | 0.71779314 | 0.72328844 | 0.72327223 | 0.72384850 | 0.71801622 | 0.71402043 | 0.71772276 | 0.72033310 | 0.72995101 | 0.72127296 | 0.70986321 | 0.71816473 | 0.70666103 | 0.71549336 | 0.70929085 | 0.71423565 | 0.71761299 | 0.00542588
Load 143 | 0.72250000 | 0.72307585 | 0.72128284 | 0.72073010 | 0.72044842 | 0.71914953 | 0.71678967 | 0.72650402 | 0.71545799 | 0.72461947 | 0.71525590 | 0.72114317 | 0.71954457 | 0.72189100 | 0.72043990 | 0.71859649 | 0.72511312 | 0.71792354 | 0.71998889 | 0.71991974 | 0.72051871 | 0.00290028
Load 144 | 0.72017775 | 0.72066335 | 0.72418101 | 0.72020653 | 0.72395543 | 0.72647534 | 0.72307906 | 0.73297675 | 0.72578158 | 0.72978974 | 0.71733933 | 0.72506944 | 0.71835708 | 0.72099351 | 0.73070116 | 0.72826693 | 0.72236076 | 0.71735748 | 0.71826604 | 0.72734228 | 0.72366703 | 0.00448645
Load 145 | 0.72464952 | 0.72429302 | 0.72083960 | 0.72561787 | 0.71764706 | 0.73301337 | 0.72210308 | 0.71753580 | 0.72314222 | 0.72503819 | 0.72527850 | 0.72740277 | 0.71914601 | 0.72579322 | 0.73164073 | 0.72494539 | 0.72335726 | 0.72705578 | 0.72233677 | 0.71508341 | 0.72379598 | 0.00431490
Load 146 | 0.72839676 | 0.72081218 | 0.72931970 | 0.72403540 | 0.72139030 | 0.72274273 | 0.72965395 | 0.72839170 | 0.73260073 | 0.72570760 | 0.72770372 | 0.72228389 | 0.72285217 | 0.72625472 | 0.72463967 | 0.72832211 | 0.73169218 | 0.72734761 | 0.72257842 | 0.72623705 | 0.72614813 | 0.00332862
Load 147 | 0.73065266 | 0.72852069 | 0.72818312 | 0.72484244 | 0.72312345 | 0.73455657 | 0.72679156 | 0.72511328 | 0.73074845 | 0.73795684 | 0.72615132 | 0.73404038 | 0.72970237 | 0.73488150 | 0.73344959 | 0.72495170 | 0.72834406 | 0.72844475 | 0.72915969 | 0.73327037 | 0.72964424 | 0.00390565
Load 148 | 0.73278943 | 0.73460035 | 0.72773155 | 0.72842348 | 0.72786369 | 0.72960969 | 0.72849517 | 0.73602611 | 0.72689161 | 0.73457725 | 0.73121232 | 0.73871246 | 0.73015767 | 0.73216064 | 0.73387902 | 0.73948969 | 0.73307177 | 0.72911719 | 0.72310730 | 0.72853939 | 0.73132279 | 0.00401570
Load 149 | 0.73430539 | 0.72888531 | 0.73027768 | 0.72718011 | 0.72878479 | 0.73699920 | 0.73064311 | 0.72037626 | 0.72229360 | 0.72648189 | 0.73121173 | 0.73899434 | 0.73055220 | 0.73152561 | 0.73979995 | 0.73479662 | 0.73396088 | 0.73070962 | 0.72430128 | 0.74012543 | 0.73111025 | 0.00535562
Load 150 | 0.73685603 | 0.73252136 | 0.72914852 | 0.73618849 | 0.73457831 | 0.73300199 | 0.72564479 | 0.73896353 | 0.73721479 | 0.73485923 | 0.73436668 | 0.73013212 | 0.72795987 | 0.73424495 | 0.73964497 | 0.73095238 | 0.73660183 | 0.73625412 | 0.74128041 | 0.73465608 | 0.73425352 | 0.00388787
Load 151 | 0.73360819 | 0.73287940 | 0.73699306 | 0.73400853 | 0.73748676 | 0.73485548 | 0.73257440 | 0.74282901 | 0.73521257 | 0.73493895 | 0.72740831 | 0.73608892 | 0.73551555 | 0.73315257 | 0.72585876 | 0.73645758 | 0.73745640 | 0.73279271 | 0.73532942 | 0.73017040 | 0.73428085 | 0.00358470
Load 152 | 0.74031995 | 0.73503024 | 0.72509746 | 0.73440578 | 0.74173167 | 0.73489736 | 0.73424054 | 0.73730495 | 0.74089766 | 0.73819517 | 0.74133614 | 0.73945245 | 0.73918426 | 0.74161736 | 0.73822199 | 0.74349882 | 0.73659797 | 0.74749305 | 0.73667384 | 0.73754715 | 0.73818719 | 0.00442470
Load 153 | 0.73418809 | 0.74325371 | 0.73793149 | 0.74310979 | 0.73371811 | 0.73677672 | 0.73424926 | 0.73891690 | 0.73176753 | 0.73833738 | 0.74179873 | 0.74378842 | 0.74022001 | 0.74024533 | 0.74518730 | 0.73667546 | 0.73649925 | 0.74545572 | 0.73964844 | 0.73965084 | 0.73907093 | 0.00383149
Load 154 | 0.74854288 | 0.74290014 | 0.73933587 | 0.73948711 | 0.73614003 | 0.73286270 | 0.74895397 | 0.75017761 | 0.73533805 | 0.74535911 | 0.73887827 | 0.74290343 | 0.74108866 | 0.73923937 | 0.73410031 | 0.74339769 | 0.74570580 | 0.73729420 | 0.74590058 | 0.73781556 | 0.74127107 | 0.00493510
Load 155 | 0.74047175 | 0.73940909 | 0.74188934 | 0.74276466 | 0.74530245 | 0.74109110 | 0.74323714 | 0.75242843 | 0.75075267 | 0.73552487 | 0.74559876 | 0.74836071 | 0.73678393 | 0.74359964 | 0.75155999 | 0.73583692 | 0.75207138 | 0.74732320 | 0.74697626 | 0.74093960 | 0.74409609 | 0.00515041
Load 156 | 0.74293657 | 0.74026309 | 0.75179995 | 0.74452414 | 0.74347854 | 0.74531954 | 0.74889840 | 0.74370361 | 0.74692656 | 0.74312698 | 0.74136166 | 0.75212052 | 0.74466175 | 0.73813945 | 0.73720313 | 0.73741681 | 0.75028564 | 0.74456063 | 0.74281314 | 0.74202093 | 0.74407805 | 0.00420644
Load 157 | 0.74977884 | 0.74384046 | 0.74565710 | 0.74125379 | 0.74166560 | 0.75266160 | 0.74312567 | 0.74329040 | 0.74819826 | 0.74900070 | 0.73953459 | 0.74004833 | 0.74293043 | 0.74487139 | 0.73599435 | 0.74681629 | 0.74018919 | 0.74303563 | 0.74248491 | 0.74692520 | 0.74406514 | 0.00389732
Load 158 | 0.74170918 | 0.74280473 | 0.75065897 | 0.75171892 | 0.74582937 | 0.75006315 | 0.74001645 | 0.75432068 | 0.73953459 | 0.74402516 | 0.74255292 | 0.74915621 | 0.74951089 | 0.74305294 | 0.74860545 | 0.73987887 | 0.75514701 | 0.74305289 | 0.75025323 | 0.75023634 | 0.74660640 | 0.00478778
Load 159 | 0.75568959 | 0.74876285 | 0.74597990 | 0.75071740 | 0.74400407 | 0.74538092 | 0.75144545 | 0.74656655 | 0.74906109 | 0.75225056 | 0.74655927 | 0.74481800 | 0.74244613 | 0.74684428 | 0.74491462 | 0.75683163 | 0.74237805 | 0.74982534 | 0.75013985 | 0.75075624 | 0.74826859 | 0.00390316
Load 160 | 0.75118454 | 0.75557790 | 0.74932833 | 0.76289043 | 0.75593643 | 0.75316770 | 0.75599975 | 0.75211878 | 0.75098468 | 0.74867491 | 0.75166061 | 0.75257224 | 0.74789082 | 0.74624270 | 0.75146438 | 0.75135887 | 0.75065404 | 0.75239577 | 0.74437900 | 0.74372771 | 0.75141048 | 0.00422412
Load 161 | 0.75026647 | 0.75055597 | 0.75584320 | 0.74843158 | 0.75096694 | 0.75573225 | 0.75072986 | 0.75580595 | 0.74491844 | 0.75012463 | 0.75302663 | 0.74894295 | 0.75185024 | 0.75225871 | 0.74665583 | 0.76041219 | 0.75198955 | 0.74388489 | 0.74915825 | 0.74958970 | 0.75105721 | 0.00380219
Load 162 | 0.74555881 | 0.75172414 | 0.74668575 | 0.75092365 | 0.75708724 | 0.75524048 | 0.74746726 | 0.75430341 | 0.74832215 | 0.75565775 | 0.75257541 | 0.75401433 | 0.75275029 | 0.75822551 | 0.75132700 | 0.75351197 | 0.74603767 | 0.74738452 | 0.75762091 | 0.75263775 | 0.75195280 | 0.00384291
Load 163 | 0.75476423 | 0.74484935 | 0.75557587 | 0.74842884 | 0.75516242 | 0.75580316 | 0.76610789 | 0.75416487 | 0.75698324 | 0.75164474 | 0.75510826 | 0.74501274 | 0.75521532 | 0.76031542 | 0.75741323 | 0.75211250 | 0.75091371 | 0.76339016 | 0.75222926 | 0.75490805 | 0.75450516 | 0.00509238
Load 164 | 0.76004865 | 0.75777939 | 0.75844677 | 0.75799554 | 0.76468085 | 0.75224427 | 0.74940202 | 0.75687683 | 0.75915493 | 0.75702996 | 0.75024079 | 0.75651648 | 0.75922413 | 0.76550258 | 0.75557197 | 0.76084060 | 0.75921896 | 0.76087880 | 0.75428640 | 0.75921181 | 0.75775759 | 0.00398550
Load 165 | 0.75871971 | 0.76477684 | 0.76399056 | 0.75610942 | 0.75176492 | 0.75666267 | 0.76203693 | 0.75195613 | 0.75610506 | 0.75493831 | 0.76171804 | 0.76345196 | 0.75472275 | 0.75248007 | 0.75577357 | 0.76426680 | 0.76192512 | 0.75530199 | 0.75722474 | 0.75707043 | 0.75804980 | 0.00415601
Load 166 | 0.75744505 | 0.75982932 | 0.76614164 | 0.76399976 | 0.76117697 | 0.76664445 | 0.76061222 | 0.76149494 | 0.75903541 | 0.76029216 | 0.76206564 | 0.75854352 | 0.75087508 | 0.76276564 | 0.76380918 | 0.76975945 | 0.75584447 | 0.76122988 | 0.76766417 | 0.75245053 | 0.76108397 | 0.00462335
Load 167 | 0.76805356 | 0.75600605 | 0.76219404 | 0.76183032 | 0.75912629 | 0.75613738 | 0.76917563 | 0.75682697 | 0.76048868 | 0.76340828 | 0.75291361 | 0.76044367 | 0.76906382 | 0.75392169 | 0.75986217 | 0.76516994 | 0.76152557 | 0.75964870 | 0.76136025 | 0.75473291 | 0.76059448 | 0.00464763
Load 168 | 0.76405492 | 0.76027357 | 0.76386500 | 0.76155500 | 0.76117094 | 0.76011887 | 0.75822688 | 0.75708942 | 0.75940755 | 0.76727552 | 0.76841176 | 0.76706803 | 0.76243321 | 0.76245689 | 0.76399215 | 0.76178057 | 0.75881890 | 0.75781156 | 0.76304348 | 0.76231263 | 0.76205834 | 0.00306592
Load 169 | 0.76274971 | 0.77120141 | 0.75829187 | 0.76408095 | 0.76223323 | 0.76537149 | 0.75512988 | 0.76388889 | 0.75890786 | 0.76339233 | 0.76317494 | 0.76484658 | 0.76511519 | 0.75774532 | 0.76321540 | 0.76655217 | 0.76790609 | 0.76177120 | 0.76169730 | 0.76260317 | 0.76299375 | 0.00355053
Load 170 | 0.76219041 | 0.76934188 | 0.76436347 | 0.76462601 | 0.76539278 | 0.76189919 | 0.76709427 | 0.76152305 | 0.76407412 | 0.76411076 | 0.76516588 | 0.76721893 | 0.76406812 | 0.76158245 | 0.76645999 | 0.76373659 | 0.76119844 | 0.76347968 | 0.76958498 | 0.76680464 | 0.76469578 | 0.00240418
Load 171 | 0.77128490 | 0.76081681 | 0.76886847 | 0.77221902 | 0.77146172 | 0.76950871 | 0.76358775 | 0.76579470 | 0.76225013 | 0.76003801 | 0.76508269 | 0.77251323 | 0.76703849 | 0.76403002 | 0.76380440 | 0.76490165 | 0.75798685 | 0.77240290 | 0.76532033 | 0.76164927 | 0.76602800 | 0.00434823
Load 172 | 0.76684117 | 0.76866317 | 0.76938776 | 0.76040992 | 0.76980559 | 0.76610523 | 0.76545018 | 0.76233132 | 0.76889501 | 0.76443796 | 0.77186836 | 0.77364845 | 0.76545656 | 0.75653737 | 0.76467834 | 0.77374366 | 0.76640589 | 0.76489720 | 0.76806418 | 0.76603970 | 0.76668335 | 0.00406442
Load 173 | 0.76507457 | 0.76569767 | 0.77020639 | 0.77321148 | 0.76329202 | 0.76550454 | 0.76792453 | 0.76472983 | 0.76583750 | 0.76438641 | 0.76840813 | 0.77119926 | 0.76776240 | 0.76661649 | 0.76955920 | 0.76243254 | 0.76622850 | 0.77013219 | 0.77313554 | 0.77115005 | 0.76762446 | 0.00307956
Load 174 | 0.77482360 | 0.76847034 | 0.76939347 | 0.76903218 | 0.76609467 | 0.77264315 | 0.77526993 | 0.76974626 | 0.77570255 | 0.77417342 | 0.76948686 | 0.77688853 | 0.76753736 | 0.76999715 | 0.76727273 | 0.77822650 | 0.77009849 | 0.76295868 | 0.76760121 | 0.76841441 | 0.77069157 | 0.00389941
Load 175 | 0.77802842 | 0.77418802 | 0.77231625 | 0.77439616 | 0.77583763 | 0.76771698 | 0.77411210 | 0.76873821 | 0.77069479 | 0.77917118 | 0.76634494 | 0.77868339 | 0.76468887 | 0.77290654 | 0.77715068 | 0.76714286 | 0.76669528 | 0.77121602 | 0.77426948 | 0.77354046 | 0.77239191 | 0.00425747
Load 176 | 0.77803948 | 0.77202924 | 0.77117376 | 0.77822512 | 0.77507877 | 0.77471290 | 0.77380476 | 0.77399047 | 0.77535049 | 0.76980576 | 0.77803738 | 0.77410673 | 0.77254747 | 0.77484047 | 0.76940008 | 0.77851512 | 0.76989738 | 0.76950193 | 0.77440347 | 0.77387530 | 0.77386680 | 0.00286991
Load 177 | 0.77504068 | 0.77138326 | 0.77202043 | 0.78191460 | 0.76828224 | 0.77306427 | 0.77051035 | 0.77208779 | 0.76879039 | 0.77373346 | 0.78066183 | 0.77301057 | 0.77310109 | 0.77435371 | 0.77222626 | 0.77322374 | 0.77882022 | 0.77356893 | 0.77387585 | 0.77707586 | 0.77383728 | 0.00341695
Load 178 | 0.77241533 | 0.77346405 | 0.78106973 | 0.77245843 | 0.76862044 | 0.78113779 | 0.77742484 | 0.77708678 | 0.77208807 | 0.77218401 | 0.78089101 | 0.77388911 | 0.77833781 | 0.77529603 | 0.77405272 | 0.77328794 | 0.77536151 | 0.77958686 | 0.77738516 | 0.77504492 | 0.77555413 | 0.00338431
Load 179 | 0.77976389 | 0.77964963 | 0.77421513 | 0.78466404 | 0.77804349 | 0.78188959 | 0.77669473 | 0.77997493 | 0.77807008 | 0.77564031 | 0.78197415 | 0.77737267 | 0.77954243 | 0.77900829 | 0.77789509 | 0.78237239 | 0.78194066 | 0.77705229 | 0.77726635 | 0.77947171 | 0.77912509 | 0.00248396
Load 180 | 0.77941095 | 0.77423838 | 0.77609540 | 0.77156334 | 0.78731384 | 0.77830685 | 0.77994336 | 0.77863109 | 0.77605728 | 0.77154667 | 0.77369385 | 0.77811094 | 0.77981498 | 0.77809592 | 0.77157332 | 0.77426336 | 0.78102954 | 0.77413356 | 0.77542084 | 0.78223637 | 0.77707399 | 0.00391366
Load 181 | 0.78353659 | 0.76873709 | 0.78313052 | 0.77995379 | 0.77882000 | 0.78480527 | 0.77485010 | 0.78118723 | 0.77852052 | 0.77932014 | 0.78432547 | 0.77617968 | 0.77352437 | 0.77970951 | 0.77902684 | 0.77724359 | 0.78201725 | 0.77263959 | 0.77245176 | 0.77942224 | 0.77847008 | 0.00422396
Load 182 | 0.77422026 | 0.78473357 | 0.78382072 | 0.78564324 | 0.78037255 | 0.78034268 | 0.78241819 | 0.77822403 | 0.78222075 | 0.78386866 | 0.78420966 | 0.77788212 | 0.78168470 | 0.78001642 | 0.78078128 | 0.77705924 | 0.78031798 | 0.77865286 | 0.78344158 | 0.77974559 | 0.78098280 | 0.00283040
Load 183 | 0.77998577 | 0.78199183 | 0.78285006 | 0.78626661 | 0.78383377 | 0.77914982 | 0.77825583 | 0.78676151 | 0.78164988 | 0.78313188 | 0.77925416 | 0.77986357 | 0.78438058 | 0.78768554 | 0.78155579 | 0.78494447 | 0.78277656 | 0.78085434 | 0.77786322 | 0.78161294 | 0.78223341 | 0.00273511
Load 184 | 0.77506849 | 0.78141099 | 0.77529495 | 0.79091693 | 0.77982879 | 0.78861789 | 0.77744758 | 0.77974197 | 0.78370419 | 0.77862178 | 0.78552002 | 0.78217551 | 0.79194017 | 0.78667619 | 0.78380158 | 0.77793157 | 0.78208166 | 0.78713059 | 0.78363548 | 0.78061002 | 0.78260782 | 0.00467949
Load 185 | 0.78377793 | 0.78420824 | 0.78344018 | 0.78197327 | 0.78279442 | 0.78302143 | 0.78467173 | 0.77869163 | 0.78671519 | 0.78971256 | 0.78247261 | 0.78233200 | 0.78362668 | 0.78002172 | 0.78444119 | 0.78202842 | 0.78658702 | 0.78315074 | 0.78376324 | 0.77857066 | 0.78330004 | 0.00252856
Load 186 | 0.77802532 | 0.78373553 | 0.78945689 | 0.78449885 | 0.77877356 | 0.78281250 | 0.78634871 | 0.78422484 | 0.78767525 | 0.78992319 | 0.78169814 | 0.77814143 | 0.77743853 | 0.78819314 | 0.78688525 | 0.78582178 | 0.77964912 | 0.78715162 | 0.78726273 | 0.78169506 | 0.78397057 | 0.00390757
Load 187 | 0.78010051 | 0.78569899 | 0.78701479 | 0.78414876 | 0.78228309 | 0.78338438 | 0.78818847 | 0.78509737 | 0.78486527 | 0.78514078 | 0.78875274 | 0.77990456 | 0.78366739 | 0.78529918 | 0.78475052 | 0.78943703 | 0.78029652 | 0.78193280 | 0.77701572 | 0.78036712 | 0.78386730 | 0.00317984
Load 188 | 0.79047416 | 0.78315092 | 0.78080943 | 0.78464320 | 0.79023556 | 0.78712248 | 0.79531430 | 0.79363071 | 0.79356968 | 0.78615714 | 0.78604229 | 0.79155139 | 0.78781646 | 0.78382997 | 0.78791255 | 0.78484946 | 0.78574850 | 0.79013001 | 0.78463175 | 0.78342046 | 0.78755202 | 0.00387110
Load 189 | 0.78970596 | 0.79703385 | 0.78256502 | 0.79268679 | 0.78741750 | 0.78609908 | 0.78697814 | 0.78766762 | 0.79331853 | 0.78816955 | 0.78658178 | 0.79040524 | 0.79267841 | 0.79077276 | 0.78283043 | 0.78611572 | 0.78818694 | 0.79681673 | 0.78654170 | 0.78443210 | 0.78885019 | 0.00397030
Load 190 | 0.78532823 | 0.78210510 | 0.78592037 | 0.78760879 | 0.78942398 | 0.78669059 | 0.78170577 | 0.79051633 | 0.78884860 | 0.79027420 | 0.78753884 | 0.79447223 | 0.78779841 | 0.79194346 | 0.77994929 | 0.79049836 | 0.79493775 | 0.78771360 | 0.78293018 | 0.79729235 | 0.78817482 | 0.00441788
Load 191 | 0.79302980 | 0.78923415 | 0.79121169 | 0.79328420 | 0.79304230 | 0.78700304 | 0.79157650 | 0.79668722 | 0.79192872 | 0.79202575 | 0.78842127 | 0.79411008 | 0.79344930 | 0.78747076 | 0.79327430 | 0.78713185 | 0.78708561 | 0.78715093 | 0.78479800 | 0.79843162 | 0.79101735 | 0.00350697
Load 192 | 0.79446967 | 0.78971648 | 0.78822911 | 0.79466418 | 0.79201245 | 0.79592689 | 0.78840992 | 0.79083320 | 0.79977405 | 0.79068539 | 0.79329841 | 0.79265294 | 0.79284154 | 0.78677351 | 0.79418053 | 0.78861284 | 0.79212631 | 0.78349971 | 0.78885311 | 0.79601705 | 0.79167886 | 0.00365430
Load 193 | 0.79775455 | 0.79616942 | 0.78703607 | 0.79392591 | 0.79241476 | 0.79795698 | 0.79227353 | 0.79112055 | 0.79405653 | 0.79596795 | 0.79250585 | 0.79433390 | 0.79405674 | 0.79662663 | 0.79020140 | 0.79498616 | 0.78957957 | 0.79658547 | 0.79581342 | 0.78914187 | 0.79362536 | 0.00296293
Load 194 | 0.79865702 | 0.79644249 | 0.79603026 | 0.78620439 | 0.79420826 | 0.79883189 | 0.79073120 | 0.79216899 | 0.79215826 | 0.78924180 | 0.79533205 | 0.78904718 | 0.79556676 | 0.79245185 | 0.79118934 | 0.80028691 | 0.79189133 | 0.79243107 | 0.78986146 | 0.79873437 | 0.79357334 | 0.00372423
Load 195 | 0.78927438 | 0.79627841 | 0.79987650 | 0.79130164 | 0.79521590 | 0.79303675 | 0.79169675 | 0.79006946 | 0.79477555 | 0.79490857 | 0.79457939 | 0.79284321 | 0.79268043 | 0.79182710 | 0.79522080 | 0.79441404 | 0.79809988 | 0.79939021 | 0.79372521 | 0.78670085 | 0.79379575 | 0.00317887
Load 196 | 0.79782453 | 0.79275088 | 0.79866010 | 0.79358636 | 0.79268543 | 0.79408927 | 0.79854568 | 0.79828832 | 0.79041089 | 0.79472336 | 0.78784298 | 0.79152961 | 0.79633948 | 0.79620950 | 0.79905243 | 0.79409796 | 0.79719674 | 0.79186528 | 0.78758422 | 0.79458469 | 0.79439339 | 0.00335677
Load 197 | 0.79578179 | 0.79833308 | 0.79343442 | 0.79414433 | 0.79331677 | 0.79810012 | 0.79808573 | 0.80060621 | 0.79841206 | 0.80128302 | 0.79608359 | 0.80017075 | 0.80297864 | 0.79459847 | 0.79663678 | 0.79972600 | 0.80042517 | 0.79918471 | 0.79823270 | 0.79034419 | 0.79749393 | 0.00308902
Load 198 | 0.79517949 | 0.80021965 | 0.79911823 | 0.79530830 | 0.79465935 | 0.79458851 | 0.79478877 | 0.79491168 | 0.79916276 | 0.79594109 | 0.79554337 | 0.79677987 | 0.79692433 | 0.80129265 | 0.79607843 | 0.79389118 | 0.79952948 | 0.80515947 | 0.79963708 | 0.79745552 | 0.79730846 | 0.00279931
Load 199 | 0.79127821 | 0.79472258 | 0.80133749 | 0.79531779 | 0.79308597 | 0.79900695 | 0.79293797 | 0.79551324 | 0.79695560 | 0.80116638 | 0.79461111 | 0.79777767 | 0.79908999 | 0.80073135 | 0.79799649 | 0.79617484 | 0.79697700 | 0.79953673 | 0.80087693 | 0.79640628 | 0.79707503 | 0.00285456
Load 200 | 0.79878721 | 0.80139632 | 0.79411029 | 0.79951161 | 0.79843141 | 0.80348653 | 0.80096436 | 0.80001989 | 0.80303332 | 0.80494050 | 0.79605031 | 0.79809917 | 0.80107284 | 0.80283028 | 0.79936880 | 0.79890760 | 0.79804186 | 0.80067956 | 0.79604731 | 0.79543074 | 0.79956050 | 0.00277854
