# TODAS AS PROBABILIDADES (20 SIMULAÇÕES)
# Requisição 3: [5,10]
# Modo: SEPARADO
# Data: 2026-01-26 22:48:02
# ================================================================================
# Formato: Load | Sim1 | Sim2 | ... | Sim20 | Média | DesvioPadrão
# ================================================================================

Load   1 | 0.00000000 | 0.00000000 | 0.00000000 | 0.00000000 | 0.00000000 | 0.00000000 | 0.00000000 | 0.00000000 | 0.00000000 | 0.00000000 | 0.00000000 | 0.00000000 | 0.00000000 | 0.00000000 | 0.00000000 | 0.00000000 | 0.00000000 | 0.00000000 | 0.00000000 | 0.00000000 | 0.00000000 | 0.00000000
Load   2 | 0.00000000 | 0.00000000 | 0.00000000 | 0.00000000 | 0.00000000 | 0.00000000 | 0.00000000 | 0.00000000 | 0.00000000 | 0.00000000 | 0.00000000 | 0.00000000 | 0.00000000 | 0.00000000 | 0.00000000 | 0.00000000 | 0.00000000 | 0.00000000 | 0.00000000 | 0.00000000 | 0.00000000 | 0.00000000
Load   3 | 0.00000000 | 0.00000000 | 0.00000000 | 0.00000000 | 0.00000000 | 0.00000000 | 0.00000000 | 0.00000000 | 0.00000000 | 0.00000000 | 0.00000000 | 0.00000000 | 0.00000000 | 0.00000000 | 0.00000000 | 0.00000000 | 0.00000000 | 0.00000000 | 0.00000000 | 0.00000000 | 0.00000000 | 0.00000000
Load   4 | 0.00000000 | 0.00000000 | 0.00000000 | 0.00000000 | 0.00000000 | 0.00000000 | 0.00000000 | 0.00000000 | 0.00000000 | 0.00000000 | 0.00000000 | 0.00000000 | 0.00000000 | 0.00000000 | 0.00000000 | 0.00000000 | 0.00000000 | 0.00000000 | 0.00000000 | 0.00000000 | 0.00000000 | 0.00000000
Load   5 | 0.00000000 | 0.00000000 | 0.00000000 | 0.00000000 | 0.00000000 | 0.00000000 | 0.00000000 | 0.00000000 | 0.00000000 | 0.00000000 | 0.00000000 | 0.00000000 | 0.00000000 | 0.00000000 | 0.00000000 | 0.00000000 | 0.00000000 | 0.00000000 | 0.00000000 | 0.00000000 | 0.00000000 | 0.00000000
Load   6 | 0.00000000 | 0.00000000 | 0.00000000 | 0.00000000 | 0.00000000 | 0.00000000 | 0.00000000 | 0.00000000 | 0.00000000 | 0.00000000 | 0.00000000 | 0.00000000 | 0.00000000 | 0.00000000 | 0.00000000 | 0.00000000 | 0.00000000 | 0.00000000 | 0.00000000 | 0.00000000 | 0.00000000 | 0.00000000
Load   7 | 0.00000000 | 0.00000000 | 0.00000000 | 0.00000000 | 0.00000000 | 0.00000000 | 0.00000000 | 0.00000000 | 0.00000000 | 0.00000000 | 0.00000000 | 0.00000000 | 0.00000000 | 0.00000000 | 0.00000000 | 0.00000000 | 0.00000000 | 0.00000000 | 0.00000000 | 0.00000000 | 0.00000000 | 0.00000000
Load   8 | 0.00000000 | 0.00000000 | 0.00000000 | 0.00000000 | 0.00000000 | 0.00000000 | 0.00000000 | 0.00000000 | 0.00000000 | 0.00000000 | 0.00000000 | 0.00000000 | 0.00000000 | 0.00000000 | 0.00000000 | 0.00000000 | 0.00000000 | 0.00000000 | 0.00000000 | 0.00000000 | 0.00000000 | 0.00000000
Load   9 | 0.00000000 | 0.00000000 | 0.00000000 | 0.00000000 | 0.00000000 | 0.00000000 | 0.00000000 | 0.00000000 | 0.00000000 | 0.00000000 | 0.00000000 | 0.00000000 | 0.00000000 | 0.00000000 | 0.00000000 | 0.00000000 | 0.00000000 | 0.00000000 | 0.00000000 | 0.00000000 | 0.00000000 | 0.00000000
Load  10 | 0.00000000 | 0.00000000 | 0.00000000 | 0.00000000 | 0.00000000 | 0.00000000 | 0.00000000 | 0.00000000 | 0.00000000 | 0.00000000 | 0.00000000 | 0.00000000 | 0.00000000 | 0.00000000 | 0.00000000 | 0.00000000 | 0.00000000 | 0.00000000 | 0.00000000 | 0.00000000 | 0.00000000 | 0.00000000
Load  11 | 0.00000000 | 0.00000000 | 0.00000000 | 0.00000000 | 0.00000000 | 0.00000000 | 0.00000000 | 0.00000000 | 0.00000000 | 0.00000000 | 0.00000000 | 0.00000000 | 0.00000000 | 0.00000000 | 0.00000000 | 0.00000000 | 0.00000000 | 0.00000000 | 0.00000000 | 0.00000000 | 0.00000000 | 0.00000000
Load  12 | 0.00000000 | 0.00000000 | 0.00000000 | 0.00000000 | 0.00000000 | 0.00000000 | 0.00000000 | 0.00000000 | 0.00000000 | 0.00000000 | 0.00000000 | 0.00000000 | 0.00000000 | 0.00000000 | 0.00000000 | 0.00000000 | 0.00000000 | 0.00000000 | 0.00000000 | 0.00000000 | 0.00000000 | 0.00000000
Load  13 | 0.00000000 | 0.00000000 | 0.00000000 | 0.00000000 | 0.00000000 | 0.00000000 | 0.00000000 | 0.00000000 | 0.00000000 | 0.00000000 | 0.00000000 | 0.00000000 | 0.00000000 | 0.00000000 | 0.00000000 | 0.00000000 | 0.00000000 | 0.00000000 | 0.00000000 | 0.00000000 | 0.00000000 | 0.00000000
Load  14 | 0.00000000 | 0.00000000 | 0.00000000 | 0.00000000 | 0.00000000 | 0.00000000 | 0.00000000 | 0.00000000 | 0.00000000 | 0.00000000 | 0.00000000 | 0.00000000 | 0.00000000 | 0.00000000 | 0.00000000 | 0.00000000 | 0.00000000 | 0.00000000 | 0.00000000 | 0.00000000 | 0.00000000 | 0.00000000
Load  15 | 0.00000000 | 0.00000000 | 0.00000000 | 0.00000000 | 0.00000000 | 0.00000000 | 0.00000000 | 0.00000000 | 0.00000000 | 0.00000000 | 0.00000000 | 0.00000000 | 0.00000000 | 0.00000000 | 0.00000000 | 0.00000000 | 0.00000000 | 0.00000000 | 0.00000000 | 0.00000000 | 0.00000000 | 0.00000000
Load  16 | 0.00000000 | 0.00000000 | 0.00000000 | 0.00000000 | 0.00000000 | 0.00000000 | 0.00000000 | 0.00000000 | 0.00000000 | 0.00000000 | 0.00000000 | 0.00000000 | 0.00000000 | 0.00000000 | 0.00000000 | 0.00000000 | 0.00000000 | 0.00000000 | 0.00000000 | 0.00000000 | 0.00000000 | 0.00000000
Load  17 | 0.00000000 | 0.00000000 | 0.00000000 | 0.00000000 | 0.00000000 | 0.00000000 | 0.00000000 | 0.00000000 | 0.00000000 | 0.00000000 | 0.00000000 | 0.00000000 | 0.00000000 | 0.00000000 | 0.00000000 | 0.00000000 | 0.00000000 | 0.00000000 | 0.00000000 | 0.00000000 | 0.00000000 | 0.00000000
Load  18 | 0.00000000 | 0.00000000 | 0.00000000 | 0.00000000 | 0.00000000 | 0.00000000 | 0.00000000 | 0.00000000 | 0.00000000 | 0.00000000 | 0.00000000 | 0.00000000 | 0.00000000 | 0.00000000 | 0.00000000 | 0.00000000 | 0.00000000 | 0.00000000 | 0.00000000 | 0.00000000 | 0.00000000 | 0.00000000
Load  19 | 0.00000000 | 0.00000000 | 0.00000000 | 0.00000000 | 0.00000000 | 0.00000000 | 0.00000000 | 0.00000000 | 0.00000000 | 0.00000000 | 0.00000000 | 0.00000000 | 0.00000000 | 0.00000000 | 0.00000000 | 0.00000000 | 0.00000000 | 0.00000000 | 0.00000000 | 0.00000000 | 0.00000000 | 0.00000000
Load  20 | 0.00000000 | 0.00000000 | 0.00000000 | 0.00000000 | 0.00000000 | 0.00000000 | 0.00000000 | 0.00000000 | 0.00000000 | 0.00000000 | 0.00000000 | 0.00000000 | 0.00000000 | 0.00000000 | 0.00000000 | 0.00000000 | 0.00000000 | 0.00000000 | 0.00000000 | 0.00000000 | 0.00000000 | 0.00000000
Load  21 | 0.00000000 | 0.00000000 | 0.00000000 | 0.00000000 | 0.00046147 | 0.00000000 | 0.00000000 | 0.00000000 | 0.00094251 | 0.00000000 | 0.00000000 | 0.00000000 | 0.00047461 | 0.00000000 | 0.00000000 | 0.00000000 | 0.00000000 | 0.00000000 | 0.00000000 | 0.00000000 | 0.00009393 | 0.00023980
Load  22 | 0.00000000 | 0.00000000 | 0.00047170 | 0.00000000 | 0.00219010 | 0.00000000 | 0.00268938 | 0.00000000 | 0.00000000 | 0.00000000 | 0.00000000 | 0.00000000 | 0.00000000 | 0.00000000 | 0.00000000 | 0.00000000 | 0.00000000 | 0.00000000 | 0.00130605 | 0.00000000 | 0.00033286 | 0.00076621
Load  23 | 0.00000000 | 0.00000000 | 0.00000000 | 0.00087873 | 0.00000000 | 0.00164609 | 0.00043592 | 0.00043995 | 0.00000000 | 0.00176991 | 0.00000000 | 0.00000000 | 0.00000000 | 0.00000000 | 0.00000000 | 0.00000000 | 0.00000000 | 0.00000000 | 0.00251467 | 0.00000000 | 0.00038426 | 0.00072001
Load  24 | 0.00000000 | 0.00000000 | 0.00079491 | 0.00000000 | 0.00000000 | 0.00000000 | 0.00000000 | 0.00000000 | 0.00295234 | 0.00169492 | 0.00000000 | 0.00041356 | 0.00163532 | 0.00083264 | 0.00293132 | 0.00000000 | 0.00000000 | 0.00291788 | 0.00126316 | 0.00000000 | 0.00077180 | 0.00106180
Load  25 | 0.00079083 | 0.00161681 | 0.00000000 | 0.00000000 | 0.00000000 | 0.00273544 | 0.00473560 | 0.00305460 | 0.00118671 | 0.00000000 | 0.00000000 | 0.00273117 | 0.00305344 | 0.00000000 | 0.00000000 | 0.00000000 | 0.00000000 | 0.00082747 | 0.00000000 | 0.00160643 | 0.00111692 | 0.00139615
Load  26 | 0.00197628 | 0.00115429 | 0.00577590 | 0.00039002 | 0.00118530 | 0.00405754 | 0.00079208 | 0.00273973 | 0.00000000 | 0.00190913 | 0.00146574 | 0.00076864 | 0.00153905 | 0.00038820 | 0.00340522 | 0.00567537 | 0.00079968 | 0.00000000 | 0.00346154 | 0.00118203 | 0.00193329 | 0.00168418
Load  27 | 0.00728597 | 0.00332717 | 0.00366435 | 0.00111899 | 0.00151229 | 0.00399419 | 0.00184911 | 0.00671141 | 0.00520833 | 0.00186706 | 0.00217786 | 0.00188964 | 0.00183554 | 0.00187266 | 0.00511883 | 0.00635277 | 0.00075019 | 0.00832387 | 0.00111111 | 0.00141693 | 0.00336941 | 0.00227962
Load  28 | 0.01063830 | 0.00730194 | 0.00751342 | 0.00437637 | 0.00639659 | 0.00924280 | 0.01050344 | 0.00793925 | 0.00185322 | 0.00728863 | 0.00605198 | 0.00894775 | 0.00364033 | 0.00537249 | 0.01363160 | 0.00217865 | 0.00455342 | 0.01343706 | 0.00778485 | 0.00580552 | 0.00722288 | 0.00316166
Load  29 | 0.02162162 | 0.00724638 | 0.00661560 | 0.00485942 | 0.00246914 | 0.00627178 | 0.00349895 | 0.00632467 | 0.00589664 | 0.00898100 | 0.01281187 | 0.01575882 | 0.00757303 | 0.00867754 | 0.00708980 | 0.00455501 | 0.00790922 | 0.00898721 | 0.00660410 | 0.00932320 | 0.00815375 | 0.00424751
Load  30 | 0.01009443 | 0.01240778 | 0.01352265 | 0.01408923 | 0.02151940 | 0.01196172 | 0.01950413 | 0.01153973 | 0.01223140 | 0.01372213 | 0.01566667 | 0.01359867 | 0.01520159 | 0.00539447 | 0.00304878 | 0.01901902 | 0.01174439 | 0.00868984 | 0.01928833 | 0.01915966 | 0.01357020 | 0.00461525
Load  31 | 0.02593565 | 0.01730769 | 0.01500160 | 0.01376598 | 0.02664975 | 0.01033592 | 0.01810998 | 0.01338120 | 0.01846453 | 0.01758385 | 0.02568069 | 0.01673640 | 0.01870968 | 0.01283739 | 0.03502189 | 0.01232512 | 0.01076716 | 0.03155570 | 0.01410298 | 0.01586788 | 0.01850705 | 0.00673060
Load  32 | 0.01848950 | 0.02587003 | 0.03885028 | 0.02580645 | 0.02530864 | 0.01944895 | 0.02939356 | 0.02526965 | 0.02914390 | 0.02872307 | 0.02269900 | 0.02266462 | 0.01387575 | 0.01867680 | 0.01821036 | 0.03033146 | 0.02628362 | 0.01941748 | 0.01558948 | 0.01810540 | 0.02360790 | 0.00589955
Load  33 | 0.03962430 | 0.03356308 | 0.02086008 | 0.02795899 | 0.03798220 | 0.04760497 | 0.02776930 | 0.03902294 | 0.05730825 | 0.03045217 | 0.02586476 | 0.03154481 | 0.02891053 | 0.04126214 | 0.04677846 | 0.03995045 | 0.01905972 | 0.04091995 | 0.04068002 | 0.02532804 | 0.03512226 | 0.00942636
Load  34 | 0.04026245 | 0.03899083 | 0.03270477 | 0.04456328 | 0.02533937 | 0.04017725 | 0.03113772 | 0.02498477 | 0.05269220 | 0.05987851 | 0.04596346 | 0.03564004 | 0.03403374 | 0.06054217 | 0.03992849 | 0.05131195 | 0.05101449 | 0.03483180 | 0.04083458 | 0.06121281 | 0.04230223 | 0.01068447
Load  35 | 0.05720824 | 0.05850144 | 0.04289941 | 0.05107998 | 0.05119255 | 0.05325779 | 0.06319599 | 0.05239050 | 0.03887129 | 0.06501988 | 0.04519613 | 0.05315520 | 0.05469200 | 0.03891164 | 0.05836237 | 0.05647190 | 0.03472841 | 0.08020191 | 0.04690647 | 0.06493868 | 0.05335909 | 0.01039087
Load  36 | 0.06216445 | 0.06588824 | 0.06900299 | 0.05597327 | 0.06542568 | 0.06795595 | 0.05080367 | 0.08071625 | 0.06037531 | 0.05506118 | 0.05366676 | 0.05737705 | 0.08765265 | 0.06499587 | 0.06848937 | 0.05171924 | 0.06734750 | 0.06461453 | 0.06067416 | 0.06852008 | 0.06392121 | 0.00890420
Load  37 | 0.08064085 | 0.05906938 | 0.07573671 | 0.07150745 | 0.06479184 | 0.08212688 | 0.08671587 | 0.08386752 | 0.08961631 | 0.06967213 | 0.06910460 | 0.08408970 | 0.07408391 | 0.07544619 | 0.07601078 | 0.06768559 | 0.07652924 | 0.05525313 | 0.06926752 | 0.07593903 | 0.07435773 | 0.00866594
Load  38 | 0.07100750 | 0.10529032 | 0.06861431 | 0.09820011 | 0.08304862 | 0.11381074 | 0.08924365 | 0.11271602 | 0.08243350 | 0.09606873 | 0.07378336 | 0.07666143 | 0.10199790 | 0.11274890 | 0.08557845 | 0.10131817 | 0.09651405 | 0.09864554 | 0.08802083 | 0.09062003 | 0.09231611 | 0.01343362
Load  39 | 0.09008327 | 0.09681561 | 0.09147127 | 0.11677337 | 0.11574904 | 0.08844765 | 0.09252577 | 0.10954697 | 0.11689612 | 0.09780078 | 0.08506901 | 0.09175019 | 0.09647119 | 0.12842893 | 0.09011103 | 0.11935402 | 0.07726793 | 0.08681178 | 0.11452514 | 0.10474716 | 0.10053231 | 0.01375486
Load  40 | 0.13117964 | 0.11413043 | 0.10065590 | 0.08720627 | 0.10517024 | 0.10882957 | 0.10100756 | 0.10868474 | 0.09353612 | 0.11155779 | 0.13457304 | 0.13898388 | 0.12369380 | 0.09376623 | 0.10534312 | 0.13849187 | 0.08934618 | 0.10386713 | 0.11777833 | 0.09492552 | 0.11013637 | 0.01570553
Load  41 | 0.12445939 | 0.15689894 | 0.12463127 | 0.12076476 | 0.11787440 | 0.11485826 | 0.14145053 | 0.10624693 | 0.13100121 | 0.09237759 | 0.10361681 | 0.12569900 | 0.12287195 | 0.10827400 | 0.10995025 | 0.11774870 | 0.12548638 | 0.12016642 | 0.14907714 | 0.13378176 | 0.12236178 | 0.01495725
Load  42 | 0.10240233 | 0.14891612 | 0.14322794 | 0.14247830 | 0.14377072 | 0.15968707 | 0.14855769 | 0.12838159 | 0.14166269 | 0.18005415 | 0.14973137 | 0.15697400 | 0.14714424 | 0.17077668 | 0.12899351 | 0.14719235 | 0.15596544 | 0.11893736 | 0.12363291 | 0.14275466 | 0.14406206 | 0.01721147
Load  43 | 0.13611044 | 0.14747191 | 0.14354286 | 0.16225708 | 0.15467112 | 0.13361364 | 0.15997230 | 0.17459595 | 0.15602673 | 0.16504178 | 0.18971202 | 0.13230841 | 0.14040933 | 0.14926761 | 0.13685701 | 0.12773549 | 0.15930018 | 0.14765736 | 0.14088857 | 0.14755596 | 0.15024979 | 0.01496543
Load  44 | 0.17801402 | 0.16711651 | 0.19868421 | 0.14808044 | 0.16169437 | 0.19146037 | 0.16533455 | 0.17235107 | 0.16372682 | 0.15997292 | 0.17282810 | 0.16965705 | 0.15482234 | 0.16452501 | 0.13685920 | 0.20790496 | 0.17331254 | 0.18596807 | 0.15393545 | 0.17624434 | 0.17012462 | 0.01649055
Load  45 | 0.17457475 | 0.19522535 | 0.16625643 | 0.16927260 | 0.18078212 | 0.18404232 | 0.19964781 | 0.17151228 | 0.17577948 | 0.18541033 | 0.18580060 | 0.20165505 | 0.20127305 | 0.17241379 | 0.15728552 | 0.19749835 | 0.17790344 | 0.15782282 | 0.18232914 | 0.17808219 | 0.18072837 | 0.01307069
Load  46 | 0.18543926 | 0.20679887 | 0.17779743 | 0.18251702 | 0.20134083 | 0.18536036 | 0.19388195 | 0.20224235 | 0.18580786 | 0.18115002 | 0.19252622 | 0.19759563 | 0.19403959 | 0.19373777 | 0.17774343 | 0.21462570 | 0.17690254 | 0.18119921 | 0.18482789 | 0.21056007 | 0.19130470 | 0.01103248
Load  47 | 0.21413634 | 0.19961897 | 0.22917984 | 0.20820799 | 0.18935165 | 0.21695708 | 0.18400876 | 0.20351705 | 0.18476605 | 0.20051414 | 0.19455841 | 0.20751494 | 0.19250535 | 0.22210592 | 0.21193459 | 0.22960033 | 0.20453564 | 0.22437382 | 0.21269297 | 0.19780928 | 0.20639446 | 0.01347683
Load  48 | 0.22609060 | 0.22314392 | 0.21835245 | 0.21566569 | 0.21840263 | 0.21807179 | 0.20733788 | 0.22874871 | 0.23548786 | 0.24421009 | 0.26204199 | 0.21787251 | 0.22464672 | 0.21055980 | 0.22898729 | 0.22576662 | 0.21787479 | 0.21374207 | 0.20110427 | 0.20229008 | 0.22201989 | 0.01372440
Load  49 | 0.21930006 | 0.24092947 | 0.20140467 | 0.23257249 | 0.23937991 | 0.23226064 | 0.22222222 | 0.24413624 | 0.24507439 | 0.22169026 | 0.24817666 | 0.22656408 | 0.22395185 | 0.24888619 | 0.23138958 | 0.23868987 | 0.24360016 | 0.22660099 | 0.22367614 | 0.25691153 | 0.23337087 | 0.01275609
Load  50 | 0.25702247 | 0.22770668 | 0.24204731 | 0.22559202 | 0.22956486 | 0.25671881 | 0.23120000 | 0.23995103 | 0.24429178 | 0.25038911 | 0.26068633 | 0.26382399 | 0.26243706 | 0.25108481 | 0.24788677 | 0.24899275 | 0.21535928 | 0.23989329 | 0.26057030 | 0.24189978 | 0.24485592 | 0.01336427
Load  51 | 0.24595081 | 0.27299299 | 0.27544314 | 0.26288660 | 0.24377404 | 0.25917017 | 0.25379012 | 0.25858431 | 0.27619980 | 0.26404927 | 0.26380249 | 0.26430781 | 0.26921591 | 0.26302488 | 0.27347418 | 0.25306041 | 0.25839444 | 0.27524015 | 0.24023669 | 0.27058369 | 0.26220909 | 0.01047148
Load  52 | 0.27258776 | 0.29349245 | 0.27641491 | 0.29464620 | 0.28465769 | 0.26050584 | 0.28268823 | 0.26453098 | 0.25205158 | 0.27071291 | 0.29240987 | 0.27486712 | 0.27802346 | 0.28228399 | 0.25756400 | 0.28852459 | 0.28007700 | 0.28803132 | 0.25029516 | 0.29831461 | 0.27713398 | 0.01389873
Load  53 | 0.26695884 | 0.26878067 | 0.28603145 | 0.29262132 | 0.30641898 | 0.27651725 | 0.28837209 | 0.29025028 | 0.27443182 | 0.30001851 | 0.27635109 | 0.27589526 | 0.29424944 | 0.29246344 | 0.29797221 | 0.28442777 | 0.25953330 | 0.27541730 | 0.27544457 | 0.28927022 | 0.28357129 | 0.01189804
Load  54 | 0.31671283 | 0.31657459 | 0.30988489 | 0.27847129 | 0.29257164 | 0.29109020 | 0.27080630 | 0.32100779 | 0.28162111 | 0.27439486 | 0.30196655 | 0.28571429 | 0.28184384 | 0.30087021 | 0.29218955 | 0.28042035 | 0.30664458 | 0.27910448 | 0.29258369 | 0.27551976 | 0.29249964 | 0.01504904
Load  55 | 0.31581779 | 0.30343958 | 0.31182408 | 0.28661127 | 0.30891487 | 0.30569575 | 0.31702963 | 0.30102790 | 0.27206432 | 0.30010854 | 0.31280565 | 0.30956679 | 0.28610805 | 0.29874214 | 0.28674166 | 0.29855072 | 0.29626960 | 0.31796819 | 0.29197861 | 0.27799443 | 0.29996298 | 0.01280193
Load  56 | 0.30505479 | 0.32360183 | 0.30147976 | 0.31452900 | 0.33984105 | 0.29519825 | 0.32630647 | 0.31636815 | 0.30941623 | 0.32209406 | 0.32485630 | 0.30527060 | 0.29521229 | 0.30488681 | 0.30334842 | 0.31239993 | 0.30617775 | 0.30460491 | 0.32183908 | 0.31376773 | 0.31231267 | 0.01116741
Load  57 | 0.31458481 | 0.32927484 | 0.32696649 | 0.33693046 | 0.31514831 | 0.30891549 | 0.32926172 | 0.32233725 | 0.31349554 | 0.30793877 | 0.31324444 | 0.34396433 | 0.31221876 | 0.31564098 | 0.31040627 | 0.31298258 | 0.34268678 | 0.30814895 | 0.30948185 | 0.31228761 | 0.31929581 | 0.01125175
Load  58 | 0.33189506 | 0.34549836 | 0.34490424 | 0.33024533 | 0.34952298 | 0.33975241 | 0.33897719 | 0.35081191 | 0.34036760 | 0.32653420 | 0.33880062 | 0.33849520 | 0.34907598 | 0.34109589 | 0.34260988 | 0.33715165 | 0.33473906 | 0.33148885 | 0.32240437 | 0.33529006 | 0.33848304 | 0.00739381
Load  59 | 0.35301023 | 0.33759155 | 0.35294118 | 0.34320945 | 0.32886724 | 0.34279364 | 0.34713701 | 0.34832215 | 0.32748936 | 0.35583850 | 0.34464708 | 0.33046768 | 0.33990818 | 0.35520709 | 0.36103200 | 0.34584947 | 0.35637846 | 0.33578515 | 0.33487022 | 0.33631362 | 0.34388296 | 0.00963539
Load  60 | 0.37567612 | 0.35002487 | 0.36339434 | 0.36892091 | 0.37160270 | 0.35290148 | 0.35328058 | 0.37448150 | 0.36948927 | 0.36300920 | 0.33580247 | 0.36161011 | 0.35271383 | 0.35531561 | 0.36233333 | 0.33739013 | 0.34707962 | 0.35193277 | 0.35516455 | 0.36161450 | 0.35818690 | 0.01083369
Load  61 | 0.37489692 | 0.37438098 | 0.37390875 | 0.37082369 | 0.34950972 | 0.36032727 | 0.34143460 | 0.38036810 | 0.34958941 | 0.36765655 | 0.37872892 | 0.36278071 | 0.35304748 | 0.37463223 | 0.35647059 | 0.35311524 | 0.37580645 | 0.36674857 | 0.34287149 | 0.36465731 | 0.36358775 | 0.01185296
Load  62 | 0.36861668 | 0.38283724 | 0.37232502 | 0.38789809 | 0.36431760 | 0.38039787 | 0.36918371 | 0.35563612 | 0.38923897 | 0.37706231 | 0.38825215 | 0.38071146 | 0.38233387 | 0.39866050 | 0.38837580 | 0.38507415 | 0.37220884 | 0.38278741 | 0.38611469 | 0.38214740 | 0.37970899 | 0.00984006
Load  63 | 0.39830375 | 0.37961451 | 0.38171355 | 0.38861660 | 0.38007554 | 0.40585321 | 0.39088000 | 0.37953368 | 0.38069620 | 0.38797728 | 0.37428481 | 0.38302245 | 0.36616980 | 0.40344288 | 0.39107199 | 0.37461896 | 0.38631312 | 0.38363893 | 0.39350465 | 0.39558847 | 0.38624602 | 0.00973620
Load  64 | 0.40364141 | 0.38936372 | 0.40686048 | 0.38908696 | 0.40489642 | 0.39113027 | 0.40750463 | 0.40096169 | 0.37760822 | 0.39574930 | 0.39699129 | 0.39204277 | 0.35694910 | 0.39482813 | 0.37774617 | 0.40911211 | 0.39604582 | 0.40553846 | 0.39933890 | 0.38728145 | 0.39413387 | 0.01229419
Load  65 | 0.40757204 | 0.39446737 | 0.39725181 | 0.40422905 | 0.39802582 | 0.41107433 | 0.40043157 | 0.39634052 | 0.39835250 | 0.39722179 | 0.40705419 | 0.41724085 | 0.40694296 | 0.39178125 | 0.40386681 | 0.41016585 | 0.38814266 | 0.40774174 | 0.41176471 | 0.40301003 | 0.40263389 | 0.00726031
Load  66 | 0.39324283 | 0.41571494 | 0.41715225 | 0.42365428 | 0.41387489 | 0.39565614 | 0.41466439 | 0.41240986 | 0.40174265 | 0.42213798 | 0.42861496 | 0.40238984 | 0.42392955 | 0.41772911 | 0.40902852 | 0.42544968 | 0.40634873 | 0.43275733 | 0.42374376 | 0.41946768 | 0.41498547 | 0.01054845
Load  67 | 0.40042502 | 0.42278748 | 0.43031892 | 0.41322065 | 0.42545990 | 0.42120809 | 0.40211961 | 0.42247426 | 0.42144788 | 0.40730211 | 0.41376690 | 0.41912422 | 0.44182274 | 0.42043427 | 0.41826061 | 0.41252955 | 0.42791728 | 0.41843014 | 0.40696458 | 0.39460448 | 0.41703093 | 0.01082218
Load  68 | 0.44277324 | 0.44176115 | 0.41505216 | 0.42796548 | 0.42915992 | 0.42577154 | 0.41947898 | 0.42198219 | 0.42522814 | 0.42014958 | 0.42570634 | 0.43186124 | 0.43289280 | 0.43427332 | 0.43934715 | 0.42296252 | 0.41180878 | 0.42259414 | 0.40708358 | 0.42211954 | 0.42599859 | 0.00916693
Load  69 | 0.41824441 | 0.44733475 | 0.42599017 | 0.44542944 | 0.43963292 | 0.45280046 | 0.42328042 | 0.44291310 | 0.43609023 | 0.43672706 | 0.43707060 | 0.43574268 | 0.44241290 | 0.43188988 | 0.44348824 | 0.43269651 | 0.43951149 | 0.43608056 | 0.43342037 | 0.43099695 | 0.43658766 | 0.00806768
Load  70 | 0.43844952 | 0.46173220 | 0.43118202 | 0.44303249 | 0.43861875 | 0.43691256 | 0.43403331 | 0.44520052 | 0.43218161 | 0.42888087 | 0.44891381 | 0.44829537 | 0.44110628 | 0.44472825 | 0.44757722 | 0.43675349 | 0.43998273 | 0.45616246 | 0.45445445 | 0.43261592 | 0.44204069 | 0.00866513
Load  71 | 0.46446845 | 0.45605307 | 0.44997841 | 0.44395448 | 0.44396006 | 0.45140239 | 0.43818953 | 0.44828074 | 0.44039271 | 0.43773314 | 0.45640153 | 0.44616250 | 0.46161431 | 0.45705137 | 0.45180467 | 0.45927185 | 0.43444056 | 0.45576896 | 0.45487265 | 0.45502122 | 0.45034113 | 0.00823936
Load  72 | 0.45689537 | 0.44307736 | 0.45624740 | 0.45465670 | 0.44428950 | 0.45252019 | 0.46364769 | 0.46768166 | 0.45541667 | 0.44662882 | 0.45662228 | 0.46062612 | 0.46352876 | 0.44767855 | 0.46527104 | 0.45737074 | 0.46564460 | 0.46866485 | 0.45953514 | 0.44785795 | 0.45669307 | 0.00761631
Load  73 | 0.46749141 | 0.47162879 | 0.45278851 | 0.46829991 | 0.44883527 | 0.47321669 | 0.46602751 | 0.45976536 | 0.46068188 | 0.46979224 | 0.44524536 | 0.45114345 | 0.45846535 | 0.45957980 | 0.48472615 | 0.47487778 | 0.46218946 | 0.45837321 | 0.44702307 | 0.46034364 | 0.46202474 | 0.00992392
Load  74 | 0.47320472 | 0.47487910 | 0.48566858 | 0.48868657 | 0.46147392 | 0.48374916 | 0.46073729 | 0.47311683 | 0.48363295 | 0.48000535 | 0.48092438 | 0.46390629 | 0.48374093 | 0.46822607 | 0.47690236 | 0.48321148 | 0.48049008 | 0.45561162 | 0.45406969 | 0.46112857 | 0.47366830 | 0.01054281
Load  75 | 0.48156066 | 0.46735669 | 0.47743658 | 0.46907707 | 0.46752194 | 0.45391328 | 0.46333558 | 0.49061876 | 0.47688629 | 0.46124865 | 0.50057908 | 0.49491749 | 0.49181830 | 0.47622273 | 0.45710817 | 0.46900632 | 0.47723621 | 0.46547315 | 0.48569908 | 0.47387961 | 0.47504478 | 0.01248709
Load  76 | 0.48038958 | 0.47765326 | 0.50051230 | 0.49037211 | 0.47577855 | 0.49785964 | 0.47958377 | 0.48476527 | 0.49252192 | 0.48785371 | 0.48961578 | 0.48165557 | 0.46905108 | 0.48484449 | 0.48786534 | 0.47034464 | 0.49085887 | 0.47372633 | 0.50381877 | 0.49088025 | 0.48549756 | 0.00933892
Load  77 | 0.49598133 | 0.47937672 | 0.48823837 | 0.50242967 | 0.48994253 | 0.49149437 | 0.48999084 | 0.48439744 | 0.49588612 | 0.49869178 | 0.48638838 | 0.49841028 | 0.49416191 | 0.50495050 | 0.49948213 | 0.49744798 | 0.49227799 | 0.49386701 | 0.50614728 | 0.47019695 | 0.49298798 | 0.00840989
Load  78 | 0.48863782 | 0.50063873 | 0.48838403 | 0.49775093 | 0.47827215 | 0.49630291 | 0.49692465 | 0.50152517 | 0.49478832 | 0.51199286 | 0.49532710 | 0.47005871 | 0.48951592 | 0.49517809 | 0.47282609 | 0.50354793 | 0.50102669 | 0.50562804 | 0.49574603 | 0.52187067 | 0.49529714 | 0.01188980
Load  79 | 0.50095408 | 0.50606023 | 0.48838095 | 0.50361506 | 0.50776748 | 0.50589428 | 0.49534261 | 0.49547713 | 0.50006336 | 0.50500063 | 0.49637081 | 0.49594218 | 0.49987274 | 0.50256218 | 0.49942944 | 0.48455845 | 0.50906096 | 0.52276664 | 0.49872806 | 0.48398438 | 0.50009158 | 0.00860610
Load  80 | 0.50463134 | 0.51418969 | 0.51030091 | 0.50520569 | 0.50818840 | 0.51546135 | 0.50686139 | 0.49219733 | 0.50818852 | 0.52577574 | 0.51216800 | 0.50068179 | 0.50012472 | 0.50012665 | 0.51889991 | 0.49231932 | 0.49449855 | 0.51487012 | 0.51018896 | 0.51907442 | 0.50769764 | 0.00894491
Load  81 | 0.51300149 | 0.52029520 | 0.50556680 | 0.51260504 | 0.50190307 | 0.51855922 | 0.51578817 | 0.50789539 | 0.50995724 | 0.52291105 | 0.50726064 | 0.49949812 | 0.52033317 | 0.51450771 | 0.51684977 | 0.51040239 | 0.52472561 | 0.51682900 | 0.51803805 | 0.50290551 | 0.51299163 | 0.00698671
Load  82 | 0.52138493 | 0.51880878 | 0.52257587 | 0.52354941 | 0.51951807 | 0.51503714 | 0.50855443 | 0.51867373 | 0.51577268 | 0.53802281 | 0.50254943 | 0.52533107 | 0.51529613 | 0.52572543 | 0.51458789 | 0.53043584 | 0.51235483 | 0.51945834 | 0.51316939 | 0.52145455 | 0.51911304 | 0.00755219
Load  83 | 0.51733398 | 0.53805712 | 0.52017776 | 0.51589892 | 0.53112282 | 0.53736108 | 0.51525793 | 0.51436606 | 0.51547531 | 0.51325505 | 0.51751631 | 0.52821911 | 0.50995775 | 0.52673700 | 0.52941176 | 0.53099698 | 0.54042914 | 0.49676000 | 0.51427539 | 0.51995192 | 0.52162807 | 0.01063489
Load  84 | 0.52405002 | 0.52135618 | 0.52274360 | 0.52250630 | 0.52847542 | 0.53264892 | 0.54082613 | 0.53342850 | 0.52200957 | 0.53133483 | 0.53030483 | 0.53950500 | 0.52972973 | 0.53037355 | 0.52238263 | 0.52754771 | 0.51547633 | 0.51669894 | 0.53639484 | 0.53614386 | 0.52819684 | 0.00699648
Load  85 | 0.54935125 | 0.53653102 | 0.51688989 | 0.52825123 | 0.54277180 | 0.54566911 | 0.53132360 | 0.53202320 | 0.54513768 | 0.52795699 | 0.54264844 | 0.52500900 | 0.53944316 | 0.54156881 | 0.54742579 | 0.54298266 | 0.53508670 | 0.53231211 | 0.53449917 | 0.55019708 | 0.53735393 | 0.00865377
Load  86 | 0.54308924 | 0.54129725 | 0.53491374 | 0.54496196 | 0.53514209 | 0.53626374 | 0.54208872 | 0.53779748 | 0.54939982 | 0.54202899 | 0.54465951 | 0.54932503 | 0.54835391 | 0.54910049 | 0.55130116 | 0.54095683 | 0.54000705 | 0.55606618 | 0.53195973 | 0.54129930 | 0.54300061 | 0.00606322
Load  87 | 0.55053590 | 0.54879449 | 0.54214515 | 0.56898479 | 0.53886784 | 0.53725262 | 0.54746618 | 0.54381683 | 0.54526266 | 0.54066543 | 0.54107713 | 0.53430742 | 0.56585915 | 0.54537132 | 0.53182031 | 0.54287035 | 0.54820937 | 0.55861298 | 0.55429234 | 0.53448674 | 0.54603495 | 0.00966100
Load  88 | 0.54883191 | 0.55230030 | 0.55350638 | 0.55029721 | 0.55848153 | 0.55264656 | 0.57078702 | 0.55983681 | 0.54671241 | 0.55139001 | 0.55842530 | 0.55780705 | 0.55199454 | 0.55353307 | 0.53708203 | 0.55827402 | 0.54087541 | 0.54490333 | 0.55361682 | 0.55744199 | 0.55293718 | 0.00717102
Load  89 | 0.55440473 | 0.55409617 | 0.54980713 | 0.54249548 | 0.55033180 | 0.55025324 | 0.55540541 | 0.56618873 | 0.55832108 | 0.56574992 | 0.55006125 | 0.54818131 | 0.56453774 | 0.54158076 | 0.54076025 | 0.55153203 | 0.54033836 | 0.57184325 | 0.54754429 | 0.54060142 | 0.55220172 | 0.00906215
Load  90 | 0.57762283 | 0.55999555 | 0.55992844 | 0.56054945 | 0.56358605 | 0.55483014 | 0.55449288 | 0.56511576 | 0.55460770 | 0.55992923 | 0.55758380 | 0.55726970 | 0.57422692 | 0.56271261 | 0.55206928 | 0.57321350 | 0.57797962 | 0.57534696 | 0.55582605 | 0.56268542 | 0.56297860 | 0.00807025
Load  91 | 0.56304181 | 0.57188080 | 0.56284932 | 0.56330919 | 0.56305546 | 0.58183990 | 0.57262267 | 0.55145326 | 0.57801036 | 0.55035492 | 0.55983245 | 0.56155793 | 0.56899377 | 0.57896476 | 0.57449136 | 0.55301686 | 0.56952485 | 0.57141318 | 0.57175374 | 0.56576063 | 0.56668636 | 0.00867615
Load  92 | 0.56265678 | 0.56192257 | 0.58451078 | 0.56754120 | 0.56698123 | 0.57913081 | 0.55954073 | 0.56442054 | 0.57113017 | 0.56776316 | 0.56921745 | 0.56618368 | 0.56495138 | 0.57885559 | 0.57721220 | 0.57531878 | 0.56775523 | 0.56491037 | 0.56842331 | 0.58440591 | 0.57014159 | 0.00712397
Load  93 | 0.58231145 | 0.56817446 | 0.54697583 | 0.57977162 | 0.57271654 | 0.56729205 | 0.57210453 | 0.57448451 | 0.58250983 | 0.57206443 | 0.57407009 | 0.57809030 | 0.58630483 | 0.57003745 | 0.57677982 | 0.57080610 | 0.57010254 | 0.57272629 | 0.57415345 | 0.57443366 | 0.57329549 | 0.00775288
Load  94 | 0.57538660 | 0.57958276 | 0.58093389 | 0.56480277 | 0.57797971 | 0.57370981 | 0.57939045 | 0.58632589 | 0.56069490 | 0.56536834 | 0.58564124 | 0.57078604 | 0.59075071 | 0.57821020 | 0.58120934 | 0.57179296 | 0.57633301 | 0.58812281 | 0.59303305 | 0.56367521 | 0.57718649 | 0.00890473
Load  95 | 0.58846836 | 0.59416196 | 0.56919666 | 0.58439805 | 0.59080894 | 0.57027429 | 0.58994379 | 0.58822912 | 0.55870402 | 0.57492644 | 0.60794580 | 0.57791936 | 0.59018456 | 0.58515967 | 0.59619877 | 0.58003786 | 0.58173785 | 0.57481810 | 0.57998298 | 0.59063901 | 0.58368678 | 0.01075841
Load  96 | 0.58127041 | 0.57555931 | 0.58338462 | 0.58123264 | 0.58144867 | 0.59132064 | 0.57624227 | 0.58136580 | 0.58650966 | 0.58379800 | 0.58089401 | 0.58929310 | 0.56740314 | 0.58795861 | 0.58447774 | 0.59596168 | 0.59514003 | 0.58213985 | 0.59452453 | 0.59410716 | 0.58470159 | 0.00715203
Load  97 | 0.57766434 | 0.59564365 | 0.59269283 | 0.58318612 | 0.59499537 | 0.58543128 | 0.58585962 | 0.60129310 | 0.59064085 | 0.59025141 | 0.58458022 | 0.59419844 | 0.58946403 | 0.59934453 | 0.60598681 | 0.58943005 | 0.60210071 | 0.58141233 | 0.58456452 | 0.57643479 | 0.59025875 | 0.00791070
Load  98 | 0.59519655 | 0.60079051 | 0.61400504 | 0.59350755 | 0.60369815 | 0.60039107 | 0.59779670 | 0.59113859 | 0.60396641 | 0.59936683 | 0.60627178 | 0.59553299 | 0.59633863 | 0.60464396 | 0.59499900 | 0.59975792 | 0.59940225 | 0.59536799 | 0.58648759 | 0.59537046 | 0.59870150 | 0.00585991
Load  99 | 0.59820701 | 0.60853099 | 0.61080918 | 0.58923311 | 0.61679945 | 0.59432337 | 0.60042605 | 0.59093674 | 0.60046968 | 0.60049975 | 0.58977238 | 0.60508200 | 0.59200820 | 0.60585336 | 0.59499546 | 0.60092388 | 0.58924709 | 0.60546875 | 0.59571853 | 0.59139457 | 0.59903498 | 0.00768033
Load 100 | 0.59666231 | 0.60693467 | 0.59254783 | 0.60968605 | 0.60103421 | 0.61194624 | 0.61625822 | 0.60969697 | 0.60964261 | 0.59199112 | 0.60963472 | 0.59931020 | 0.60655245 | 0.60211268 | 0.59614032 | 0.60202243 | 0.59653515 | 0.58762163 | 0.61239295 | 0.59818365 | 0.60284532 | 0.00770628
Load 101 | 0.60473235 | 0.60352336 | 0.60116829 | 0.61895341 | 0.61538462 | 0.60361530 | 0.60206065 | 0.58786232 | 0.60643321 | 0.60320781 | 0.60856484 | 0.60083574 | 0.62225872 | 0.60073079 | 0.59645454 | 0.59318113 | 0.59787422 | 0.61755455 | 0.60732776 | 0.61143141 | 0.60515775 | 0.00849271
Load 102 | 0.60865309 | 0.62479593 | 0.61153101 | 0.61561916 | 0.62062937 | 0.60798964 | 0.61498003 | 0.62024087 | 0.61119425 | 0.60415849 | 0.61438749 | 0.62137977 | 0.61460685 | 0.61528798 | 0.60205765 | 0.61227865 | 0.60095437 | 0.61635833 | 0.61914998 | 0.61100119 | 0.61336271 | 0.00626072
Load 103 | 0.61743481 | 0.60811606 | 0.62524197 | 0.60769081 | 0.61883279 | 0.60283899 | 0.61370022 | 0.61560132 | 0.61806091 | 0.60783929 | 0.62444229 | 0.62088547 | 0.61790247 | 0.61203499 | 0.61637348 | 0.61525880 | 0.62431523 | 0.61792225 | 0.60976078 | 0.61232624 | 0.61532896 | 0.00594822
Load 104 | 0.62540561 | 0.61661403 | 0.61804425 | 0.62342938 | 0.61635702 | 0.61652563 | 0.61839058 | 0.60105140 | 0.62005731 | 0.62072937 | 0.61495471 | 0.63365592 | 0.61263014 | 0.61629486 | 0.61495077 | 0.61875598 | 0.61671277 | 0.60834310 | 0.62396215 | 0.62160606 | 0.61792355 | 0.00644029
Load 105 | 0.62625586 | 0.61271170 | 0.62647224 | 0.63115223 | 0.60991767 | 0.61981612 | 0.63053580 | 0.61386615 | 0.61663979 | 0.61783013 | 0.61315356 | 0.61754554 | 0.61681975 | 0.62422032 | 0.62578377 | 0.62174783 | 0.62692674 | 0.63031511 | 0.63096022 | 0.62520240 | 0.62189365 | 0.00660309
Load 106 | 0.61610789 | 0.62238100 | 0.61830973 | 0.63018226 | 0.63320719 | 0.62742513 | 0.62548335 | 0.62535021 | 0.62796634 | 0.60810682 | 0.63420074 | 0.62127023 | 0.61739873 | 0.62345216 | 0.62555650 | 0.62216124 | 0.62355194 | 0.63343272 | 0.61842596 | 0.61997200 | 0.62369711 | 0.00632528
Load 107 | 0.61896226 | 0.63147114 | 0.63363142 | 0.63053591 | 0.62441403 | 0.63069187 | 0.62316400 | 0.63127253 | 0.63355754 | 0.62505805 | 0.64495084 | 0.63288435 | 0.62218848 | 0.60908491 | 0.62910622 | 0.63061798 | 0.62403611 | 0.62424073 | 0.62333365 | 0.62775640 | 0.62754792 | 0.00701437
Load 108 | 0.62235229 | 0.63822653 | 0.63121281 | 0.63173041 | 0.63139837 | 0.63674186 | 0.63279510 | 0.64392618 | 0.63025288 | 0.63059527 | 0.62695636 | 0.63780919 | 0.63062895 | 0.62826208 | 0.62540446 | 0.63290323 | 0.64329185 | 0.63332720 | 0.62940575 | 0.62565445 | 0.63214376 | 0.00547030
Load 109 | 0.63730664 | 0.63106533 | 0.62263279 | 0.63010275 | 0.62615624 | 0.64998160 | 0.62729390 | 0.63906641 | 0.64176334 | 0.62723091 | 0.64042689 | 0.63469985 | 0.64142599 | 0.63415306 | 0.62596485 | 0.63705915 | 0.63373819 | 0.62385578 | 0.62639658 | 0.63492063 | 0.63326204 | 0.00699729
Load 110 | 0.63309547 | 0.63413966 | 0.64428858 | 0.64127764 | 0.64523660 | 0.64198765 | 0.63715372 | 0.64431673 | 0.63897240 | 0.64669028 | 0.64437607 | 0.63224273 | 0.63271240 | 0.63703371 | 0.63791053 | 0.64071200 | 0.64219031 | 0.64822747 | 0.64039141 | 0.63607393 | 0.63995146 | 0.00469084
Load 111 | 0.65006717 | 0.63665739 | 0.63825913 | 0.63516085 | 0.64421090 | 0.64521911 | 0.63068338 | 0.64116854 | 0.64678899 | 0.64291483 | 0.64731742 | 0.64866804 | 0.64092699 | 0.63239192 | 0.64188577 | 0.64312268 | 0.65313422 | 0.63620736 | 0.64882791 | 0.64318949 | 0.64234011 | 0.00588598
Load 112 | 0.63964931 | 0.64460023 | 0.64574270 | 0.64333393 | 0.64621003 | 0.64652354 | 0.64659101 | 0.64685532 | 0.63125675 | 0.64104404 | 0.65073301 | 0.64041831 | 0.63314728 | 0.63979737 | 0.65027027 | 0.64851882 | 0.64593514 | 0.65055298 | 0.64533853 | 0.64281948 | 0.64396690 | 0.00511472
Load 113 | 0.64720258 | 0.64599025 | 0.65060561 | 0.64651286 | 0.65152590 | 0.63182834 | 0.64945268 | 0.64312534 | 0.63256366 | 0.63323220 | 0.64951370 | 0.65296885 | 0.64386264 | 0.65354959 | 0.64841549 | 0.64053333 | 0.65880829 | 0.64074925 | 0.64940378 | 0.64825581 | 0.64590501 | 0.00701548
Load 114 | 0.65567701 | 0.63690685 | 0.64888695 | 0.65080597 | 0.64779655 | 0.65723982 | 0.65586582 | 0.64693002 | 0.65474108 | 0.65183804 | 0.65438307 | 0.65514810 | 0.66634573 | 0.64784781 | 0.65259034 | 0.65273813 | 0.65317714 | 0.64922669 | 0.64924455 | 0.65608558 | 0.65217376 | 0.00555893
Load 115 | 0.64415472 | 0.66359487 | 0.66577701 | 0.64674243 | 0.65635531 | 0.64936753 | 0.65096078 | 0.65348676 | 0.65808063 | 0.64327950 | 0.65343180 | 0.64761318 | 0.64867898 | 0.65223018 | 0.65305594 | 0.65129232 | 0.66700793 | 0.66380126 | 0.65798385 | 0.66007769 | 0.65434863 | 0.00687343
Load 116 | 0.65454702 | 0.66865948 | 0.65520170 | 0.65389263 | 0.66364253 | 0.65850936 | 0.65583520 | 0.66095566 | 0.64804083 | 0.66123639 | 0.66105665 | 0.64916594 | 0.66148532 | 0.64751057 | 0.65633999 | 0.66110070 | 0.66294038 | 0.64883414 | 0.66058798 | 0.65788573 | 0.65737141 | 0.00563288
Load 117 | 0.65167670 | 0.65703603 | 0.65864444 | 0.66373570 | 0.65994065 | 0.65880946 | 0.65070691 | 0.66527304 | 0.67484872 | 0.65682910 | 0.66878762 | 0.66151855 | 0.65578104 | 0.66093263 | 0.66197183 | 0.66218516 | 0.66458210 | 0.66457946 | 0.66624074 | 0.66004564 | 0.66120628 | 0.00547109
Load 118 | 0.66582150 | 0.66023232 | 0.66185829 | 0.67215719 | 0.66354272 | 0.66317833 | 0.66440972 | 0.65706762 | 0.67009433 | 0.66817213 | 0.65766150 | 0.64693611 | 0.66649827 | 0.66120625 | 0.65690484 | 0.66554509 | 0.66844017 | 0.67548382 | 0.66529134 | 0.65740741 | 0.66339545 | 0.00624435
Load 119 | 0.67149479 | 0.66297966 | 0.66705972 | 0.66526387 | 0.66373720 | 0.66820741 | 0.66061323 | 0.66181230 | 0.66074300 | 0.66705932 | 0.66789823 | 0.66942288 | 0.66992253 | 0.66470638 | 0.66748518 | 0.66079183 | 0.66608333 | 0.65558759 | 0.66777852 | 0.66422263 | 0.66514348 | 0.00379520
Load 120 | 0.67222914 | 0.66761056 | 0.65676511 | 0.65879956 | 0.66248641 | 0.66742119 | 0.67846851 | 0.67053246 | 0.66649857 | 0.66003708 | 0.67138131 | 0.66815954 | 0.66549473 | 0.67028562 | 0.65876817 | 0.67000417 | 0.66933158 | 0.67131540 | 0.65863285 | 0.66661046 | 0.66654162 | 0.00553811
Load 121 | 0.66779605 | 0.66490876 | 0.67330938 | 0.66050997 | 0.68071603 | 0.66427984 | 0.66491841 | 0.67224684 | 0.66912374 | 0.67869472 | 0.67095347 | 0.66118994 | 0.65742210 | 0.65582319 | 0.67649001 | 0.67503951 | 0.67802288 | 0.67118308 | 0.66719230 | 0.67695100 | 0.66933856 | 0.00708881
Load 122 | 0.67224880 | 0.67117044 | 0.67585583 | 0.67740883 | 0.67362429 | 0.67645869 | 0.67895247 | 0.67990095 | 0.68173524 | 0.67054611 | 0.66521489 | 0.66830226 | 0.67235551 | 0.68007819 | 0.67349771 | 0.66716049 | 0.67418099 | 0.68610523 | 0.66920719 | 0.66650262 | 0.67402534 | 0.00541062
Load 123 | 0.68036121 | 0.67277187 | 0.67859176 | 0.67958867 | 0.67634957 | 0.67690438 | 0.67458586 | 0.67832687 | 0.67106683 | 0.68445247 | 0.68106258 | 0.67974704 | 0.67121408 | 0.67776778 | 0.68492596 | 0.67359908 | 0.66836149 | 0.67643962 | 0.67924986 | 0.67710197 | 0.67712345 | 0.00417961
Load 124 | 0.68412596 | 0.67449503 | 0.67456897 | 0.67696403 | 0.67306583 | 0.68290709 | 0.67663898 | 0.66213042 | 0.67887776 | 0.67306129 | 0.67872358 | 0.67375193 | 0.67812627 | 0.68375451 | 0.67560171 | 0.68083219 | 0.67992287 | 0.67685342 | 0.67638224 | 0.68957154 | 0.67751778 | 0.00544193
Load 125 | 0.67489219 | 0.68231847 | 0.68052114 | 0.67922246 | 0.68211868 | 0.68233323 | 0.68518519 | 0.68120264 | 0.67822380 | 0.68068100 | 0.68358782 | 0.67070626 | 0.68346709 | 0.69390647 | 0.67782966 | 0.67866055 | 0.68190792 | 0.67384119 | 0.67200829 | 0.67818138 | 0.68003977 | 0.00497042
Load 126 | 0.68338109 | 0.67109978 | 0.68702707 | 0.69404149 | 0.67885076 | 0.67969441 | 0.67732674 | 0.68325321 | 0.68491638 | 0.67826365 | 0.68230788 | 0.69013973 | 0.67728187 | 0.68267717 | 0.68728000 | 0.67464190 | 0.68425703 | 0.68413078 | 0.68140183 | 0.68234264 | 0.68221577 | 0.00515930
Load 127 | 0.68676678 | 0.68655671 | 0.68864033 | 0.69023810 | 0.68679185 | 0.68920841 | 0.69541967 | 0.68372642 | 0.68808504 | 0.66846661 | 0.68551658 | 0.68232327 | 0.68041726 | 0.69002291 | 0.68700973 | 0.67744241 | 0.68536372 | 0.68421053 | 0.68039278 | 0.68097000 | 0.68487845 | 0.00553608
Load 128 | 0.68689527 | 0.69815561 | 0.68871232 | 0.69127726 | 0.69153414 | 0.68934010 | 0.69123460 | 0.68805466 | 0.68970935 | 0.69055349 | 0.67839749 | 0.68573224 | 0.68562413 | 0.68631268 | 0.68742079 | 0.69966133 | 0.68384149 | 0.69089642 | 0.68866549 | 0.69460426 | 0.68933116 | 0.00461663
Load 129 | 0.68081296 | 0.69425094 | 0.67568840 | 0.69235474 | 0.69538485 | 0.68835429 | 0.69122318 | 0.68902582 | 0.70043709 | 0.68934911 | 0.69721329 | 0.68703589 | 0.68509097 | 0.69230769 | 0.69928310 | 0.68544194 | 0.67929115 | 0.68726474 | 0.69216447 | 0.69101211 | 0.68964934 | 0.00624079
Load 130 | 0.69198831 | 0.69427620 | 0.68974659 | 0.70037908 | 0.69453743 | 0.68596069 | 0.69447825 | 0.69688056 | 0.68635422 | 0.68271889 | 0.69930822 | 0.68994392 | 0.69511913 | 0.69155267 | 0.69244562 | 0.70001531 | 0.69041673 | 0.69713580 | 0.69680688 | 0.69131783 | 0.69306912 | 0.00465274
Load 131 | 0.70215706 | 0.69413933 | 0.69410225 | 0.69472333 | 0.69627176 | 0.69599330 | 0.70263952 | 0.69154115 | 0.69730102 | 0.70565096 | 0.70652257 | 0.69032702 | 0.69331318 | 0.69507748 | 0.69116853 | 0.69846409 | 0.69403893 | 0.69058987 | 0.68867063 | 0.69482680 | 0.69587594 | 0.00486709
Load 132 | 0.70104656 | 0.69857121 | 0.70143258 | 0.69492167 | 0.69737640 | 0.69350153 | 0.70242028 | 0.70068129 | 0.70296063 | 0.69664130 | 0.69658928 | 0.70090498 | 0.69700443 | 0.69419217 | 0.69873998 | 0.69194057 | 0.69256323 | 0.70319254 | 0.69227238 | 0.69806157 | 0.69775073 | 0.00357733
Load 133 | 0.70489953 | 0.70288316 | 0.70401251 | 0.69935970 | 0.70544963 | 0.69350336 | 0.69637610 | 0.69938696 | 0.70509061 | 0.70329752 | 0.69738228 | 0.68984848 | 0.70538922 | 0.69225574 | 0.69848870 | 0.70044284 | 0.70014391 | 0.69706716 | 0.70122090 | 0.69390676 | 0.69952025 | 0.00455560
Load 134 | 0.69742299 | 0.69950004 | 0.69483004 | 0.70332669 | 0.69668964 | 0.70169567 | 0.71288371 | 0.69971523 | 0.70329917 | 0.70406432 | 0.69534481 | 0.70347678 | 0.70245536 | 0.69373904 | 0.70332538 | 0.70893095 | 0.71033197 | 0.70781099 | 0.70079435 | 0.70511111 | 0.70223741 | 0.00508034
Load 135 | 0.70591694 | 0.70161470 | 0.70445135 | 0.70800088 | 0.70302850 | 0.69808106 | 0.71081041 | 0.70649483 | 0.70419003 | 0.70880261 | 0.71344219 | 0.70887757 | 0.71042471 | 0.71030455 | 0.69992620 | 0.71010600 | 0.70516205 | 0.69990391 | 0.71687231 | 0.70682731 | 0.70666191 | 0.00466483
Load 136 | 0.70237832 | 0.71929952 | 0.70522361 | 0.70567872 | 0.70543939 | 0.70112310 | 0.70729227 | 0.71044165 | 0.70834891 | 0.70442835 | 0.71159557 | 0.70455870 | 0.70968455 | 0.70817063 | 0.70909357 | 0.69736938 | 0.70144521 | 0.70865328 | 0.70808416 | 0.70257020 | 0.70654395 | 0.00457106
Load 137 | 0.70476542 | 0.71000805 | 0.71168382 | 0.71013747 | 0.70325990 | 0.69817251 | 0.70169367 | 0.70542579 | 0.71702862 | 0.71066440 | 0.71006780 | 0.71152168 | 0.70571032 | 0.70871070 | 0.71637807 | 0.70718677 | 0.71812032 | 0.71200989 | 0.70188400 | 0.70449242 | 0.70844608 | 0.00521633
Load 138 | 0.70405780 | 0.71686184 | 0.69811729 | 0.71352094 | 0.71644572 | 0.71602800 | 0.70878843 | 0.71182159 | 0.71094827 | 0.70036858 | 0.71946579 | 0.72068816 | 0.70841176 | 0.70875190 | 0.71131215 | 0.71146902 | 0.70228344 | 0.72216232 | 0.70353078 | 0.71210024 | 0.71085670 | 0.00656952
Load 139 | 0.71005108 | 0.71081314 | 0.70875543 | 0.70367679 | 0.70224018 | 0.70853624 | 0.71122184 | 0.71471471 | 0.71078396 | 0.71088879 | 0.71993375 | 0.70765008 | 0.71381295 | 0.71176217 | 0.71954754 | 0.71786178 | 0.71693084 | 0.71280771 | 0.70684556 | 0.71381343 | 0.71163240 | 0.00464546
Load 140 | 0.71110634 | 0.71527679 | 0.71896601 | 0.71307190 | 0.72105152 | 0.72107438 | 0.71450249 | 0.72290455 | 0.71593748 | 0.70855944 | 0.70826674 | 0.71734536 | 0.71519304 | 0.71420361 | 0.71535875 | 0.71220467 | 0.72103952 | 0.72408687 | 0.71157895 | 0.71789056 | 0.71598095 | 0.00443060
Load 141 | 0.70716049 | 0.72166914 | 0.71639994 | 0.71210073 | 0.72549294 | 0.70984822 | 0.71392316 | 0.71927076 | 0.72452329 | 0.72055902 | 0.72539805 | 0.72194531 | 0.72204248 | 0.71572954 | 0.72412821 | 0.72227737 | 0.71876107 | 0.70896940 | 0.71117147 | 0.71290030 | 0.71771355 | 0.00574030
Load 142 | 0.72304278 | 0.72117088 | 0.72263497 | 0.71456075 | 0.71963477 | 0.72262723 | 0.71902343 | 0.71476343 | 0.71298943 | 0.71773735 | 0.71656346 | 0.72153770 | 0.72153868 | 0.71483744 | 0.73145585 | 0.71923914 | 0.71285805 | 0.71681854 | 0.71558277 | 0.72175939 | 0.71901880 | 0.00433779
Load 143 | 0.72397620 | 0.72390502 | 0.72370542 | 0.72521108 | 0.72012887 | 0.71557578 | 0.72673417 | 0.72058411 | 0.71992388 | 0.72518977 | 0.72087497 | 0.72179235 | 0.72827298 | 0.72132623 | 0.72469693 | 0.71172962 | 0.71233068 | 0.72379274 | 0.72221055 | 0.71495985 | 0.72134606 | 0.00445005
Load 144 | 0.72493896 | 0.72562452 | 0.73171570 | 0.71993594 | 0.72793810 | 0.70874332 | 0.71601756 | 0.72375197 | 0.71904729 | 0.72970740 | 0.72816338 | 0.72007494 | 0.71918811 | 0.71322043 | 0.71716753 | 0.72408483 | 0.72673621 | 0.71680737 | 0.72876180 | 0.70604046 | 0.72138329 | 0.00683743
Load 145 | 0.71590199 | 0.72732941 | 0.72045612 | 0.72792893 | 0.72104860 | 0.71498021 | 0.72863913 | 0.71815474 | 0.71817305 | 0.73186859 | 0.72098396 | 0.72516783 | 0.72563708 | 0.71984649 | 0.72127378 | 0.73342910 | 0.73343936 | 0.72370132 | 0.72989171 | 0.72606745 | 0.72419594 | 0.00547916
Load 146 | 0.71853736 | 0.72633745 | 0.72162624 | 0.72336640 | 0.72433279 | 0.73172073 | 0.72808158 | 0.72643506 | 0.72938587 | 0.72881009 | 0.71804177 | 0.72170265 | 0.71809511 | 0.72268506 | 0.72586054 | 0.72402288 | 0.72750102 | 0.72324799 | 0.72885777 | 0.72625009 | 0.72474492 | 0.00378825
Load 147 | 0.73317276 | 0.72799182 | 0.73161343 | 0.72723533 | 0.72784940 | 0.72693575 | 0.72894344 | 0.73522932 | 0.72907733 | 0.73303535 | 0.72973337 | 0.72799229 | 0.71780069 | 0.72758175 | 0.73176661 | 0.72817702 | 0.72397312 | 0.71849026 | 0.72406710 | 0.72823634 | 0.72794512 | 0.00427061
Load 148 | 0.72679924 | 0.72669006 | 0.72954378 | 0.72996931 | 0.73075893 | 0.73311983 | 0.72118348 | 0.73313665 | 0.74001751 | 0.72205315 | 0.73065245 | 0.73508997 | 0.73268260 | 0.73084984 | 0.72712080 | 0.73074062 | 0.72138760 | 0.72922091 | 0.72766387 | 0.73114029 | 0.72949104 | 0.00448464
Load 149 | 0.72686110 | 0.73457200 | 0.73297551 | 0.72856482 | 0.72941655 | 0.72173734 | 0.73576370 | 0.73918567 | 0.73557823 | 0.73162725 | 0.72817754 | 0.73051404 | 0.73519281 | 0.73184027 | 0.73397928 | 0.73007815 | 0.73581135 | 0.72392927 | 0.74109516 | 0.72882858 | 0.73178643 | 0.00470476
Load 150 | 0.72093492 | 0.73868409 | 0.73747841 | 0.73020449 | 0.73508306 | 0.72841763 | 0.73660451 | 0.73547745 | 0.73429241 | 0.73185097 | 0.72795039 | 0.73601504 | 0.73146534 | 0.72983925 | 0.73460217 | 0.73237650 | 0.73361890 | 0.73510068 | 0.73470063 | 0.73808890 | 0.73313929 | 0.00410056
Load 151 | 0.73748425 | 0.73361522 | 0.73760276 | 0.73095635 | 0.73687017 | 0.73011345 | 0.73329340 | 0.71959550 | 0.72953333 | 0.73957368 | 0.72790791 | 0.73628342 | 0.74329401 | 0.73103769 | 0.74405649 | 0.73818689 | 0.73195466 | 0.74083856 | 0.73101078 | 0.74862637 | 0.73509174 | 0.00641484
Load 152 | 0.73883072 | 0.73652576 | 0.73989281 | 0.74301096 | 0.73925768 | 0.73641838 | 0.73735790 | 0.74489729 | 0.73569981 | 0.73760493 | 0.73694884 | 0.74471141 | 0.73612489 | 0.74855247 | 0.73599578 | 0.74692211 | 0.73575814 | 0.73258943 | 0.73603960 | 0.73511117 | 0.73891251 | 0.00426349
Load 153 | 0.73049318 | 0.73741737 | 0.74489265 | 0.74244864 | 0.73716890 | 0.73930342 | 0.72883807 | 0.74130591 | 0.74105455 | 0.74031008 | 0.73616910 | 0.73431004 | 0.73361117 | 0.73460157 | 0.73335996 | 0.74563526 | 0.73527106 | 0.73885640 | 0.74395761 | 0.74276879 | 0.73808869 | 0.00463563
Load 154 | 0.73727880 | 0.73795259 | 0.74171325 | 0.73497125 | 0.73334618 | 0.74364476 | 0.73653010 | 0.74633232 | 0.73833061 | 0.73868727 | 0.73198829 | 0.74900958 | 0.74531230 | 0.73408881 | 0.74806881 | 0.73402791 | 0.74651117 | 0.74173807 | 0.74736568 | 0.74193127 | 0.74044145 | 0.00530482
Load 155 | 0.74744027 | 0.73960880 | 0.74088416 | 0.74837964 | 0.74205691 | 0.74880141 | 0.74223743 | 0.75203097 | 0.74044872 | 0.74100484 | 0.74410882 | 0.74745785 | 0.74174620 | 0.74508413 | 0.74386100 | 0.74432323 | 0.74627542 | 0.74230744 | 0.74623950 | 0.74179631 | 0.74430465 | 0.00324367
Load 156 | 0.74006942 | 0.74003940 | 0.74245614 | 0.73919969 | 0.74873373 | 0.73355630 | 0.75043073 | 0.74733253 | 0.75587566 | 0.74301892 | 0.74000000 | 0.74619716 | 0.73941116 | 0.74931023 | 0.73873702 | 0.74137377 | 0.74940625 | 0.74369375 | 0.74156592 | 0.75178065 | 0.74410942 | 0.00539778
Load 157 | 0.74022131 | 0.74968482 | 0.74827322 | 0.73835474 | 0.74431058 | 0.74054961 | 0.74569402 | 0.74681028 | 0.75208176 | 0.74796800 | 0.74535457 | 0.74864113 | 0.74463451 | 0.74346764 | 0.75001585 | 0.74550633 | 0.74049608 | 0.74143262 | 0.74513049 | 0.74266108 | 0.74506443 | 0.00362183
Load 158 | 0.75037793 | 0.75361217 | 0.74382166 | 0.74920655 | 0.74793837 | 0.74765526 | 0.74652379 | 0.74367367 | 0.74221144 | 0.74312102 | 0.74971001 | 0.75137215 | 0.74199974 | 0.74973383 | 0.75025323 | 0.75183213 | 0.75227330 | 0.75264057 | 0.74676792 | 0.74796850 | 0.74813466 | 0.00352431
Load 159 | 0.74654206 | 0.75543376 | 0.74951014 | 0.75433904 | 0.74133148 | 0.74317078 | 0.74269043 | 0.74664651 | 0.74839793 | 0.74142430 | 0.75700124 | 0.75088724 | 0.75031799 | 0.74868289 | 0.74844207 | 0.74147240 | 0.74643333 | 0.75121582 | 0.74664717 | 0.75051546 | 0.74805510 | 0.00447190
Load 160 | 0.74928633 | 0.74690388 | 0.75033201 | 0.74761610 | 0.75086655 | 0.74678406 | 0.74927845 | 0.74752756 | 0.74838147 | 0.74447989 | 0.74784294 | 0.74581459 | 0.74846202 | 0.75299050 | 0.74897145 | 0.75809241 | 0.74566438 | 0.74444794 | 0.74920714 | 0.75353396 | 0.74882418 | 0.00317663
Load 161 | 0.76293926 | 0.75468547 | 0.75990130 | 0.75532638 | 0.74622186 | 0.75215868 | 0.74748233 | 0.74922715 | 0.75476000 | 0.75876543 | 0.74621472 | 0.74623966 | 0.75463588 | 0.75752343 | 0.74621116 | 0.75326869 | 0.74598559 | 0.74562877 | 0.76203983 | 0.75232026 | 0.75257679 | 0.00559247
Load 162 | 0.75960591 | 0.74856579 | 0.75142734 | 0.75185185 | 0.75278083 | 0.75065112 | 0.74881779 | 0.75914044 | 0.74903380 | 0.75682960 | 0.75116728 | 0.75630095 | 0.75496404 | 0.75848572 | 0.74496938 | 0.74583256 | 0.74933139 | 0.75478293 | 0.74712715 | 0.75922402 | 0.75254449 | 0.00451683
Load 163 | 0.75928759 | 0.75382096 | 0.75431932 | 0.75717615 | 0.75587659 | 0.75737323 | 0.75219737 | 0.75097638 | 0.74887311 | 0.75411453 | 0.75385940 | 0.75889831 | 0.75948207 | 0.74582272 | 0.75174173 | 0.75306274 | 0.74713564 | 0.75337386 | 0.75091439 | 0.75098936 | 0.75346477 | 0.00373531
Load 164 | 0.75510328 | 0.75459078 | 0.76007724 | 0.74747165 | 0.75444096 | 0.75655477 | 0.75578422 | 0.75232160 | 0.75365319 | 0.75344310 | 0.75901351 | 0.75470219 | 0.75978399 | 0.76050574 | 0.76073805 | 0.75823843 | 0.75452196 | 0.75603968 | 0.75487003 | 0.75519616 | 0.75585253 | 0.00313869
Load 165 | 0.75673030 | 0.75826647 | 0.75378258 | 0.75260321 | 0.75381304 | 0.75957977 | 0.75512472 | 0.76759293 | 0.75687129 | 0.75214255 | 0.76597889 | 0.74353877 | 0.75920458 | 0.76221873 | 0.75149827 | 0.75627197 | 0.76008467 | 0.75574713 | 0.75687629 | 0.76040300 | 0.75691646 | 0.00517093
Load 166 | 0.75691483 | 0.75479258 | 0.76020069 | 0.76286645 | 0.75640088 | 0.75346631 | 0.75603250 | 0.76254952 | 0.76001444 | 0.75844919 | 0.76349847 | 0.75981719 | 0.75335887 | 0.75681929 | 0.76430732 | 0.75433474 | 0.76357057 | 0.76797464 | 0.75774631 | 0.75860418 | 0.75908595 | 0.00393055
Load 167 | 0.76983522 | 0.76540744 | 0.76233883 | 0.75908487 | 0.75906460 | 0.76406501 | 0.74994029 | 0.76251620 | 0.75793411 | 0.75651034 | 0.75048852 | 0.76641429 | 0.76334135 | 0.75733655 | 0.76004778 | 0.76327262 | 0.76254302 | 0.75959313 | 0.75681616 | 0.75725964 | 0.76019050 | 0.00478429
Load 168 | 0.76138390 | 0.75868296 | 0.76730495 | 0.75638037 | 0.76404561 | 0.75719361 | 0.76032321 | 0.76375616 | 0.75453302 | 0.76632383 | 0.76095665 | 0.76940343 | 0.75979112 | 0.76566334 | 0.75040171 | 0.76252672 | 0.77023732 | 0.76152652 | 0.75971120 | 0.76219730 | 0.76161715 | 0.00478622
Load 169 | 0.76174437 | 0.76321114 | 0.76189075 | 0.76402241 | 0.76833583 | 0.76477153 | 0.75769276 | 0.76013273 | 0.76089279 | 0.76621845 | 0.76262116 | 0.76457399 | 0.76301648 | 0.76505131 | 0.75658998 | 0.76590481 | 0.75609756 | 0.76633606 | 0.75736640 | 0.76794895 | 0.76272097 | 0.00358116
Load 170 | 0.76594617 | 0.76217968 | 0.76379199 | 0.76383699 | 0.76057926 | 0.76229605 | 0.76553328 | 0.76467844 | 0.76526124 | 0.75967354 | 0.76164578 | 0.76341591 | 0.76135027 | 0.76813039 | 0.76510304 | 0.76125407 | 0.76799715 | 0.76321216 | 0.76474736 | 0.76671135 | 0.76386721 | 0.00232134
Load 171 | 0.76853431 | 0.76459565 | 0.76517119 | 0.76808562 | 0.76804034 | 0.76755804 | 0.76352670 | 0.76518435 | 0.76506550 | 0.76743513 | 0.76429922 | 0.76822690 | 0.77120912 | 0.76650984 | 0.77483017 | 0.76973455 | 0.75842994 | 0.76638607 | 0.77864613 | 0.76352297 | 0.76724959 | 0.00417845
Load 172 | 0.76992072 | 0.76483136 | 0.76510420 | 0.76457858 | 0.76536443 | 0.77562343 | 0.76891853 | 0.76397698 | 0.76837247 | 0.76291437 | 0.76550962 | 0.76922628 | 0.76620248 | 0.76964348 | 0.77250000 | 0.77002480 | 0.76618052 | 0.76309023 | 0.76483965 | 0.76726283 | 0.76720425 | 0.00320301
Load 173 | 0.76827435 | 0.76278746 | 0.76608961 | 0.76674473 | 0.76544075 | 0.76927958 | 0.77298376 | 0.76980385 | 0.76836449 | 0.76253773 | 0.76481546 | 0.76404104 | 0.76275629 | 0.77082851 | 0.76950559 | 0.76558123 | 0.76777549 | 0.77204621 | 0.76898991 | 0.76862205 | 0.76736340 | 0.00298188
Load 174 | 0.77540107 | 0.76843821 | 0.76785510 | 0.77058454 | 0.76429439 | 0.77872783 | 0.77299627 | 0.76576316 | 0.77105278 | 0.76600058 | 0.76647287 | 0.76005780 | 0.76724634 | 0.77104512 | 0.75886889 | 0.76750684 | 0.77376317 | 0.77941511 | 0.76424235 | 0.76314432 | 0.76864384 | 0.00541095
Load 175 | 0.76507973 | 0.77330906 | 0.77876309 | 0.76871489 | 0.77708961 | 0.77598820 | 0.76861110 | 0.77175096 | 0.76953397 | 0.76597602 | 0.77845367 | 0.77114689 | 0.77025723 | 0.76828709 | 0.77064700 | 0.77089329 | 0.77123397 | 0.77102154 | 0.77071192 | 0.77247686 | 0.77149730 | 0.00362280
Load 176 | 0.77321379 | 0.76956423 | 0.77206092 | 0.76796738 | 0.76566152 | 0.77005009 | 0.77312311 | 0.77359024 | 0.77515938 | 0.77512527 | 0.77668040 | 0.77665436 | 0.77256359 | 0.77058222 | 0.77931697 | 0.77910852 | 0.76477279 | 0.77838911 | 0.77541887 | 0.78139587 | 0.77351993 | 0.00440441
Load 177 | 0.77179837 | 0.77880699 | 0.77892248 | 0.77664085 | 0.77456289 | 0.76988812 | 0.77387275 | 0.77290724 | 0.77694704 | 0.77522450 | 0.77206723 | 0.77077672 | 0.77770905 | 0.77608972 | 0.77872173 | 0.77960049 | 0.76989356 | 0.77432853 | 0.77239446 | 0.77303371 | 0.77470932 | 0.00303403
Load 178 | 0.77751315 | 0.77864143 | 0.77789574 | 0.77727878 | 0.77526064 | 0.77616864 | 0.77320280 | 0.77682865 | 0.77664004 | 0.77657038 | 0.76931324 | 0.77251291 | 0.77354324 | 0.77605396 | 0.77844581 | 0.78419369 | 0.77364641 | 0.77275563 | 0.77437058 | 0.77531981 | 0.77580778 | 0.00298990
Load 179 | 0.77419355 | 0.78168857 | 0.78102679 | 0.77497650 | 0.77443106 | 0.77817531 | 0.78342665 | 0.77438268 | 0.77254771 | 0.77820968 | 0.77423877 | 0.77590739 | 0.78054933 | 0.77013357 | 0.77540827 | 0.77961154 | 0.77370762 | 0.77710910 | 0.78224362 | 0.77549338 | 0.77687305 | 0.00350571
Load 180 | 0.77999447 | 0.77420248 | 0.77885891 | 0.77677183 | 0.77189963 | 0.78117686 | 0.78085282 | 0.78366873 | 0.77850416 | 0.77681017 | 0.77382287 | 0.77411817 | 0.77420424 | 0.77331621 | 0.78036864 | 0.77434122 | 0.77593733 | 0.77814238 | 0.77305282 | 0.77418268 | 0.77671133 | 0.00322384
Load 181 | 0.77964982 | 0.78727634 | 0.77670063 | 0.77675975 | 0.78737432 | 0.78511398 | 0.77051842 | 0.78248773 | 0.77970775 | 0.77929741 | 0.77928599 | 0.77476135 | 0.77565593 | 0.77823669 | 0.78330579 | 0.78054024 | 0.78610279 | 0.77688231 | 0.77897199 | 0.78171942 | 0.78001743 | 0.00426485
Load 182 | 0.77795483 | 0.78359502 | 0.78178036 | 0.78672393 | 0.78176325 | 0.77886897 | 0.78090072 | 0.78323888 | 0.78552002 | 0.78428564 | 0.77675508 | 0.77911224 | 0.78087476 | 0.78445249 | 0.78204298 | 0.78203095 | 0.78004674 | 0.78074310 | 0.78383428 | 0.77704573 | 0.78157850 | 0.00268674
Load 183 | 0.78315697 | 0.77858775 | 0.78436702 | 0.78298243 | 0.78287126 | 0.77981107 | 0.78795402 | 0.78351539 | 0.78698193 | 0.77326343 | 0.77918050 | 0.78455307 | 0.77696375 | 0.77979754 | 0.78446527 | 0.77722471 | 0.78305583 | 0.77880867 | 0.77771117 | 0.77712675 | 0.78111893 | 0.00371129
Load 184 | 0.77895248 | 0.78800717 | 0.77648466 | 0.78206167 | 0.78442694 | 0.78157795 | 0.78456957 | 0.77906723 | 0.78480598 | 0.78351356 | 0.78649507 | 0.78046913 | 0.78477861 | 0.78553411 | 0.77923273 | 0.77967130 | 0.78716180 | 0.78111448 | 0.78185757 | 0.77888754 | 0.78243348 | 0.00313409
Load 185 | 0.77852275 | 0.78393548 | 0.78370298 | 0.78190683 | 0.78316506 | 0.77759758 | 0.78484395 | 0.78511683 | 0.78956795 | 0.78492647 | 0.78502962 | 0.77967210 | 0.78353095 | 0.77941497 | 0.78145117 | 0.78157881 | 0.79132530 | 0.78613625 | 0.78580659 | 0.78123654 | 0.78342341 | 0.00336043
Load 186 | 0.78257333 | 0.78172561 | 0.78135548 | 0.78644908 | 0.78495717 | 0.77932115 | 0.78113774 | 0.78705391 | 0.78441393 | 0.79190968 | 0.77571706 | 0.78684856 | 0.78586357 | 0.79192748 | 0.78469703 | 0.78449855 | 0.78700011 | 0.78589003 | 0.78283211 | 0.78402894 | 0.78451002 | 0.00371328
Load 187 | 0.78780905 | 0.78326111 | 0.78399786 | 0.78834784 | 0.77902946 | 0.78151351 | 0.78372388 | 0.78386444 | 0.78541644 | 0.78038585 | 0.78537132 | 0.78563495 | 0.77957565 | 0.78873089 | 0.77849091 | 0.78646167 | 0.78338501 | 0.78412750 | 0.78523776 | 0.78381552 | 0.78390903 | 0.00286989
Load 188 | 0.78489362 | 0.78650300 | 0.79238790 | 0.79065480 | 0.78905718 | 0.78975628 | 0.78642348 | 0.78530167 | 0.78717613 | 0.79146647 | 0.78386785 | 0.78138298 | 0.79395155 | 0.78499446 | 0.79898300 | 0.78577825 | 0.78876369 | 0.78488248 | 0.78352878 | 0.79177966 | 0.78807666 | 0.00412428
Load 189 | 0.78292500 | 0.78619619 | 0.78519027 | 0.78958762 | 0.78551220 | 0.78379092 | 0.78656002 | 0.79036044 | 0.78858205 | 0.78892439 | 0.78976617 | 0.78797048 | 0.79188592 | 0.78862177 | 0.78169808 | 0.79217988 | 0.78875928 | 0.78758395 | 0.78237764 | 0.79399842 | 0.78762353 | 0.00326702
Load 190 | 0.79428452 | 0.78705128 | 0.78544143 | 0.78538789 | 0.79117724 | 0.79111601 | 0.78908821 | 0.79118754 | 0.78296587 | 0.78755635 | 0.78835422 | 0.79043017 | 0.79262385 | 0.79320172 | 0.78748281 | 0.78379649 | 0.78345486 | 0.78862559 | 0.78814138 | 0.79178182 | 0.78865746 | 0.00323717
Load 191 | 0.79057674 | 0.78903837 | 0.78910526 | 0.78779480 | 0.78805688 | 0.79135299 | 0.79214010 | 0.79199875 | 0.78063809 | 0.79308205 | 0.79478964 | 0.79694552 | 0.79437601 | 0.78789625 | 0.79130480 | 0.78442105 | 0.78523985 | 0.79205436 | 0.79128392 | 0.78411609 | 0.78981058 | 0.00392594
Load 192 | 0.78815250 | 0.78721058 | 0.78836868 | 0.79767164 | 0.78539571 | 0.78919311 | 0.78533397 | 0.79416074 | 0.79232057 | 0.78971524 | 0.79026042 | 0.78985659 | 0.79142290 | 0.78911530 | 0.78542679 | 0.78960071 | 0.79365327 | 0.79262363 | 0.78811912 | 0.79540990 | 0.79015057 | 0.00328375
Load 193 | 0.78892661 | 0.79380747 | 0.79322211 | 0.79301940 | 0.79514713 | 0.79260258 | 0.79368069 | 0.79379991 | 0.79783243 | 0.78684238 | 0.78720845 | 0.79129987 | 0.79319657 | 0.79365651 | 0.79314334 | 0.79224684 | 0.79051996 | 0.80077640 | 0.79014646 | 0.78589250 | 0.79234838 | 0.00345481
Load 194 | 0.79290928 | 0.78999226 | 0.79351093 | 0.79580854 | 0.78992252 | 0.79505392 | 0.78814038 | 0.79170974 | 0.79027949 | 0.79185920 | 0.79270964 | 0.79299231 | 0.79765801 | 0.78958279 | 0.80238904 | 0.79170890 | 0.78701805 | 0.79283076 | 0.79784117 | 0.78984120 | 0.79268791 | 0.00357376
Load 195 | 0.79653680 | 0.78695429 | 0.79599633 | 0.79373073 | 0.79498359 | 0.79872253 | 0.80114128 | 0.80022418 | 0.79343540 | 0.79337782 | 0.79473468 | 0.79104170 | 0.78981289 | 0.79530303 | 0.79365896 | 0.78761199 | 0.79587608 | 0.79342051 | 0.79228639 | 0.79571597 | 0.79422826 | 0.00354956
Load 196 | 0.79279557 | 0.79523542 | 0.79782175 | 0.79923430 | 0.79091279 | 0.79109536 | 0.79648061 | 0.79751332 | 0.79096458 | 0.80041835 | 0.79370200 | 0.79284840 | 0.79998988 | 0.80053446 | 0.79716550 | 0.79700181 | 0.79179471 | 0.79267981 | 0.79188308 | 0.79240170 | 0.79512367 | 0.00331110
Load 197 | 0.79165605 | 0.80005013 | 0.80202246 | 0.79656498 | 0.79972052 | 0.79761358 | 0.79493555 | 0.79086269 | 0.79933521 | 0.79340738 | 0.80047626 | 0.79667218 | 0.79786036 | 0.79420615 | 0.79754726 | 0.80074751 | 0.79429612 | 0.79486921 | 0.79993020 | 0.79394893 | 0.79683614 | 0.00312756
Load 198 | 0.79514838 | 0.79191776 | 0.80075826 | 0.80133861 | 0.79995945 | 0.79293845 | 0.80378631 | 0.79831381 | 0.79227369 | 0.79916842 | 0.79458408 | 0.79879819 | 0.79037836 | 0.79598848 | 0.79696893 | 0.79935704 | 0.79616295 | 0.79698680 | 0.79571530 | 0.79814514 | 0.79693442 | 0.00335673
Load 199 | 0.79724743 | 0.80389540 | 0.80248577 | 0.79915573 | 0.79174029 | 0.79699778 | 0.79962651 | 0.80290218 | 0.80031170 | 0.79669529 | 0.80269283 | 0.79848213 | 0.79713473 | 0.79558541 | 0.79667366 | 0.79800461 | 0.79980164 | 0.79227369 | 0.80005009 | 0.80201797 | 0.79868874 | 0.00322630
Load 200 | 0.78990872 | 0.79927613 | 0.80278376 | 0.79585917 | 0.79920667 | 0.79714129 | 0.79325797 | 0.79771240 | 0.79825266 | 0.80201980 | 0.79597457 | 0.79889602 | 0.80283716 | 0.79746582 | 0.80507594 | 0.79407752 | 0.79479288 | 0.80467239 | 0.79815604 | 0.80149980 | 0.79844333 | 0.00382585
