# Resultados para rota [2,6] 
# Formato: Load Probabilidade_Media Desvio_Padrao
1 0.024394 0.041454
2 0.049620 0.059871
3 0.087071 0.073230
4 0.119086 0.094202
5 0.105374 0.100638
6 0.121090 0.089775
7 0.169309 0.105234
8 0.167459 0.130001
9 0.202532 0.141138
10 0.185171 0.111928
11 0.170597 0.077799
12 0.226190 0.098512
13 0.225304 0.096430
14 0.255756 0.104862
15 0.221746 0.133884
16 0.258165 0.091459
17 0.303756 0.092012
18 0.339551 0.080200
19 0.318066 0.098180
20 0.324648 0.072562
21 0.349250 0.109579
22 0.342213 0.069991
23 0.339545 0.106472
24 0.412663 0.082697
25 0.356947 0.107071
26 0.419148 0.093940
27 0.378798 0.091343
28 0.435126 0.087138
29 0.405103 0.091797
30 0.415448 0.081493
31 0.458479 0.059345
32 0.426382 0.089885
33 0.453672 0.098110
34 0.460887 0.059618
35 0.461910 0.086272
36 0.424978 0.079829
37 0.449799 0.056831
38 0.453405 0.050455
39 0.442087 0.057016
40 0.493301 0.060964
41 0.465335 0.069486
42 0.473558 0.081068
43 0.486127 0.073408
44 0.502445 0.082075
45 0.485045 0.100539
46 0.501289 0.068412
47 0.475166 0.072641
48 0.537977 0.077528
49 0.499697 0.092949
50 0.495939 0.059750
51 0.513308 0.053715
52 0.500693 0.056151
53 0.527463 0.050797
54 0.513121 0.072032
55 0.543148 0.058280
56 0.513939 0.061157
57 0.526570 0.068957
58 0.535441 0.067838
59 0.513451 0.073819
60 0.531082 0.077451
61 0.548557 0.060728
62 0.544464 0.056181
63 0.550793 0.052387
64 0.542053 0.067035
65 0.569511 0.061039
66 0.576602 0.077684
67 0.556175 0.061132
68 0.564245 0.049741
69 0.567084 0.062455
70 0.567580 0.051661
71 0.549259 0.062314
72 0.576233 0.057641
73 0.539676 0.060221
74 0.552851 0.061110
75 0.582950 0.062513
76 0.563860 0.062644
77 0.572399 0.057905
78 0.568036 0.051712
79 0.580499 0.053167
80 0.584581 0.049450
81 0.587793 0.049251
82 0.564009 0.045580
83 0.567497 0.054807
84 0.584565 0.058396
85 0.580712 0.064889
86 0.592355 0.051559
87 0.606525 0.050542
88 0.588181 0.052129
89 0.581433 0.047262
90 0.579552 0.046463
91 0.588593 0.066179
92 0.603295 0.053930
93 0.614033 0.037010
94 0.587220 0.049698
95 0.583747 0.052715
96 0.606187 0.035039
97 0.608978 0.047683
98 0.596665 0.056712
99 0.625661 0.053056
100 0.581132 0.064276
101 0.610042 0.051225
102 0.585672 0.036370
103 0.587775 0.056070
104 0.595876 0.055640
105 0.589950 0.047458
106 0.613994 0.046962
107 0.587982 0.037674
108 0.611298 0.052551
109 0.602283 0.057870
110 0.603056 0.045082
111 0.622757 0.037358
112 0.614716 0.054258
113 0.637457 0.043678
114 0.604183 0.042777
115 0.626692 0.044447
116 0.620029 0.053222
117 0.620326 0.045078
118 0.632288 0.048043
119 0.627470 0.051813
120 0.633359 0.041394
121 0.629958 0.036396
122 0.614472 0.051924
123 0.630365 0.042386
124 0.633241 0.049351
125 0.635849 0.047818
126 0.622592 0.037614
127 0.645622 0.032656
128 0.632999 0.045169
129 0.622347 0.062878
130 0.633326 0.041156
131 0.625121 0.066310
132 0.636615 0.037955
133 0.626009 0.032049
134 0.632595 0.047367
135 0.642903 0.048404
136 0.632353 0.038287
137 0.660105 0.030393
138 0.634369 0.045107
139 0.637176 0.047794
140 0.641617 0.036407
141 0.645409 0.055119
142 0.634840 0.048731
143 0.637814 0.028708
144 0.633433 0.034028
145 0.648139 0.040906
146 0.649498 0.035113
147 0.648952 0.044886
148 0.627627 0.051916
149 0.639299 0.033617
150 0.658278 0.044867
151 0.647948 0.042894
152 0.645190 0.042916
153 0.640077 0.037034
154 0.646119 0.047692
155 0.657856 0.030610
156 0.659298 0.029050
157 0.659921 0.046342
158 0.646827 0.032619
159 0.643972 0.037953
160 0.657018 0.044944
161 0.644817 0.038407
162 0.667430 0.047354
163 0.632702 0.033331
164 0.646266 0.037323
165 0.651969 0.047210
166 0.670606 0.031272
167 0.659317 0.042083
168 0.652023 0.039995
169 0.672182 0.028173
170 0.655771 0.051695
171 0.656661 0.035126
172 0.665362 0.038823
173 0.651486 0.026745
174 0.664744 0.032659
175 0.653988 0.032472
176 0.667427 0.033905
177 0.643865 0.045842
178 0.661396 0.036214
179 0.675432 0.028868
180 0.654244 0.039634
181 0.672337 0.033371
182 0.675484 0.037063
183 0.627442 0.044741
184 0.658725 0.033791
185 0.676726 0.033644
186 0.680735 0.045004
187 0.667752 0.039223
188 0.669909 0.036814
189 0.676223 0.042344
190 0.659763 0.040504
191 0.670281 0.027837
192 0.660736 0.033839
193 0.659124 0.034241
194 0.658521 0.045804
195 0.670677 0.046890
196 0.673921 0.038798
197 0.669967 0.028633
198 0.667338 0.031831
199 0.672568 0.047502
200 0.661893 0.021721
