# TODAS AS PROBABILIDADES (20 SIMULAÇÕES)
# Requisição 2: [2,6]
# Modo: CONJUNTO
# Data: 2026-01-26 23:25:22
# ================================================================================
# Formato: Load | Sim1 | Sim2 | ... | Sim20 | Média | DesvioPadrão
# ================================================================================

Load   1 | 0.00000000 | 0.00000000 | 0.00000000 | 0.00000000 | 0.00000000 | 0.00000000 | 0.00000000 | 0.00000000 | 0.00000000 | 0.00000000 | 0.00000000 | 0.00000000 | 0.00000000 | 0.00000000 | 0.00000000 | 0.00000000 | 0.00000000 | 0.00000000 | 0.00000000 | 0.00000000 | 0.00000000 | 0.00000000
Load   2 | 0.00000000 | 0.00000000 | 0.00000000 | 0.00000000 | 0.00000000 | 0.00000000 | 0.00000000 | 0.00000000 | 0.00000000 | 0.00000000 | 0.00000000 | 0.00000000 | 0.00000000 | 0.00000000 | 0.00000000 | 0.00000000 | 0.00000000 | 0.00000000 | 0.00000000 | 0.00000000 | 0.00000000 | 0.00000000
Load   3 | 0.00000000 | 0.00000000 | 0.00000000 | 0.00000000 | 0.00000000 | 0.00000000 | 0.00000000 | 0.00000000 | 0.00000000 | 0.00000000 | 0.00000000 | 0.00000000 | 0.00000000 | 0.00000000 | 0.00000000 | 0.00000000 | 0.00000000 | 0.00000000 | 0.00000000 | 0.00000000 | 0.00000000 | 0.00000000
Load   4 | 0.00000000 | 0.00000000 | 0.00000000 | 0.00000000 | 0.00000000 | 0.00000000 | 0.00000000 | 0.00000000 | 0.00000000 | 0.00000000 | 0.00000000 | 0.00000000 | 0.00000000 | 0.00000000 | 0.00000000 | 0.00000000 | 0.00000000 | 0.00000000 | 0.00000000 | 0.00000000 | 0.00000000 | 0.00000000
Load   5 | 0.00000000 | 0.00000000 | 0.00000000 | 0.00000000 | 0.00000000 | 0.00000000 | 0.00000000 | 0.00000000 | 0.00000000 | 0.00000000 | 0.00000000 | 0.00000000 | 0.00000000 | 0.00000000 | 0.00000000 | 0.00000000 | 0.00000000 | 0.00000000 | 0.00000000 | 0.00000000 | 0.00000000 | 0.00000000
Load   6 | 0.00000000 | 0.00000000 | 0.00000000 | 0.00000000 | 0.00000000 | 0.00000000 | 0.00000000 | 0.00000000 | 0.00000000 | 0.00000000 | 0.00000000 | 0.00000000 | 0.00000000 | 0.00000000 | 0.00000000 | 0.00000000 | 0.00000000 | 0.00000000 | 0.00000000 | 0.00000000 | 0.00000000 | 0.00000000
Load   7 | 0.00000000 | 0.00000000 | 0.00000000 | 0.00000000 | 0.00000000 | 0.00000000 | 0.00000000 | 0.00000000 | 0.00000000 | 0.00000000 | 0.00000000 | 0.00000000 | 0.00000000 | 0.00000000 | 0.00000000 | 0.00000000 | 0.00000000 | 0.00000000 | 0.00000000 | 0.00000000 | 0.00000000 | 0.00000000
Load   8 | 0.00000000 | 0.00000000 | 0.00000000 | 0.00000000 | 0.00000000 | 0.00000000 | 0.00000000 | 0.00000000 | 0.00000000 | 0.00000000 | 0.00000000 | 0.00000000 | 0.00000000 | 0.00000000 | 0.00000000 | 0.00000000 | 0.00000000 | 0.00000000 | 0.00000000 | 0.00000000 | 0.00000000 | 0.00000000
Load   9 | 0.00000000 | 0.00000000 | 0.00000000 | 0.00000000 | 0.00000000 | 0.00000000 | 0.00000000 | 0.00000000 | 0.00000000 | 0.00000000 | 0.00000000 | 0.00000000 | 0.00000000 | 0.00000000 | 0.00000000 | 0.00000000 | 0.00000000 | 0.00000000 | 0.00000000 | 0.00000000 | 0.00000000 | 0.00000000
Load  10 | 0.00000000 | 0.00000000 | 0.00000000 | 0.00000000 | 0.00000000 | 0.00000000 | 0.00000000 | 0.00000000 | 0.00000000 | 0.00000000 | 0.00000000 | 0.00000000 | 0.00000000 | 0.00000000 | 0.00000000 | 0.00000000 | 0.00000000 | 0.00000000 | 0.00000000 | 0.00000000 | 0.00000000 | 0.00000000
Load  11 | 0.00000000 | 0.00000000 | 0.00000000 | 0.00000000 | 0.00000000 | 0.00000000 | 0.00000000 | 0.00000000 | 0.00000000 | 0.00000000 | 0.00000000 | 0.00000000 | 0.00000000 | 0.00000000 | 0.00000000 | 0.00000000 | 0.00000000 | 0.00000000 | 0.00000000 | 0.00000000 | 0.00000000 | 0.00000000
Load  12 | 0.00000000 | 0.00000000 | 0.00000000 | 0.00000000 | 0.00000000 | 0.00000000 | 0.00000000 | 0.00000000 | 0.00000000 | 0.00000000 | 0.00000000 | 0.00000000 | 0.00000000 | 0.00000000 | 0.00000000 | 0.00000000 | 0.00000000 | 0.00000000 | 0.00000000 | 0.00000000 | 0.00000000 | 0.00000000
Load  13 | 0.00000000 | 0.00000000 | 0.00000000 | 0.00000000 | 0.00000000 | 0.00000000 | 0.00000000 | 0.00000000 | 0.00000000 | 0.00000000 | 0.00000000 | 0.00000000 | 0.00000000 | 0.00000000 | 0.00000000 | 0.00000000 | 0.00000000 | 0.00000000 | 0.00000000 | 0.00000000 | 0.00000000 | 0.00000000
Load  14 | 0.00000000 | 0.00000000 | 0.00000000 | 0.00000000 | 0.00000000 | 0.00000000 | 0.00000000 | 0.00000000 | 0.00000000 | 0.00000000 | 0.00000000 | 0.00000000 | 0.00000000 | 0.00000000 | 0.00000000 | 0.00000000 | 0.00000000 | 0.00000000 | 0.00000000 | 0.00000000 | 0.00000000 | 0.00000000
Load  15 | 0.00000000 | 0.00000000 | 0.00000000 | 0.00000000 | 0.00000000 | 0.00000000 | 0.00000000 | 0.00000000 | 0.00000000 | 0.00000000 | 0.00000000 | 0.00000000 | 0.00000000 | 0.00000000 | 0.00000000 | 0.00000000 | 0.00000000 | 0.00000000 | 0.00000000 | 0.00000000 | 0.00000000 | 0.00000000
Load  16 | 0.00000000 | 0.00000000 | 0.00000000 | 0.00000000 | 0.00000000 | 0.00000000 | 0.00000000 | 0.00000000 | 0.00000000 | 0.00000000 | 0.00000000 | 0.00000000 | 0.00000000 | 0.00000000 | 0.00000000 | 0.00000000 | 0.00000000 | 0.00000000 | 0.00000000 | 0.00000000 | 0.00000000 | 0.00000000
Load  17 | 0.00000000 | 0.00000000 | 0.00000000 | 0.00000000 | 0.00000000 | 0.00000000 | 0.00000000 | 0.00000000 | 0.00000000 | 0.00000000 | 0.00000000 | 0.00000000 | 0.00000000 | 0.00000000 | 0.00000000 | 0.00000000 | 0.00000000 | 0.00000000 | 0.00000000 | 0.00000000 | 0.00000000 | 0.00000000
Load  18 | 0.00000000 | 0.00000000 | 0.00000000 | 0.00000000 | 0.00000000 | 0.00000000 | 0.00000000 | 0.00000000 | 0.00000000 | 0.00000000 | 0.00000000 | 0.00000000 | 0.00000000 | 0.00000000 | 0.00000000 | 0.00000000 | 0.00000000 | 0.00000000 | 0.00000000 | 0.00000000 | 0.00000000 | 0.00000000
Load  19 | 0.00000000 | 0.00000000 | 0.00000000 | 0.00000000 | 0.00000000 | 0.00000000 | 0.00000000 | 0.00000000 | 0.00000000 | 0.00000000 | 0.00000000 | 0.00000000 | 0.00000000 | 0.00000000 | 0.00000000 | 0.00000000 | 0.00000000 | 0.00000000 | 0.00000000 | 0.00000000 | 0.00000000 | 0.00000000
Load  20 | 0.00000000 | 0.00000000 | 0.00000000 | 0.00000000 | 0.00000000 | 0.00000000 | 0.00000000 | 0.00000000 | 0.00000000 | 0.00000000 | 0.00000000 | 0.00000000 | 0.00000000 | 0.00000000 | 0.00000000 | 0.00000000 | 0.00000000 | 0.00000000 | 0.00000000 | 0.00000000 | 0.00000000 | 0.00000000
Load  21 | 0.00000000 | 0.00000000 | 0.00000000 | 0.00000000 | 0.00000000 | 0.00000000 | 0.00000000 | 0.00000000 | 0.00000000 | 0.00000000 | 0.00000000 | 0.00000000 | 0.00000000 | 0.00000000 | 0.00000000 | 0.00000000 | 0.00000000 | 0.00000000 | 0.00000000 | 0.00000000 | 0.00000000 | 0.00000000
Load  22 | 0.00000000 | 0.00000000 | 0.00000000 | 0.00000000 | 0.00000000 | 0.00000000 | 0.00000000 | 0.00000000 | 0.00000000 | 0.00000000 | 0.00000000 | 0.00000000 | 0.00000000 | 0.00000000 | 0.00000000 | 0.00000000 | 0.00000000 | 0.00000000 | 0.00000000 | 0.00000000 | 0.00000000 | 0.00000000
Load  23 | 0.00000000 | 0.00000000 | 0.00000000 | 0.00000000 | 0.00000000 | 0.00000000 | 0.00000000 | 0.00000000 | 0.00000000 | 0.00000000 | 0.00000000 | 0.00000000 | 0.00000000 | 0.00000000 | 0.00000000 | 0.00000000 | 0.00000000 | 0.00000000 | 0.00000000 | 0.00000000 | 0.00000000 | 0.00000000
Load  24 | 0.00000000 | 0.00000000 | 0.00000000 | 0.00000000 | 0.00000000 | 0.00000000 | 0.00000000 | 0.00000000 | 0.00000000 | 0.00000000 | 0.00000000 | 0.00000000 | 0.00000000 | 0.00000000 | 0.00000000 | 0.00000000 | 0.00000000 | 0.00000000 | 0.00000000 | 0.00000000 | 0.00000000 | 0.00000000
Load  25 | 0.00000000 | 0.00000000 | 0.00000000 | 0.00000000 | 0.00000000 | 0.00000000 | 0.00000000 | 0.00000000 | 0.00000000 | 0.00000000 | 0.00000000 | 0.00000000 | 0.00000000 | 0.00000000 | 0.00000000 | 0.00000000 | 0.00000000 | 0.00000000 | 0.00000000 | 0.00000000 | 0.00000000 | 0.00000000
Load  26 | 0.00000000 | 0.00000000 | 0.00000000 | 0.00000000 | 0.00000000 | 0.00000000 | 0.00000000 | 0.00000000 | 0.00000000 | 0.00000000 | 0.00000000 | 0.00000000 | 0.00000000 | 0.00000000 | 0.00000000 | 0.00000000 | 0.00000000 | 0.00000000 | 0.00000000 | 0.00000000 | 0.00000000 | 0.00000000
Load  27 | 0.00000000 | 0.00000000 | 0.00000000 | 0.00000000 | 0.00000000 | 0.00000000 | 0.00000000 | 0.00000000 | 0.00000000 | 0.00000000 | 0.00000000 | 0.00000000 | 0.00000000 | 0.00000000 | 0.00000000 | 0.00000000 | 0.00000000 | 0.00000000 | 0.00000000 | 0.00000000 | 0.00000000 | 0.00000000
Load  28 | 0.00000000 | 0.00000000 | 0.00000000 | 0.00000000 | 0.00000000 | 0.00000000 | 0.00000000 | 0.00000000 | 0.00000000 | 0.00000000 | 0.00000000 | 0.00000000 | 0.00000000 | 0.00000000 | 0.00000000 | 0.00000000 | 0.00000000 | 0.00000000 | 0.00000000 | 0.00000000 | 0.00000000 | 0.00000000
Load  29 | 0.00000000 | 0.00000000 | 0.00000000 | 0.00000000 | 0.00000000 | 0.00000000 | 0.00000000 | 0.00000000 | 0.00000000 | 0.00000000 | 0.00000000 | 0.00000000 | 0.00000000 | 0.00000000 | 0.00000000 | 0.00000000 | 0.00000000 | 0.00000000 | 0.00000000 | 0.00000000 | 0.00000000 | 0.00000000
Load  30 | 0.00000000 | 0.00000000 | 0.00000000 | 0.00000000 | 0.00000000 | 0.00000000 | 0.00000000 | 0.00000000 | 0.00000000 | 0.00000000 | 0.00000000 | 0.00000000 | 0.00000000 | 0.00000000 | 0.00000000 | 0.00000000 | 0.00000000 | 0.00000000 | 0.00000000 | 0.00000000 | 0.00000000 | 0.00000000
Load  31 | 0.00000000 | 0.00000000 | 0.00000000 | 0.00000000 | 0.00000000 | 0.00000000 | 0.00000000 | 0.00000000 | 0.00000000 | 0.00000000 | 0.00000000 | 0.00000000 | 0.00000000 | 0.00000000 | 0.00000000 | 0.00000000 | 0.00000000 | 0.00000000 | 0.00000000 | 0.00000000 | 0.00000000 | 0.00000000
Load  32 | 0.00000000 | 0.00000000 | 0.00000000 | 0.00000000 | 0.00000000 | 0.00000000 | 0.00000000 | 0.00000000 | 0.00000000 | 0.00000000 | 0.00000000 | 0.00000000 | 0.00000000 | 0.00000000 | 0.00000000 | 0.00000000 | 0.00000000 | 0.00000000 | 0.00000000 | 0.00000000 | 0.00000000 | 0.00000000
Load  33 | 0.00000000 | 0.00000000 | 0.00000000 | 0.00000000 | 0.00000000 | 0.00000000 | 0.00000000 | 0.00000000 | 0.00000000 | 0.00000000 | 0.00000000 | 0.00000000 | 0.00000000 | 0.00000000 | 0.00000000 | 0.00000000 | 0.00000000 | 0.00000000 | 0.00000000 | 0.00000000 | 0.00000000 | 0.00000000
Load  34 | 0.00000000 | 0.00000000 | 0.00000000 | 0.00000000 | 0.00000000 | 0.00000000 | 0.00000000 | 0.00000000 | 0.00000000 | 0.00000000 | 0.00000000 | 0.00000000 | 0.00000000 | 0.00000000 | 0.00000000 | 0.00000000 | 0.00000000 | 0.00000000 | 0.00000000 | 0.00000000 | 0.00000000 | 0.00000000
Load  35 | 0.00000000 | 0.00000000 | 0.00000000 | 0.00000000 | 0.00000000 | 0.00000000 | 0.00000000 | 0.00000000 | 0.00000000 | 0.00000000 | 0.00000000 | 0.00000000 | 0.00000000 | 0.00000000 | 0.00000000 | 0.00000000 | 0.00000000 | 0.00000000 | 0.00000000 | 0.00000000 | 0.00000000 | 0.00000000
Load  36 | 0.00000000 | 0.00000000 | 0.00000000 | 0.00000000 | 0.00000000 | 0.00000000 | 0.00000000 | 0.00000000 | 0.00000000 | 0.00000000 | 0.00000000 | 0.00000000 | 0.00000000 | 0.00000000 | 0.00000000 | 0.00000000 | 0.00000000 | 0.00000000 | 0.00000000 | 0.00000000 | 0.00000000 | 0.00000000
Load  37 | 0.00000000 | 0.00000000 | 0.00000000 | 0.00000000 | 0.00000000 | 0.00000000 | 0.00000000 | 0.00000000 | 0.00000000 | 0.00000000 | 0.00000000 | 0.00000000 | 0.00000000 | 0.00000000 | 0.00000000 | 0.00000000 | 0.00000000 | 0.00000000 | 0.00000000 | 0.00000000 | 0.00000000 | 0.00000000
Load  38 | 0.00000000 | 0.00000000 | 0.00000000 | 0.00000000 | 0.00000000 | 0.00000000 | 0.00000000 | 0.00000000 | 0.00000000 | 0.00000000 | 0.00000000 | 0.00000000 | 0.00000000 | 0.00000000 | 0.00000000 | 0.00000000 | 0.00000000 | 0.00000000 | 0.00000000 | 0.00000000 | 0.00000000 | 0.00000000
Load  39 | 0.00000000 | 0.00000000 | 0.00000000 | 0.00000000 | 0.00000000 | 0.00000000 | 0.00000000 | 0.00000000 | 0.00000000 | 0.00000000 | 0.00000000 | 0.00000000 | 0.00000000 | 0.00000000 | 0.00000000 | 0.00000000 | 0.00000000 | 0.00000000 | 0.00000000 | 0.00000000 | 0.00000000 | 0.00000000
Load  40 | 0.00000000 | 0.00000000 | 0.00000000 | 0.00000000 | 0.00000000 | 0.00000000 | 0.00000000 | 0.00000000 | 0.00000000 | 0.00000000 | 0.00000000 | 0.00000000 | 0.00000000 | 0.00000000 | 0.00000000 | 0.00000000 | 0.00000000 | 0.00000000 | 0.00000000 | 0.00000000 | 0.00000000 | 0.00000000
Load  41 | 0.00000000 | 0.00000000 | 0.00000000 | 0.00000000 | 0.00000000 | 0.00000000 | 0.00000000 | 0.00000000 | 0.00000000 | 0.00000000 | 0.00000000 | 0.00000000 | 0.00000000 | 0.00000000 | 0.00000000 | 0.00000000 | 0.00000000 | 0.00000000 | 0.00000000 | 0.00000000 | 0.00000000 | 0.00000000
Load  42 | 0.00000000 | 0.00000000 | 0.00000000 | 0.00000000 | 0.00000000 | 0.00000000 | 0.00000000 | 0.00000000 | 0.00000000 | 0.00000000 | 0.00000000 | 0.00000000 | 0.00000000 | 0.00000000 | 0.00000000 | 0.00000000 | 0.00000000 | 0.00000000 | 0.00000000 | 0.00000000 | 0.00000000 | 0.00000000
Load  43 | 0.00000000 | 0.00000000 | 0.00000000 | 0.00000000 | 0.00000000 | 0.00000000 | 0.00000000 | 0.00000000 | 0.00000000 | 0.00000000 | 0.00000000 | 0.00000000 | 0.00000000 | 0.00000000 | 0.00000000 | 0.00000000 | 0.00000000 | 0.00000000 | 0.00000000 | 0.00000000 | 0.00000000 | 0.00000000
Load  44 | 0.00000000 | 0.00000000 | 0.00000000 | 0.00000000 | 0.00000000 | 0.00000000 | 0.00000000 | 0.00000000 | 0.00000000 | 0.00000000 | 0.00000000 | 0.00000000 | 0.00000000 | 0.00000000 | 0.00000000 | 0.00000000 | 0.00000000 | 0.00000000 | 0.00000000 | 0.00000000 | 0.00000000 | 0.00000000
Load  45 | 0.00000000 | 0.00000000 | 0.00000000 | 0.00000000 | 0.00000000 | 0.00000000 | 0.00000000 | 0.00000000 | 0.00000000 | 0.00000000 | 0.00000000 | 0.00000000 | 0.00000000 | 0.00000000 | 0.00000000 | 0.00000000 | 0.00000000 | 0.00000000 | 0.00000000 | 0.00000000 | 0.00000000 | 0.00000000
Load  46 | 0.00000000 | 0.00000000 | 0.00000000 | 0.00000000 | 0.00000000 | 0.00000000 | 0.00000000 | 0.00000000 | 0.00000000 | 0.00000000 | 0.00000000 | 0.00000000 | 0.00000000 | 0.00000000 | 0.00000000 | 0.00000000 | 0.00000000 | 0.00000000 | 0.00000000 | 0.00000000 | 0.00000000 | 0.00000000
Load  47 | 0.00000000 | 0.00000000 | 0.00000000 | 0.00000000 | 0.00000000 | 0.00000000 | 0.00000000 | 0.00000000 | 0.00000000 | 0.00000000 | 0.00000000 | 0.00000000 | 0.00000000 | 0.00000000 | 0.00000000 | 0.00000000 | 0.00000000 | 0.00000000 | 0.00000000 | 0.00000000 | 0.00000000 | 0.00000000
Load  48 | 0.00000000 | 0.00000000 | 0.00000000 | 0.00000000 | 0.00000000 | 0.00000000 | 0.00000000 | 0.00000000 | 0.00000000 | 0.00000000 | 0.00000000 | 0.00000000 | 0.00000000 | 0.00000000 | 0.00000000 | 0.00000000 | 0.00000000 | 0.00000000 | 0.00000000 | 0.00000000 | 0.00000000 | 0.00000000
Load  49 | 0.00000000 | 0.00000000 | 0.00000000 | 0.00000000 | 0.00000000 | 0.00000000 | 0.00000000 | 0.00000000 | 0.00000000 | 0.00000000 | 0.00000000 | 0.00000000 | 0.00000000 | 0.00000000 | 0.00000000 | 0.00000000 | 0.00000000 | 0.00000000 | 0.00000000 | 0.00000000 | 0.00000000 | 0.00000000
Load  50 | 0.00000000 | 0.00000000 | 0.00000000 | 0.00000000 | 0.00000000 | 0.00000000 | 0.00000000 | 0.00000000 | 0.00000000 | 0.00000000 | 0.00000000 | 0.00000000 | 0.00000000 | 0.00000000 | 0.00000000 | 0.00000000 | 0.00000000 | 0.00000000 | 0.00000000 | 0.00000000 | 0.00000000 | 0.00000000
Load  51 | 0.00000000 | 0.00000000 | 0.00000000 | 0.00000000 | 0.00000000 | 0.00000000 | 0.00000000 | 0.00000000 | 0.00000000 | 0.00000000 | 0.00000000 | 0.00000000 | 0.00000000 | 0.00000000 | 0.00000000 | 0.00000000 | 0.00000000 | 0.00000000 | 0.00000000 | 0.00000000 | 0.00000000 | 0.00000000
Load  52 | 0.00000000 | 0.00000000 | 0.00000000 | 0.00000000 | 0.00000000 | 0.00000000 | 0.00000000 | 0.00000000 | 0.00000000 | 0.00000000 | 0.00000000 | 0.00000000 | 0.00000000 | 0.00000000 | 0.00000000 | 0.00000000 | 0.00000000 | 0.00000000 | 0.00000000 | 0.00000000 | 0.00000000 | 0.00000000
Load  53 | 0.00000000 | 0.00000000 | 0.00000000 | 0.00000000 | 0.00000000 | 0.00000000 | 0.00000000 | 0.00000000 | 0.00000000 | 0.00000000 | 0.00000000 | 0.00000000 | 0.00000000 | 0.00000000 | 0.00000000 | 0.00000000 | 0.00000000 | 0.00000000 | 0.00000000 | 0.00000000 | 0.00000000 | 0.00000000
Load  54 | 0.00000000 | 0.00000000 | 0.00000000 | 0.00000000 | 0.00000000 | 0.00000000 | 0.00000000 | 0.00000000 | 0.00000000 | 0.00000000 | 0.00000000 | 0.00000000 | 0.00000000 | 0.00000000 | 0.00000000 | 0.00000000 | 0.00000000 | 0.00000000 | 0.00000000 | 0.00000000 | 0.00000000 | 0.00000000
Load  55 | 0.00000000 | 0.00000000 | 0.00000000 | 0.00000000 | 0.00000000 | 0.00000000 | 0.00000000 | 0.00000000 | 0.00000000 | 0.00000000 | 0.00000000 | 0.00000000 | 0.00000000 | 0.00000000 | 0.00000000 | 0.00000000 | 0.00000000 | 0.00000000 | 0.00000000 | 0.00000000 | 0.00000000 | 0.00000000
Load  56 | 0.00000000 | 0.00000000 | 0.00000000 | 0.00000000 | 0.00000000 | 0.00000000 | 0.00000000 | 0.00000000 | 0.00000000 | 0.00000000 | 0.00000000 | 0.00000000 | 0.00000000 | 0.00000000 | 0.00000000 | 0.00000000 | 0.00000000 | 0.00000000 | 0.00000000 | 0.00000000 | 0.00000000 | 0.00000000
Load  57 | 0.00000000 | 0.00000000 | 0.00000000 | 0.00000000 | 0.00000000 | 0.00000000 | 0.00000000 | 0.00000000 | 0.00000000 | 0.00000000 | 0.00000000 | 0.00000000 | 0.00000000 | 0.00000000 | 0.00000000 | 0.00000000 | 0.00000000 | 0.00000000 | 0.00000000 | 0.00000000 | 0.00000000 | 0.00000000
Load  58 | 0.00000000 | 0.00000000 | 0.00000000 | 0.00000000 | 0.00000000 | 0.00000000 | 0.00000000 | 0.00000000 | 0.00000000 | 0.00000000 | 0.00000000 | 0.00000000 | 0.00000000 | 0.00000000 | 0.00000000 | 0.00000000 | 0.00000000 | 0.00000000 | 0.00000000 | 0.00000000 | 0.00000000 | 0.00000000
Load  59 | 0.00000000 | 0.00000000 | 0.00000000 | 0.00000000 | 0.00000000 | 0.00000000 | 0.00000000 | 0.00000000 | 0.00000000 | 0.00000000 | 0.00000000 | 0.00000000 | 0.00000000 | 0.00000000 | 0.00000000 | 0.00000000 | 0.00000000 | 0.00000000 | 0.00000000 | 0.00000000 | 0.00000000 | 0.00000000
Load  60 | 0.00000000 | 0.00000000 | 0.00000000 | 0.00000000 | 0.00000000 | 0.00000000 | 0.00000000 | 0.00000000 | 0.00000000 | 0.00000000 | 0.00000000 | 0.00000000 | 0.00000000 | 0.00000000 | 0.00000000 | 0.00000000 | 0.00000000 | 0.00000000 | 0.00000000 | 0.00000000 | 0.00000000 | 0.00000000
Load  61 | 0.00000000 | 0.00000000 | 0.00000000 | 0.00000000 | 0.00000000 | 0.00000000 | 0.00000000 | 0.00000000 | 0.00000000 | 0.00000000 | 0.00000000 | 0.00000000 | 0.00000000 | 0.00000000 | 0.00000000 | 0.00000000 | 0.00000000 | 0.00000000 | 0.00000000 | 0.00000000 | 0.00000000 | 0.00000000
Load  62 | 0.00000000 | 0.00000000 | 0.00000000 | 0.00000000 | 0.00000000 | 0.00000000 | 0.00000000 | 0.00000000 | 0.00000000 | 0.00000000 | 0.00000000 | 0.00000000 | 0.00000000 | 0.00000000 | 0.00000000 | 0.00000000 | 0.00000000 | 0.00000000 | 0.00000000 | 0.00000000 | 0.00000000 | 0.00000000
Load  63 | 0.00000000 | 0.00000000 | 0.00000000 | 0.00000000 | 0.00000000 | 0.00000000 | 0.00000000 | 0.00000000 | 0.00000000 | 0.00000000 | 0.00000000 | 0.00000000 | 0.00000000 | 0.00000000 | 0.00000000 | 0.00000000 | 0.00000000 | 0.00000000 | 0.00000000 | 0.00000000 | 0.00000000 | 0.00000000
Load  64 | 0.00000000 | 0.00000000 | 0.00000000 | 0.00000000 | 0.00000000 | 0.00000000 | 0.00000000 | 0.00000000 | 0.00000000 | 0.00000000 | 0.00000000 | 0.00000000 | 0.00000000 | 0.00000000 | 0.00000000 | 0.00000000 | 0.00000000 | 0.00000000 | 0.00000000 | 0.00000000 | 0.00000000 | 0.00000000
Load  65 | 0.00000000 | 0.00000000 | 0.00000000 | 0.00000000 | 0.00000000 | 0.00000000 | 0.00000000 | 0.00000000 | 0.00000000 | 0.00000000 | 0.00000000 | 0.00000000 | 0.00000000 | 0.00000000 | 0.00000000 | 0.00000000 | 0.00000000 | 0.00000000 | 0.00000000 | 0.00000000 | 0.00000000 | 0.00000000
Load  66 | 0.00000000 | 0.00000000 | 0.00000000 | 0.00000000 | 0.00000000 | 0.00000000 | 0.00000000 | 0.00000000 | 0.00000000 | 0.00000000 | 0.00000000 | 0.00000000 | 0.00000000 | 0.00000000 | 0.00000000 | 0.00000000 | 0.00000000 | 0.00000000 | 0.00000000 | 0.00000000 | 0.00000000 | 0.00000000
Load  67 | 0.00000000 | 0.00000000 | 0.00000000 | 0.00000000 | 0.00000000 | 0.00000000 | 0.00000000 | 0.00000000 | 0.00000000 | 0.00000000 | 0.00000000 | 0.00000000 | 0.00000000 | 0.00000000 | 0.00000000 | 0.00000000 | 0.00000000 | 0.00000000 | 0.00000000 | 0.00000000 | 0.00000000 | 0.00000000
Load  68 | 0.00000000 | 0.00000000 | 0.00000000 | 0.00000000 | 0.00000000 | 0.00000000 | 0.00000000 | 0.00000000 | 0.00000000 | 0.00000000 | 0.00000000 | 0.00000000 | 0.00000000 | 0.00000000 | 0.00000000 | 0.00000000 | 0.00000000 | 0.00000000 | 0.00000000 | 0.00000000 | 0.00000000 | 0.00000000
Load  69 | 0.00000000 | 0.00000000 | 0.00000000 | 0.00000000 | 0.00000000 | 0.00000000 | 0.00000000 | 0.00000000 | 0.00000000 | 0.00000000 | 0.00000000 | 0.00000000 | 0.00000000 | 0.00000000 | 0.00000000 | 0.00000000 | 0.00000000 | 0.00000000 | 0.00000000 | 0.00000000 | 0.00000000 | 0.00000000
Load  70 | 0.00000000 | 0.00000000 | 0.00000000 | 0.00000000 | 0.00000000 | 0.00000000 | 0.00000000 | 0.00000000 | 0.00000000 | 0.00000000 | 0.00000000 | 0.00000000 | 0.00000000 | 0.00000000 | 0.00000000 | 0.00000000 | 0.00000000 | 0.00000000 | 0.00000000 | 0.00000000 | 0.00000000 | 0.00000000
Load  71 | 0.00000000 | 0.00000000 | 0.00000000 | 0.00000000 | 0.00000000 | 0.00000000 | 0.00000000 | 0.00000000 | 0.00000000 | 0.00000000 | 0.00000000 | 0.00000000 | 0.00000000 | 0.00000000 | 0.00000000 | 0.00000000 | 0.00000000 | 0.00000000 | 0.00000000 | 0.00000000 | 0.00000000 | 0.00000000
Load  72 | 0.00000000 | 0.00000000 | 0.00000000 | 0.00000000 | 0.00000000 | 0.00000000 | 0.00000000 | 0.00000000 | 0.00000000 | 0.00000000 | 0.00000000 | 0.00000000 | 0.00000000 | 0.00000000 | 0.00000000 | 0.00000000 | 0.00000000 | 0.00000000 | 0.00000000 | 0.00000000 | 0.00000000 | 0.00000000
Load  73 | 0.00000000 | 0.00000000 | 0.00000000 | 0.00000000 | 0.00000000 | 0.00000000 | 0.00000000 | 0.00000000 | 0.00000000 | 0.00000000 | 0.00000000 | 0.00000000 | 0.00000000 | 0.00000000 | 0.00000000 | 0.00000000 | 0.00000000 | 0.00000000 | 0.00000000 | 0.00000000 | 0.00000000 | 0.00000000
Load  74 | 0.00000000 | 0.00000000 | 0.00000000 | 0.00000000 | 0.00000000 | 0.00000000 | 0.00000000 | 0.00000000 | 0.00000000 | 0.00000000 | 0.00000000 | 0.00000000 | 0.00000000 | 0.00000000 | 0.00000000 | 0.00000000 | 0.00000000 | 0.00000000 | 0.00000000 | 0.00000000 | 0.00000000 | 0.00000000
Load  75 | 0.00000000 | 0.00000000 | 0.00000000 | 0.00000000 | 0.00000000 | 0.00000000 | 0.00000000 | 0.00000000 | 0.00000000 | 0.00000000 | 0.00000000 | 0.00000000 | 0.00000000 | 0.00000000 | 0.00000000 | 0.00000000 | 0.00000000 | 0.00000000 | 0.00000000 | 0.00000000 | 0.00000000 | 0.00000000
Load  76 | 0.00000000 | 0.00000000 | 0.00000000 | 0.00000000 | 0.00000000 | 0.00000000 | 0.00000000 | 0.00000000 | 0.00000000 | 0.00000000 | 0.00000000 | 0.00000000 | 0.00000000 | 0.00000000 | 0.00000000 | 0.00000000 | 0.00000000 | 0.00000000 | 0.00000000 | 0.00000000 | 0.00000000 | 0.00000000
Load  77 | 0.00000000 | 0.00000000 | 0.00000000 | 0.00000000 | 0.00000000 | 0.00000000 | 0.00000000 | 0.00000000 | 0.00000000 | 0.00000000 | 0.00000000 | 0.00000000 | 0.00000000 | 0.00000000 | 0.00000000 | 0.00000000 | 0.00000000 | 0.00000000 | 0.00000000 | 0.00000000 | 0.00000000 | 0.00000000
Load  78 | 0.00000000 | 0.00000000 | 0.00000000 | 0.00000000 | 0.00000000 | 0.00000000 | 0.00000000 | 0.00000000 | 0.00000000 | 0.00000000 | 0.00000000 | 0.00000000 | 0.00000000 | 0.00000000 | 0.00000000 | 0.00000000 | 0.00000000 | 0.00000000 | 0.00000000 | 0.00000000 | 0.00000000 | 0.00000000
Load  79 | 0.00000000 | 0.00000000 | 0.00000000 | 0.00000000 | 0.00000000 | 0.00000000 | 0.00000000 | 0.00000000 | 0.00000000 | 0.00000000 | 0.00000000 | 0.00000000 | 0.00000000 | 0.00000000 | 0.00000000 | 0.00000000 | 0.00000000 | 0.00000000 | 0.00000000 | 0.00000000 | 0.00000000 | 0.00000000
Load  80 | 0.00000000 | 0.00000000 | 0.00000000 | 0.00000000 | 0.00000000 | 0.00000000 | 0.00000000 | 0.00000000 | 0.00000000 | 0.00000000 | 0.00000000 | 0.00000000 | 0.00000000 | 0.00000000 | 0.00000000 | 0.00000000 | 0.00000000 | 0.00000000 | 0.00000000 | 0.00000000 | 0.00000000 | 0.00000000
Load  81 | 0.00000000 | 0.00000000 | 0.00000000 | 0.00000000 | 0.00000000 | 0.00000000 | 0.00000000 | 0.00000000 | 0.00000000 | 0.00000000 | 0.00000000 | 0.00000000 | 0.00000000 | 0.00000000 | 0.00000000 | 0.00000000 | 0.00000000 | 0.00000000 | 0.00000000 | 0.00000000 | 0.00000000 | 0.00000000
Load  82 | 0.00000000 | 0.00000000 | 0.00000000 | 0.00000000 | 0.00000000 | 0.00000000 | 0.00000000 | 0.00000000 | 0.00000000 | 0.00000000 | 0.00000000 | 0.00000000 | 0.00000000 | 0.00000000 | 0.00000000 | 0.00000000 | 0.00000000 | 0.00000000 | 0.00000000 | 0.00000000 | 0.00000000 | 0.00000000
Load  83 | 0.00000000 | 0.00000000 | 0.00000000 | 0.00059172 | 0.00000000 | 0.00000000 | 0.00000000 | 0.00000000 | 0.00000000 | 0.00000000 | 0.00000000 | 0.00000000 | 0.00000000 | 0.00000000 | 0.00000000 | 0.00000000 | 0.00000000 | 0.00000000 | 0.00000000 | 0.00000000 | 0.00002959 | 0.00012896
Load  84 | 0.00000000 | 0.00000000 | 0.00000000 | 0.00000000 | 0.00000000 | 0.00000000 | 0.00000000 | 0.00000000 | 0.00000000 | 0.00000000 | 0.00000000 | 0.00000000 | 0.00000000 | 0.00000000 | 0.00000000 | 0.00000000 | 0.00000000 | 0.00000000 | 0.00000000 | 0.00000000 | 0.00000000 | 0.00000000
Load  85 | 0.00000000 | 0.00000000 | 0.00000000 | 0.00000000 | 0.00000000 | 0.00000000 | 0.00000000 | 0.00000000 | 0.00000000 | 0.00000000 | 0.00000000 | 0.00000000 | 0.00000000 | 0.00000000 | 0.00000000 | 0.00000000 | 0.00000000 | 0.00000000 | 0.00000000 | 0.00000000 | 0.00000000 | 0.00000000
Load  86 | 0.00000000 | 0.00000000 | 0.00000000 | 0.00000000 | 0.00000000 | 0.00000000 | 0.00000000 | 0.00000000 | 0.00000000 | 0.00000000 | 0.00000000 | 0.00000000 | 0.00000000 | 0.00000000 | 0.00000000 | 0.00000000 | 0.00000000 | 0.00000000 | 0.00000000 | 0.00000000 | 0.00000000 | 0.00000000
Load  87 | 0.00000000 | 0.00000000 | 0.00000000 | 0.00000000 | 0.00000000 | 0.00000000 | 0.00000000 | 0.00000000 | 0.00000000 | 0.00000000 | 0.00000000 | 0.00000000 | 0.00000000 | 0.00000000 | 0.00000000 | 0.00000000 | 0.00000000 | 0.00000000 | 0.00000000 | 0.00000000 | 0.00000000 | 0.00000000
Load  88 | 0.00000000 | 0.00000000 | 0.00000000 | 0.00000000 | 0.00000000 | 0.00000000 | 0.00000000 | 0.00000000 | 0.00000000 | 0.00000000 | 0.00000000 | 0.00000000 | 0.00000000 | 0.00000000 | 0.00000000 | 0.00000000 | 0.00000000 | 0.00000000 | 0.00000000 | 0.00000000 | 0.00000000 | 0.00000000
Load  89 | 0.00000000 | 0.00000000 | 0.00000000 | 0.00000000 | 0.00000000 | 0.00000000 | 0.00000000 | 0.00000000 | 0.00000000 | 0.00000000 | 0.00000000 | 0.00000000 | 0.00000000 | 0.00000000 | 0.00000000 | 0.00000000 | 0.00000000 | 0.00000000 | 0.00000000 | 0.00000000 | 0.00000000 | 0.00000000
Load  90 | 0.00000000 | 0.00000000 | 0.00000000 | 0.00000000 | 0.00000000 | 0.00000000 | 0.00000000 | 0.00000000 | 0.00000000 | 0.00000000 | 0.00000000 | 0.00000000 | 0.00000000 | 0.00000000 | 0.00000000 | 0.00000000 | 0.00000000 | 0.00000000 | 0.00000000 | 0.00000000 | 0.00000000 | 0.00000000
Load  91 | 0.00000000 | 0.00000000 | 0.00000000 | 0.00000000 | 0.00000000 | 0.00000000 | 0.00000000 | 0.00000000 | 0.00000000 | 0.00000000 | 0.00000000 | 0.00000000 | 0.00000000 | 0.00000000 | 0.00000000 | 0.00000000 | 0.00000000 | 0.00000000 | 0.00000000 | 0.00000000 | 0.00000000 | 0.00000000
Load  92 | 0.00000000 | 0.00000000 | 0.00000000 | 0.00000000 | 0.00000000 | 0.00000000 | 0.00000000 | 0.00000000 | 0.00000000 | 0.00000000 | 0.00000000 | 0.00000000 | 0.00000000 | 0.00000000 | 0.00000000 | 0.00000000 | 0.00000000 | 0.00000000 | 0.00000000 | 0.00000000 | 0.00000000 | 0.00000000
Load  93 | 0.00000000 | 0.00000000 | 0.00000000 | 0.00000000 | 0.00000000 | 0.00000000 | 0.00000000 | 0.00000000 | 0.00000000 | 0.00000000 | 0.00000000 | 0.00000000 | 0.00000000 | 0.00000000 | 0.00000000 | 0.00000000 | 0.00000000 | 0.00000000 | 0.00000000 | 0.00000000 | 0.00000000 | 0.00000000
Load  94 | 0.00000000 | 0.00000000 | 0.00000000 | 0.00000000 | 0.00000000 | 0.00000000 | 0.00000000 | 0.00000000 | 0.00000000 | 0.00000000 | 0.00000000 | 0.00000000 | 0.00000000 | 0.00000000 | 0.00000000 | 0.00000000 | 0.00000000 | 0.00000000 | 0.00000000 | 0.00000000 | 0.00000000 | 0.00000000
Load  95 | 0.00000000 | 0.00000000 | 0.00000000 | 0.00000000 | 0.00000000 | 0.00000000 | 0.00000000 | 0.00000000 | 0.00000000 | 0.00000000 | 0.00000000 | 0.00000000 | 0.00000000 | 0.00000000 | 0.00000000 | 0.00000000 | 0.00000000 | 0.00000000 | 0.00000000 | 0.00000000 | 0.00000000 | 0.00000000
Load  96 | 0.00000000 | 0.00000000 | 0.00000000 | 0.00000000 | 0.00000000 | 0.00000000 | 0.00000000 | 0.00000000 | 0.00000000 | 0.00000000 | 0.00000000 | 0.00000000 | 0.00000000 | 0.00000000 | 0.00000000 | 0.00000000 | 0.00000000 | 0.00000000 | 0.00000000 | 0.00000000 | 0.00000000 | 0.00000000
Load  97 | 0.00000000 | 0.00000000 | 0.00000000 | 0.00000000 | 0.00000000 | 0.00000000 | 0.00000000 | 0.00000000 | 0.00000000 | 0.00000000 | 0.00000000 | 0.00000000 | 0.00000000 | 0.00000000 | 0.00000000 | 0.00000000 | 0.00000000 | 0.00000000 | 0.00000000 | 0.00000000 | 0.00000000 | 0.00000000
Load  98 | 0.00000000 | 0.00000000 | 0.00000000 | 0.00000000 | 0.00000000 | 0.00000000 | 0.00000000 | 0.00000000 | 0.00000000 | 0.00000000 | 0.00000000 | 0.00000000 | 0.00000000 | 0.00000000 | 0.00000000 | 0.00000000 | 0.00000000 | 0.00000000 | 0.00000000 | 0.00000000 | 0.00000000 | 0.00000000
Load  99 | 0.00000000 | 0.00309278 | 0.00000000 | 0.00000000 | 0.00000000 | 0.00000000 | 0.00000000 | 0.00000000 | 0.00000000 | 0.00000000 | 0.00000000 | 0.00000000 | 0.00000000 | 0.00000000 | 0.00000000 | 0.00000000 | 0.00000000 | 0.00000000 | 0.00000000 | 0.00000000 | 0.00015464 | 0.00067406
Load 100 | 0.00000000 | 0.00000000 | 0.00000000 | 0.00000000 | 0.00000000 | 0.00000000 | 0.00000000 | 0.00000000 | 0.00000000 | 0.00000000 | 0.00000000 | 0.00000000 | 0.00000000 | 0.00000000 | 0.00000000 | 0.00000000 | 0.00000000 | 0.00000000 | 0.00000000 | 0.00000000 | 0.00000000 | 0.00000000
Load 101 | 0.00000000 | 0.00000000 | 0.00000000 | 0.00146199 | 0.00000000 | 0.00000000 | 0.00000000 | 0.00000000 | 0.00000000 | 0.00000000 | 0.00000000 | 0.00000000 | 0.00000000 | 0.00000000 | 0.00000000 | 0.00000000 | 0.00000000 | 0.00000000 | 0.00000000 | 0.00000000 | 0.00007310 | 0.00031863
Load 102 | 0.00000000 | 0.00000000 | 0.00000000 | 0.00000000 | 0.00000000 | 0.00048709 | 0.00000000 | 0.00000000 | 0.00000000 | 0.00000000 | 0.00000000 | 0.00000000 | 0.00000000 | 0.00000000 | 0.00000000 | 0.00000000 | 0.00000000 | 0.00000000 | 0.00000000 | 0.00048780 | 0.00004874 | 0.00014623
Load 103 | 0.00000000 | 0.00000000 | 0.00000000 | 0.00000000 | 0.00000000 | 0.00000000 | 0.00000000 | 0.00000000 | 0.00000000 | 0.00000000 | 0.00000000 | 0.00000000 | 0.00000000 | 0.00000000 | 0.00000000 | 0.00000000 | 0.00000000 | 0.00094877 | 0.00000000 | 0.00000000 | 0.00004744 | 0.00020678
Load 104 | 0.00000000 | 0.00000000 | 0.00000000 | 0.00000000 | 0.00000000 | 0.00000000 | 0.00000000 | 0.00000000 | 0.00000000 | 0.00000000 | 0.00000000 | 0.00049432 | 0.00000000 | 0.00000000 | 0.00000000 | 0.00095465 | 0.00000000 | 0.00000000 | 0.00000000 | 0.00000000 | 0.00007245 | 0.00022921
Load 105 | 0.00045620 | 0.00000000 | 0.00000000 | 0.00046992 | 0.00000000 | 0.00000000 | 0.00000000 | 0.00000000 | 0.00000000 | 0.00000000 | 0.00000000 | 0.00046490 | 0.00000000 | 0.00000000 | 0.00000000 | 0.00000000 | 0.00000000 | 0.00000000 | 0.00000000 | 0.00048333 | 0.00009372 | 0.00018749
Load 106 | 0.00000000 | 0.00000000 | 0.00000000 | 0.00000000 | 0.00000000 | 0.00000000 | 0.00000000 | 0.00000000 | 0.00000000 | 0.00000000 | 0.00000000 | 0.00000000 | 0.00000000 | 0.00000000 | 0.00000000 | 0.00000000 | 0.00000000 | 0.00000000 | 0.00000000 | 0.00000000 | 0.00000000 | 0.00000000
Load 107 | 0.00000000 | 0.00000000 | 0.00000000 | 0.00000000 | 0.00000000 | 0.00000000 | 0.00000000 | 0.00000000 | 0.00000000 | 0.00000000 | 0.00000000 | 0.00000000 | 0.00000000 | 0.00000000 | 0.00000000 | 0.00000000 | 0.00000000 | 0.00000000 | 0.00000000 | 0.00000000 | 0.00000000 | 0.00000000
Load 108 | 0.00000000 | 0.00000000 | 0.00000000 | 0.00000000 | 0.00000000 | 0.00135624 | 0.00000000 | 0.00047893 | 0.00000000 | 0.00000000 | 0.00000000 | 0.00000000 | 0.00000000 | 0.00000000 | 0.00000000 | 0.00000000 | 0.00045372 | 0.00000000 | 0.00000000 | 0.00000000 | 0.00011444 | 0.00031723
Load 109 | 0.00000000 | 0.00000000 | 0.00000000 | 0.00000000 | 0.00000000 | 0.00000000 | 0.00000000 | 0.00000000 | 0.00000000 | 0.00000000 | 0.00093589 | 0.00000000 | 0.00000000 | 0.00000000 | 0.00000000 | 0.00000000 | 0.00000000 | 0.00000000 | 0.00000000 | 0.00000000 | 0.00004679 | 0.00020397
Load 110 | 0.00043649 | 0.00000000 | 0.00000000 | 0.00000000 | 0.00000000 | 0.00000000 | 0.00000000 | 0.00000000 | 0.00000000 | 0.00000000 | 0.00000000 | 0.00000000 | 0.00000000 | 0.00091033 | 0.00000000 | 0.00000000 | 0.00000000 | 0.00000000 | 0.00000000 | 0.00045475 | 0.00009008 | 0.00023062
Load 111 | 0.00000000 | 0.00000000 | 0.00000000 | 0.00000000 | 0.00000000 | 0.00000000 | 0.00000000 | 0.00138696 | 0.00000000 | 0.00000000 | 0.00000000 | 0.00000000 | 0.00000000 | 0.00044823 | 0.00000000 | 0.00000000 | 0.00000000 | 0.00000000 | 0.00000000 | 0.00000000 | 0.00009176 | 0.00031274
Load 112 | 0.00000000 | 0.00000000 | 0.00000000 | 0.00000000 | 0.00000000 | 0.00000000 | 0.00174140 | 0.00000000 | 0.00000000 | 0.00000000 | 0.00000000 | 0.00000000 | 0.00000000 | 0.00000000 | 0.00000000 | 0.00000000 | 0.00000000 | 0.00044131 | 0.00000000 | 0.00000000 | 0.00010914 | 0.00038659
Load 113 | 0.00000000 | 0.00000000 | 0.00000000 | 0.00136054 | 0.00000000 | 0.00043459 | 0.00000000 | 0.00000000 | 0.00045455 | 0.00000000 | 0.00000000 | 0.00000000 | 0.00000000 | 0.00000000 | 0.00000000 | 0.00000000 | 0.00000000 | 0.00000000 | 0.00000000 | 0.00000000 | 0.00011248 | 0.00031571
Load 114 | 0.00000000 | 0.00000000 | 0.00000000 | 0.00000000 | 0.00000000 | 0.00170213 | 0.00000000 | 0.00091533 | 0.00000000 | 0.00000000 | 0.00086543 | 0.00042662 | 0.00000000 | 0.00086281 | 0.00000000 | 0.00000000 | 0.00000000 | 0.00000000 | 0.00130152 | 0.00175824 | 0.00039160 | 0.00059702
Load 115 | 0.00000000 | 0.00000000 | 0.00000000 | 0.00000000 | 0.00000000 | 0.00000000 | 0.00000000 | 0.00000000 | 0.00000000 | 0.00344531 | 0.00000000 | 0.00000000 | 0.00000000 | 0.00000000 | 0.00000000 | 0.00127986 | 0.00000000 | 0.00127443 | 0.00000000 | 0.00000000 | 0.00029998 | 0.00081647
Load 116 | 0.00085507 | 0.00000000 | 0.00000000 | 0.00000000 | 0.00000000 | 0.00000000 | 0.00000000 | 0.00000000 | 0.00000000 | 0.00000000 | 0.00000000 | 0.00000000 | 0.00085985 | 0.00000000 | 0.00000000 | 0.00000000 | 0.00000000 | 0.00000000 | 0.00042680 | 0.00000000 | 0.00010709 | 0.00026677
Load 117 | 0.00000000 | 0.00000000 | 0.00082542 | 0.00042319 | 0.00042553 | 0.00043234 | 0.00000000 | 0.00044033 | 0.00000000 | 0.00208855 | 0.00245700 | 0.00000000 | 0.00000000 | 0.00000000 | 0.00085837 | 0.00000000 | 0.00000000 | 0.00000000 | 0.00042499 | 0.00000000 | 0.00041879 | 0.00067937
Load 118 | 0.00000000 | 0.00000000 | 0.00086881 | 0.00000000 | 0.00000000 | 0.00000000 | 0.00000000 | 0.00000000 | 0.00248756 | 0.00000000 | 0.00000000 | 0.00000000 | 0.00000000 | 0.00000000 | 0.00167645 | 0.00088889 | 0.00000000 | 0.00000000 | 0.00000000 | 0.00166320 | 0.00037925 | 0.00072226
Load 119 | 0.00000000 | 0.00043253 | 0.00000000 | 0.00000000 | 0.00000000 | 0.00000000 | 0.00000000 | 0.00165085 | 0.00000000 | 0.00000000 | 0.00043234 | 0.00041982 | 0.00041271 | 0.00083056 | 0.00249377 | 0.00125523 | 0.00000000 | 0.00000000 | 0.00000000 | 0.00000000 | 0.00039639 | 0.00066286
Load 120 | 0.00000000 | 0.00000000 | 0.00127986 | 0.00000000 | 0.00165837 | 0.00000000 | 0.00000000 | 0.00083612 | 0.00081400 | 0.00043898 | 0.00213129 | 0.00127660 | 0.00250104 | 0.00000000 | 0.00000000 | 0.00041511 | 0.00000000 | 0.00000000 | 0.00081967 | 0.00000000 | 0.00060855 | 0.00076836
Load 121 | 0.00334169 | 0.00082919 | 0.00366002 | 0.00042753 | 0.00334169 | 0.00080289 | 0.00000000 | 0.00000000 | 0.00258844 | 0.00083056 | 0.00000000 | 0.00041999 | 0.00000000 | 0.00000000 | 0.00204750 | 0.00000000 | 0.00000000 | 0.00000000 | 0.00000000 | 0.00000000 | 0.00091448 | 0.00127039
Load 122 | 0.00121359 | 0.00160772 | 0.00000000 | 0.00000000 | 0.00080906 | 0.00000000 | 0.00357853 | 0.00040833 | 0.00082034 | 0.00000000 | 0.00000000 | 0.00081867 | 0.00000000 | 0.00000000 | 0.00155280 | 0.00166667 | 0.00000000 | 0.00083893 | 0.00041894 | 0.00000000 | 0.00068668 | 0.00088503
Load 123 | 0.00312500 | 0.00207814 | 0.00120289 | 0.00243902 | 0.00521460 | 0.00042088 | 0.00317209 | 0.00000000 | 0.00000000 | 0.00041102 | 0.00000000 | 0.00000000 | 0.00000000 | 0.00205677 | 0.00000000 | 0.00322451 | 0.00040783 | 0.00453795 | 0.00123203 | 0.00163399 | 0.00155784 | 0.00158301
Load 124 | 0.00040096 | 0.00198728 | 0.00575895 | 0.00000000 | 0.00366300 | 0.00000000 | 0.00000000 | 0.00000000 | 0.00244798 | 0.00000000 | 0.00080710 | 0.00232378 | 0.00160514 | 0.00040404 | 0.00358852 | 0.00000000 | 0.00156250 | 0.00000000 | 0.00079491 | 0.00000000 | 0.00126721 | 0.00157021
Load 125 | 0.00000000 | 0.00000000 | 0.00286416 | 0.00040080 | 0.00537841 | 0.00242522 | 0.00082508 | 0.00000000 | 0.00000000 | 0.00117187 | 0.00080775 | 0.00278996 | 0.00083682 | 0.00041000 | 0.00192456 | 0.00119617 | 0.00320641 | 0.00000000 | 0.00038986 | 0.00000000 | 0.00123135 | 0.00141023
Load 126 | 0.00080483 | 0.00277228 | 0.00000000 | 0.00080580 | 0.00492798 | 0.00201857 | 0.00000000 | 0.00000000 | 0.00078462 | 0.00000000 | 0.00236686 | 0.00000000 | 0.00404040 | 0.00000000 | 0.00240385 | 0.00040967 | 0.00000000 | 0.00000000 | 0.00000000 | 0.00350740 | 0.00124211 | 0.00153747
Load 127 | 0.00000000 | 0.00120627 | 0.00000000 | 0.00000000 | 0.00000000 | 0.00039809 | 0.00311526 | 0.00000000 | 0.00078462 | 0.00080808 | 0.00309358 | 0.00194628 | 0.00121114 | 0.00039401 | 0.00000000 | 0.00158667 | 0.00040016 | 0.00353080 | 0.00122299 | 0.00000000 | 0.00098490 | 0.00111371
Load 128 | 0.00196696 | 0.00114811 | 0.00000000 | 0.00655106 | 0.00763359 | 0.00120530 | 0.00200160 | 0.00157729 | 0.00267380 | 0.00156617 | 0.00433412 | 0.00235571 | 0.00000000 | 0.00422752 | 0.00158416 | 0.00157978 | 0.00119237 | 0.00039293 | 0.00037936 | 0.00193874 | 0.00221543 | 0.00198055
Load 129 | 0.00117005 | 0.00076570 | 0.00076953 | 0.00388350 | 0.00077670 | 0.00398248 | 0.00424383 | 0.00302229 | 0.00000000 | 0.00038300 | 0.00233100 | 0.00155099 | 0.00389864 | 0.00114591 | 0.00000000 | 0.00237342 | 0.00855698 | 0.00382409 | 0.00153492 | 0.00000000 | 0.00221065 | 0.00204732
Load 130 | 0.00417457 | 0.00077912 | 0.00116686 | 0.00074850 | 0.00303145 | 0.00113723 | 0.00378501 | 0.00111815 | 0.00000000 | 0.00000000 | 0.00220264 | 0.00417933 | 0.00191058 | 0.00080096 | 0.00417774 | 0.00268199 | 0.00225141 | 0.00152905 | 0.00643939 | 0.00232739 | 0.00222207 | 0.00162496
Load 131 | 0.00592593 | 0.00112528 | 0.00275374 | 0.00151057 | 0.00000000 | 0.00075557 | 0.00220832 | 0.00187196 | 0.00149925 | 0.00114943 | 0.00271108 | 0.00076046 | 0.00117187 | 0.00190767 | 0.00188679 | 0.00000000 | 0.00148644 | 0.00678477 | 0.00224803 | 0.00517751 | 0.00214673 | 0.00177768
Load 132 | 0.00431711 | 0.00646388 | 0.00384615 | 0.00650096 | 0.00154440 | 0.00488906 | 0.00038285 | 0.00118017 | 0.00186846 | 0.00547089 | 0.00331126 | 0.00038373 | 0.00038110 | 0.00182482 | 0.00454890 | 0.00036390 | 0.00075786 | 0.00598578 | 0.00000000 | 0.00296626 | 0.00284938 | 0.00220181
Load 133 | 0.00149533 | 0.00526712 | 0.00231392 | 0.00491122 | 0.00379507 | 0.00260126 | 0.00294768 | 0.00451977 | 0.00384615 | 0.00111815 | 0.00037936 | 0.00553506 | 0.00318246 | 0.00075700 | 0.00743931 | 0.00113809 | 0.00114679 | 0.00407407 | 0.00187899 | 0.00369276 | 0.00310198 | 0.00182397
Load 134 | 0.00153374 | 0.00768386 | 0.00188253 | 0.00115340 | 0.00677966 | 0.00340780 | 0.00401753 | 0.00419048 | 0.00220345 | 0.00764234 | 0.00340393 | 0.00492238 | 0.00260126 | 0.00186359 | 0.00564122 | 0.00225394 | 0.00115518 | 0.00376506 | 0.00000000 | 0.00000000 | 0.00330507 | 0.00224507
Load 135 | 0.00552893 | 0.00147765 | 0.00509832 | 0.00462606 | 0.00409378 | 0.00295530 | 0.00110173 | 0.00340393 | 0.00411369 | 0.00226244 | 0.00116279 | 0.00114987 | 0.00630330 | 0.00589536 | 0.00653358 | 0.00504141 | 0.00603693 | 0.00073883 | 0.00075500 | 0.00073774 | 0.00345083 | 0.00206984
Load 136 | 0.00217470 | 0.00222305 | 0.00289226 | 0.00073314 | 0.00401753 | 0.00603693 | 0.00594133 | 0.00633147 | 0.00903179 | 0.00411215 | 0.00413378 | 0.00543675 | 0.00293794 | 0.00292077 | 0.00973675 | 0.00149309 | 0.00153492 | 0.00705009 | 0.00584795 | 0.00037893 | 0.00424827 | 0.00256240
Load 137 | 0.00433526 | 0.00483092 | 0.00405754 | 0.00290381 | 0.00214516 | 0.00110254 | 0.00110783 | 0.00530223 | 0.00331248 | 0.00184775 | 0.01156905 | 0.00220913 | 0.00144928 | 0.00513761 | 0.00037821 | 0.00036643 | 0.00405754 | 0.00437956 | 0.00000000 | 0.00073611 | 0.00306142 | 0.00257691
Load 138 | 0.00505415 | 0.00431344 | 0.00279916 | 0.00536289 | 0.00437637 | 0.01006832 | 0.00481660 | 0.00480769 | 0.00248403 | 0.00336072 | 0.00634328 | 0.00578035 | 0.00361272 | 0.00636228 | 0.01755027 | 0.00330761 | 0.00539957 | 0.01030561 | 0.00755124 | 0.00779037 | 0.00607233 | 0.00336740
Load 139 | 0.01015406 | 0.00992204 | 0.00613497 | 0.01546206 | 0.00528728 | 0.01257422 | 0.00278164 | 0.00713012 | 0.00929235 | 0.00249288 | 0.00180050 | 0.00257069 | 0.00426288 | 0.01714486 | 0.00327630 | 0.00730727 | 0.01160746 | 0.00867679 | 0.00570004 | 0.00503960 | 0.00743090 | 0.00427265
Load 140 | 0.00772201 | 0.00756484 | 0.00771775 | 0.01412429 | 0.00571837 | 0.00927247 | 0.00286225 | 0.00104094 | 0.00246132 | 0.00243987 | 0.01059467 | 0.00284293 | 0.00392577 | 0.00993612 | 0.00397542 | 0.00036617 | 0.00036114 | 0.00894134 | 0.00821429 | 0.00436522 | 0.00572236 | 0.00372818
Load 141 | 0.00468131 | 0.00895736 | 0.00492611 | 0.00966356 | 0.00480769 | 0.00425230 | 0.00320057 | 0.00530035 | 0.00385289 | 0.00648181 | 0.00921659 | 0.00601132 | 0.00035997 | 0.00869263 | 0.01111883 | 0.00533618 | 0.00447504 | 0.00898100 | 0.00035689 | 0.00665732 | 0.00586649 | 0.00284505
Load 142 | 0.00903091 | 0.00866113 | 0.01584507 | 0.00956938 | 0.00911321 | 0.00800557 | 0.00554401 | 0.01038062 | 0.00139034 | 0.00387597 | 0.00363636 | 0.00732984 | 0.00799722 | 0.00630252 | 0.01485674 | 0.00385830 | 0.00622711 | 0.00535714 | 0.00705965 | 0.01215588 | 0.00780985 | 0.00355839
Load 143 | 0.01483051 | 0.00780455 | 0.00952045 | 0.00831313 | 0.00700035 | 0.01463415 | 0.00884354 | 0.00559832 | 0.00792011 | 0.00316233 | 0.00209351 | 0.00904662 | 0.01932203 | 0.00243902 | 0.00453752 | 0.00707214 | 0.00804196 | 0.00703235 | 0.00322581 | 0.01283831 | 0.00816384 | 0.00435059
Load 144 | 0.01459854 | 0.00525762 | 0.00766551 | 0.01201098 | 0.01870748 | 0.00618132 | 0.01754978 | 0.00505963 | 0.00547383 | 0.00878117 | 0.00550206 | 0.00991453 | 0.00748809 | 0.00656531 | 0.00389794 | 0.01595925 | 0.01783841 | 0.02183122 | 0.00950441 | 0.01207729 | 0.01059322 | 0.00527705
Load 145 | 0.01129363 | 0.01200686 | 0.00521558 | 0.00852951 | 0.01159930 | 0.01550121 | 0.01480485 | 0.00661560 | 0.01566852 | 0.00307377 | 0.00883152 | 0.00712831 | 0.00284799 | 0.00070671 | 0.00592128 | 0.00783646 | 0.01593625 | 0.00998967 | 0.01106883 | 0.00683060 | 0.00907032 | 0.00433478
Load 146 | 0.01196990 | 0.01496090 | 0.01024116 | 0.01837007 | 0.01075642 | 0.00881655 | 0.00824176 | 0.01412332 | 0.01802108 | 0.00919703 | 0.00959629 | 0.01008065 | 0.00756534 | 0.01135984 | 0.00942444 | 0.02552906 | 0.00664336 | 0.02071307 | 0.01000667 | 0.00867754 | 0.01221472 | 0.00482064
Load 147 | 0.01648167 | 0.00342231 | 0.01414141 | 0.01768377 | 0.00811574 | 0.01462585 | 0.01023541 | 0.00906040 | 0.01262458 | 0.01439090 | 0.01556684 | 0.00644286 | 0.01068597 | 0.00747597 | 0.01230462 | 0.01766304 | 0.01818182 | 0.01733911 | 0.01114754 | 0.01496599 | 0.01262779 | 0.00410317
Load 148 | 0.01633878 | 0.00960879 | 0.01350461 | 0.00770308 | 0.01744966 | 0.01017728 | 0.01371653 | 0.01136755 | 0.01038178 | 0.01023891 | 0.00884354 | 0.01351797 | 0.01242665 | 0.00638870 | 0.01013171 | 0.01111111 | 0.01838235 | 0.02239789 | 0.01843925 | 0.01563540 | 0.01288808 | 0.00402077
Load 149 | 0.01714286 | 0.00992131 | 0.01207648 | 0.01411765 | 0.01394558 | 0.01614498 | 0.00607287 | 0.00447813 | 0.02038835 | 0.00846883 | 0.00363156 | 0.00810263 | 0.01626286 | 0.01051893 | 0.01128069 | 0.00997592 | 0.01416049 | 0.02163782 | 0.00686577 | 0.01390268 | 0.01195482 | 0.00483975
Load 150 | 0.00813284 | 0.01321877 | 0.01701445 | 0.01459854 | 0.00870730 | 0.01192098 | 0.03268405 | 0.01020072 | 0.01630435 | 0.00850629 | 0.01029558 | 0.01631702 | 0.01341382 | 0.01117129 | 0.01726473 | 0.01255783 | 0.00745301 | 0.01815736 | 0.01012829 | 0.02410026 | 0.01410737 | 0.00588613
Load 151 | 0.01598639 | 0.01705686 | 0.00814388 | 0.01057502 | 0.01534356 | 0.00647359 | 0.01270903 | 0.01104210 | 0.01976669 | 0.02185792 | 0.02297342 | 0.01956947 | 0.00700701 | 0.01535446 | 0.02985554 | 0.01781003 | 0.01505017 | 0.01017984 | 0.01427623 | 0.01264591 | 0.01518386 | 0.00566106
Load 152 | 0.01686508 | 0.01538462 | 0.01902263 | 0.01049069 | 0.02219321 | 0.01429058 | 0.01729765 | 0.01549887 | 0.01425257 | 0.01510989 | 0.01268781 | 0.01076321 | 0.01309329 | 0.01700353 | 0.02230123 | 0.01546053 | 0.03673724 | 0.01600784 | 0.01227605 | 0.01536919 | 0.01660528 | 0.00553395
Load 153 | 0.02463212 | 0.01516650 | 0.01985440 | 0.01621443 | 0.01380217 | 0.02349206 | 0.02007772 | 0.01490066 | 0.02389525 | 0.01247471 | 0.01373896 | 0.01067734 | 0.00989151 | 0.01704918 | 0.01735068 | 0.00919842 | 0.01734661 | 0.00756794 | 0.01635514 | 0.01122112 | 0.01574535 | 0.00478641
Load 154 | 0.02541575 | 0.01638291 | 0.01113294 | 0.01361868 | 0.01578428 | 0.02486623 | 0.00780742 | 0.01840491 | 0.01598174 | 0.03714470 | 0.01616031 | 0.03049356 | 0.01840289 | 0.01502777 | 0.01611842 | 0.02286088 | 0.00631020 | 0.00993707 | 0.01010430 | 0.02475405 | 0.01783545 | 0.00760059
Load 155 | 0.01782820 | 0.02037516 | 0.01206391 | 0.01372549 | 0.01950585 | 0.02456924 | 0.01394422 | 0.01657459 | 0.02870662 | 0.03054662 | 0.00808538 | 0.01528953 | 0.01615509 | 0.01637733 | 0.02079272 | 0.01154354 | 0.02004454 | 0.02135231 | 0.01515651 | 0.02114707 | 0.01818920 | 0.00542675
Load 156 | 0.01481481 | 0.03841310 | 0.01532567 | 0.02644997 | 0.01675798 | 0.01124711 | 0.01862745 | 0.01778784 | 0.00962155 | 0.01083388 | 0.01489699 | 0.00679579 | 0.01559907 | 0.01744924 | 0.02115385 | 0.01825168 | 0.01278269 | 0.02309396 | 0.01248000 | 0.02639752 | 0.01743901 | 0.00697722
Load 157 | 0.03194488 | 0.02712302 | 0.02635914 | 0.02553722 | 0.02119461 | 0.01264622 | 0.01306981 | 0.02331523 | 0.02435897 | 0.01906250 | 0.02587859 | 0.02403542 | 0.01350917 | 0.03041475 | 0.01467305 | 0.02120362 | 0.02558502 | 0.01900161 | 0.02016260 | 0.01998066 | 0.02195280 | 0.00541356
Load 158 | 0.02580239 | 0.02207711 | 0.01780694 | 0.02290805 | 0.00768738 | 0.02067669 | 0.03618930 | 0.02124336 | 0.02164083 | 0.01985906 | 0.02233407 | 0.02347267 | 0.01597652 | 0.02238567 | 0.01775701 | 0.02087947 | 0.02341031 | 0.02008929 | 0.02904957 | 0.02461538 | 0.02179305 | 0.00531688
Load 159 | 0.03392517 | 0.03125000 | 0.03052234 | 0.01970130 | 0.03022670 | 0.01162791 | 0.03206539 | 0.02628246 | 0.02482930 | 0.01877187 | 0.02910138 | 0.01791326 | 0.03612226 | 0.02368172 | 0.01893568 | 0.03485905 | 0.01675624 | 0.02873382 | 0.03113208 | 0.03230817 | 0.02643730 | 0.00682593
Load 160 | 0.02524151 | 0.03233831 | 0.01017165 | 0.03691172 | 0.02823972 | 0.04725111 | 0.03106736 | 0.02128992 | 0.01944183 | 0.02187307 | 0.03337492 | 0.03965570 | 0.02201550 | 0.02723378 | 0.03844971 | 0.02581438 | 0.03436426 | 0.04206731 | 0.01306565 | 0.02472188 | 0.02872947 | 0.00931727
Load 161 | 0.03342449 | 0.03218949 | 0.02459792 | 0.03046757 | 0.03615604 | 0.03553770 | 0.03369066 | 0.02819609 | 0.04049080 | 0.03118179 | 0.02123613 | 0.03859009 | 0.02063790 | 0.02580044 | 0.03697078 | 0.02985075 | 0.02723378 | 0.03120076 | 0.02060568 | 0.01735358 | 0.02977062 | 0.00633851
Load 162 | 0.03799815 | 0.02805179 | 0.02112029 | 0.02581438 | 0.02875497 | 0.02924155 | 0.03086420 | 0.02986425 | 0.02701005 | 0.02840737 | 0.03678725 | 0.02609764 | 0.02860697 | 0.02484663 | 0.02612170 | 0.02191358 | 0.03135363 | 0.03876439 | 0.03153579 | 0.03143297 | 0.02922938 | 0.00458207
Load 163 | 0.03551745 | 0.03195191 | 0.03496933 | 0.03536880 | 0.03523810 | 0.04458408 | 0.01799566 | 0.03741281 | 0.01995635 | 0.02590361 | 0.02917443 | 0.02846868 | 0.02248595 | 0.02949395 | 0.03196347 | 0.02684357 | 0.01960784 | 0.03764779 | 0.02570379 | 0.02123673 | 0.02957621 | 0.00698685
Load 164 | 0.03408748 | 0.02983725 | 0.02880903 | 0.02549317 | 0.01377152 | 0.03009618 | 0.04192872 | 0.02588307 | 0.03209358 | 0.01718750 | 0.03778718 | 0.01508011 | 0.05455618 | 0.02171254 | 0.02147239 | 0.04564820 | 0.02445735 | 0.02720247 | 0.04160386 | 0.03375268 | 0.03012302 | 0.01022037
Load 165 | 0.04730928 | 0.04507212 | 0.02738021 | 0.03913430 | 0.04464555 | 0.05182568 | 0.03589744 | 0.03377967 | 0.03477181 | 0.02739304 | 0.03374233 | 0.03183576 | 0.04043782 | 0.03567110 | 0.03666051 | 0.03618930 | 0.03966597 | 0.04458977 | 0.03711656 | 0.02514747 | 0.03741329 | 0.00674191
Load 166 | 0.03374613 | 0.03455593 | 0.03689378 | 0.05959684 | 0.04500151 | 0.03895715 | 0.02709285 | 0.03453453 | 0.02358913 | 0.05325444 | 0.05285160 | 0.02811366 | 0.04214901 | 0.03527981 | 0.03588808 | 0.02894089 | 0.04189271 | 0.02555522 | 0.03075545 | 0.03198294 | 0.03703158 | 0.00945594
Load 167 | 0.04061069 | 0.03969421 | 0.05211633 | 0.02609764 | 0.04663963 | 0.02249924 | 0.03448276 | 0.03353474 | 0.04345256 | 0.04533412 | 0.05135861 | 0.04172832 | 0.02701025 | 0.03612335 | 0.05033853 | 0.03547148 | 0.02994555 | 0.04228708 | 0.04081025 | 0.03128797 | 0.03854116 | 0.00832765
Load 168 | 0.05678793 | 0.04015700 | 0.04475400 | 0.04264140 | 0.03940299 | 0.03954306 | 0.03718259 | 0.04255319 | 0.04330827 | 0.03812669 | 0.04093567 | 0.02470661 | 0.02885482 | 0.03773015 | 0.03515968 | 0.05119760 | 0.03189889 | 0.04205882 | 0.02286585 | 0.03552991 | 0.03876976 | 0.00776858
Load 169 | 0.04196816 | 0.03506686 | 0.02850138 | 0.04144928 | 0.04358068 | 0.06492754 | 0.03329405 | 0.04194978 | 0.04217045 | 0.03016726 | 0.03584123 | 0.04355452 | 0.03929333 | 0.03357314 | 0.03074627 | 0.02532409 | 0.04704185 | 0.03609023 | 0.04012066 | 0.04858063 | 0.03916207 | 0.00849740
Load 170 | 0.02814424 | 0.03907587 | 0.03431953 | 0.04234339 | 0.05605577 | 0.06811146 | 0.03960396 | 0.04834532 | 0.04247104 | 0.05376028 | 0.04590354 | 0.04629630 | 0.03510379 | 0.03462940 | 0.03154100 | 0.03899884 | 0.04213650 | 0.03732639 | 0.03769140 | 0.05754772 | 0.04297029 | 0.00959387
Load 171 | 0.04433638 | 0.06084656 | 0.05588994 | 0.02077846 | 0.06062372 | 0.06738698 | 0.05047592 | 0.04693349 | 0.03221992 | 0.05423629 | 0.03687445 | 0.04815456 | 0.04019808 | 0.03545879 | 0.04544096 | 0.03606267 | 0.02678303 | 0.04882353 | 0.03441115 | 0.05560212 | 0.04507685 | 0.01188591
Load 172 | 0.03774137 | 0.05047868 | 0.05790960 | 0.06372981 | 0.05590596 | 0.05406178 | 0.03992902 | 0.04621725 | 0.04478923 | 0.03178847 | 0.05397562 | 0.05860597 | 0.05656623 | 0.06513838 | 0.03469264 | 0.06020942 | 0.04918510 | 0.05305886 | 0.05776380 | 0.04014380 | 0.05059455 | 0.00945667
Load 173 | 0.04157110 | 0.04880137 | 0.06083002 | 0.03760282 | 0.05412446 | 0.04390244 | 0.04000000 | 0.05008686 | 0.04620650 | 0.06379949 | 0.03125000 | 0.06295878 | 0.05895821 | 0.03333333 | 0.06002265 | 0.06017599 | 0.04031323 | 0.06951116 | 0.03352770 | 0.04357999 | 0.04902780 | 0.01129640
Load 174 | 0.04478491 | 0.04747948 | 0.04853240 | 0.05100236 | 0.05033074 | 0.05031810 | 0.06072051 | 0.05257143 | 0.04797906 | 0.04846066 | 0.04492795 | 0.04734243 | 0.04047891 | 0.04755001 | 0.05002892 | 0.04777070 | 0.04364271 | 0.04138538 | 0.05855982 | 0.04216867 | 0.04830176 | 0.00495416
Load 175 | 0.06478873 | 0.03891611 | 0.04693761 | 0.05045203 | 0.05255801 | 0.05680204 | 0.05428731 | 0.06042209 | 0.06451613 | 0.05401543 | 0.05949986 | 0.04190751 | 0.04182967 | 0.06033011 | 0.07223914 | 0.06006768 | 0.05618295 | 0.04574979 | 0.05588318 | 0.03826607 | 0.05378257 | 0.00901490
Load 176 | 0.05962136 | 0.06108859 | 0.04772663 | 0.05916994 | 0.06375744 | 0.06109690 | 0.02693104 | 0.03966171 | 0.05253889 | 0.06275919 | 0.07382369 | 0.04641107 | 0.05324074 | 0.05573021 | 0.06574100 | 0.05222158 | 0.06506849 | 0.06750349 | 0.05564738 | 0.05362319 | 0.05616813 | 0.01029449
Load 177 | 0.05233380 | 0.04668233 | 0.04791608 | 0.06152993 | 0.05887300 | 0.05166573 | 0.05507165 | 0.06593407 | 0.06338640 | 0.06250000 | 0.03981797 | 0.04305396 | 0.04974562 | 0.05729167 | 0.06857785 | 0.06278153 | 0.03806525 | 0.06954300 | 0.06457926 | 0.05398308 | 0.05566661 | 0.00915024
Load 178 | 0.05874126 | 0.07248764 | 0.04576081 | 0.06132345 | 0.06736189 | 0.05533818 | 0.05065082 | 0.04969118 | 0.04868270 | 0.06972883 | 0.06172840 | 0.05955679 | 0.05459689 | 0.06826414 | 0.04912479 | 0.05149128 | 0.04698760 | 0.05796703 | 0.04178674 | 0.06027778 | 0.05657741 | 0.00841631
Load 179 | 0.04927954 | 0.06199386 | 0.07806487 | 0.07150745 | 0.05603811 | 0.05502527 | 0.06644969 | 0.07148865 | 0.04415954 | 0.07185123 | 0.05941423 | 0.07174151 | 0.06326940 | 0.05527355 | 0.05400937 | 0.06714962 | 0.03860346 | 0.08082759 | 0.08675296 | 0.06444319 | 0.06336715 | 0.01191977
Load 180 | 0.06940589 | 0.04662200 | 0.06302996 | 0.08062349 | 0.06789953 | 0.08640646 | 0.04997177 | 0.04334452 | 0.06921373 | 0.06393443 | 0.05636916 | 0.07345576 | 0.05404664 | 0.07057869 | 0.05962521 | 0.04626039 | 0.05688623 | 0.07458948 | 0.05503810 | 0.05645161 | 0.06218765 | 0.01147726
Load 181 | 0.08293461 | 0.06914746 | 0.07205003 | 0.07638327 | 0.06399341 | 0.06612948 | 0.05303244 | 0.06741573 | 0.06594923 | 0.06816293 | 0.06088611 | 0.07717934 | 0.08429841 | 0.04412183 | 0.05465531 | 0.06524744 | 0.06033268 | 0.06915477 | 0.05686546 | 0.07465565 | 0.06662978 | 0.00976312
Load 182 | 0.05850041 | 0.06668489 | 0.06965443 | 0.08555858 | 0.07286569 | 0.06427790 | 0.07076923 | 0.08242778 | 0.07465135 | 0.06413043 | 0.07472350 | 0.06827644 | 0.06703601 | 0.06714761 | 0.09725216 | 0.07520044 | 0.06633907 | 0.05114736 | 0.07530601 | 0.04510022 | 0.06985248 | 0.01110399
Load 183 | 0.05918481 | 0.07017544 | 0.07576996 | 0.08006492 | 0.07471110 | 0.05278013 | 0.06363884 | 0.06988493 | 0.07463095 | 0.06059752 | 0.07523085 | 0.08217308 | 0.05930359 | 0.07754881 | 0.05126050 | 0.05672787 | 0.07756003 | 0.07399464 | 0.06500542 | 0.07046888 | 0.06853561 | 0.00908376
Load 184 | 0.07512883 | 0.06756018 | 0.08313664 | 0.05992196 | 0.08128961 | 0.11125863 | 0.07166760 | 0.06722689 | 0.08856767 | 0.06681034 | 0.06212370 | 0.07326203 | 0.07398504 | 0.06888035 | 0.08735020 | 0.08318027 | 0.07806789 | 0.08461331 | 0.07138979 | 0.07041096 | 0.07629159 | 0.01130298
Load 185 | 0.08036677 | 0.09321581 | 0.09002112 | 0.07083564 | 0.07777180 | 0.10545645 | 0.09376623 | 0.07154255 | 0.07385603 | 0.08875267 | 0.07230559 | 0.07574946 | 0.06528836 | 0.07368421 | 0.08629442 | 0.07101219 | 0.06469799 | 0.08260632 | 0.06209850 | 0.07332971 | 0.07863259 | 0.01097745
Load 186 | 0.07601397 | 0.08873539 | 0.09214020 | 0.08186196 | 0.06960494 | 0.10200316 | 0.09794087 | 0.09218916 | 0.08862434 | 0.09406734 | 0.08666123 | 0.07756757 | 0.08461117 | 0.08026667 | 0.08308921 | 0.07593583 | 0.07827476 | 0.09589785 | 0.07969083 | 0.08443485 | 0.08548057 | 0.00821704
Load 187 | 0.03993251 | 0.08782540 | 0.07667816 | 0.09320288 | 0.08073541 | 0.08274417 | 0.09662981 | 0.07663146 | 0.07969689 | 0.07966514 | 0.10073069 | 0.07844198 | 0.06320418 | 0.09696017 | 0.09184503 | 0.08901215 | 0.08962390 | 0.06885335 | 0.08668978 | 0.07360475 | 0.08163539 | 0.01345484
Load 188 | 0.07437582 | 0.08331094 | 0.07824684 | 0.07545165 | 0.09329221 | 0.10159056 | 0.06127910 | 0.06689765 | 0.07037643 | 0.09242820 | 0.09098019 | 0.08415709 | 0.07878627 | 0.09243922 | 0.10746190 | 0.07623682 | 0.08362276 | 0.08633288 | 0.07978581 | 0.08848353 | 0.08327679 | 0.01107085
Load 189 | 0.08473221 | 0.06427623 | 0.09905413 | 0.07708498 | 0.07100109 | 0.08386752 | 0.07968127 | 0.07877170 | 0.08771473 | 0.08091446 | 0.08050619 | 0.07358038 | 0.08121147 | 0.09670674 | 0.08341709 | 0.08499336 | 0.05827815 | 0.10753795 | 0.07258938 | 0.10597549 | 0.08259473 | 0.01221253
Load 190 | 0.08686552 | 0.08738366 | 0.07871720 | 0.09649354 | 0.09661328 | 0.10312254 | 0.08059781 | 0.08954438 | 0.08896426 | 0.09984399 | 0.07047160 | 0.09062662 | 0.07838480 | 0.09158734 | 0.09680795 | 0.09994794 | 0.10437975 | 0.10642154 | 0.09006211 | 0.10035842 | 0.09185971 | 0.00940140
Load 191 | 0.08975026 | 0.07698434 | 0.09523810 | 0.08816057 | 0.07574558 | 0.09015112 | 0.09498208 | 0.08057631 | 0.08652071 | 0.06777866 | 0.11633789 | 0.10313316 | 0.09415754 | 0.08651535 | 0.10262467 | 0.08184870 | 0.09690023 | 0.09090909 | 0.09678263 | 0.08474576 | 0.08999214 | 0.01064540
Load 192 | 0.08212435 | 0.09060489 | 0.10988447 | 0.10334269 | 0.09594384 | 0.09802891 | 0.08916360 | 0.08877147 | 0.08923476 | 0.08844622 | 0.10281104 | 0.08740428 | 0.08969665 | 0.10724414 | 0.07133316 | 0.07025333 | 0.07142857 | 0.11528695 | 0.09185532 | 0.09181475 | 0.09173367 | 0.01199679
Load 193 | 0.10142672 | 0.08000000 | 0.09786477 | 0.08301009 | 0.11804342 | 0.10954617 | 0.09109677 | 0.08675203 | 0.10280374 | 0.08437251 | 0.08422425 | 0.12067183 | 0.08585595 | 0.09266908 | 0.10171251 | 0.11293169 | 0.09463313 | 0.07525213 | 0.09642669 | 0.09513961 | 0.09572165 | 0.01230960
Load 194 | 0.10889571 | 0.10243408 | 0.10593654 | 0.09846154 | 0.13346866 | 0.11835073 | 0.08184959 | 0.11988964 | 0.08264682 | 0.10384322 | 0.10480349 | 0.10922642 | 0.10745891 | 0.09955695 | 0.10988447 | 0.09417274 | 0.10438308 | 0.08625196 | 0.10359676 | 0.10690872 | 0.10410100 | 0.01193466
Load 195 | 0.07993647 | 0.08604954 | 0.10253132 | 0.11189727 | 0.12822421 | 0.11405041 | 0.08861746 | 0.10369246 | 0.08628780 | 0.08209539 | 0.08817427 | 0.11981684 | 0.13711703 | 0.09832197 | 0.10300986 | 0.09901247 | 0.08670671 | 0.10029108 | 0.12480700 | 0.07723467 | 0.10089371 | 0.01674586
Load 196 | 0.09163244 | 0.11459129 | 0.09081420 | 0.10385005 | 0.09095541 | 0.09624838 | 0.09222423 | 0.10853689 | 0.12105130 | 0.10440540 | 0.10007718 | 0.09789311 | 0.09241094 | 0.08738366 | 0.08708084 | 0.11457036 | 0.09472329 | 0.09992468 | 0.10184263 | 0.10640444 | 0.09983104 | 0.00934347
Load 197 | 0.12938542 | 0.10960282 | 0.10559006 | 0.10473495 | 0.10434556 | 0.10985915 | 0.12453113 | 0.10076923 | 0.11099796 | 0.11168164 | 0.11589744 | 0.09220041 | 0.09692427 | 0.09751773 | 0.10721545 | 0.09685535 | 0.09418786 | 0.09864899 | 0.10925222 | 0.10548950 | 0.10628436 | 0.00932168
Load 198 | 0.09118931 | 0.10629723 | 0.11074422 | 0.09929613 | 0.10057543 | 0.10348309 | 0.09183935 | 0.12544081 | 0.09779890 | 0.09772901 | 0.11534604 | 0.12207857 | 0.10116732 | 0.10266836 | 0.13851520 | 0.09118388 | 0.12439614 | 0.08475894 | 0.10924797 | 0.08856275 | 0.10511593 | 0.01375217
Load 199 | 0.13109532 | 0.10403451 | 0.11195350 | 0.11678463 | 0.10937500 | 0.10824611 | 0.11634212 | 0.12440312 | 0.10866299 | 0.11048737 | 0.12196932 | 0.10060060 | 0.12711864 | 0.13146713 | 0.09018088 | 0.11234294 | 0.12005966 | 0.11199589 | 0.13027295 | 0.10099974 | 0.11441962 | 0.01089475
Load 200 | 0.09930487 | 0.12968788 | 0.11385527 | 0.10781405 | 0.14540567 | 0.10746269 | 0.10007506 | 0.10966775 | 0.12173913 | 0.12623518 | 0.12392731 | 0.10384615 | 0.10034861 | 0.12333585 | 0.10156250 | 0.11419450 | 0.10762908 | 0.08709016 | 0.10539523 | 0.12744630 | 0.11280116 | 0.01336486
