# MÉDIAS E ESTATÍSTICAS
# Requisição 5: [3,8]
# Modo: CONJUNTO
# ============================================================
# Load | Média | DesvioPadrão | Mínimo | Máximo | IC 95% (inferior) | IC 95% (superior)
# ============================================================
   1 | 0.00000000 | 0.00000000 | 0.00000000 | 0.00000000 | 0.00000000 | 0.00000000
   2 | 0.00000000 | 0.00000000 | 0.00000000 | 0.00000000 | 0.00000000 | 0.00000000
   3 | 0.00000000 | 0.00000000 | 0.00000000 | 0.00000000 | 0.00000000 | 0.00000000
   4 | 0.00000000 | 0.00000000 | 0.00000000 | 0.00000000 | 0.00000000 | 0.00000000
   5 | 0.00000000 | 0.00000000 | 0.00000000 | 0.00000000 | 0.00000000 | 0.00000000
   6 | 0.00000000 | 0.00000000 | 0.00000000 | 0.00000000 | 0.00000000 | 0.00000000
   7 | 0.00000000 | 0.00000000 | 0.00000000 | 0.00000000 | 0.00000000 | 0.00000000
   8 | 0.00000000 | 0.00000000 | 0.00000000 | 0.00000000 | 0.00000000 | 0.00000000
   9 | 0.00000000 | 0.00000000 | 0.00000000 | 0.00000000 | 0.00000000 | 0.00000000
  10 | 0.00000000 | 0.00000000 | 0.00000000 | 0.00000000 | 0.00000000 | 0.00000000
  11 | 0.00000000 | 0.00000000 | 0.00000000 | 0.00000000 | 0.00000000 | 0.00000000
  12 | 0.00000000 | 0.00000000 | 0.00000000 | 0.00000000 | 0.00000000 | 0.00000000
  13 | 0.00000000 | 0.00000000 | 0.00000000 | 0.00000000 | 0.00000000 | 0.00000000
  14 | 0.00000000 | 0.00000000 | 0.00000000 | 0.00000000 | 0.00000000 | 0.00000000
  15 | 0.00000000 | 0.00000000 | 0.00000000 | 0.00000000 | 0.00000000 | 0.00000000
  16 | 0.00000000 | 0.00000000 | 0.00000000 | 0.00000000 | 0.00000000 | 0.00000000
  17 | 0.00000000 | 0.00000000 | 0.00000000 | 0.00000000 | 0.00000000 | 0.00000000
  18 | 0.00000000 | 0.00000000 | 0.00000000 | 0.00000000 | 0.00000000 | 0.00000000
  19 | 0.00000000 | 0.00000000 | 0.00000000 | 0.00000000 | 0.00000000 | 0.00000000
  20 | 0.00000000 | 0.00000000 | 0.00000000 | 0.00000000 | 0.00000000 | 0.00000000
  21 | 0.00000000 | 0.00000000 | 0.00000000 | 0.00000000 | 0.00000000 | 0.00000000
  22 | 0.00000000 | 0.00000000 | 0.00000000 | 0.00000000 | 0.00000000 | 0.00000000
  23 | 0.00000000 | 0.00000000 | 0.00000000 | 0.00000000 | 0.00000000 | 0.00000000
  24 | 0.00000000 | 0.00000000 | 0.00000000 | 0.00000000 | 0.00000000 | 0.00000000
  25 | 0.00000000 | 0.00000000 | 0.00000000 | 0.00000000 | 0.00000000 | 0.00000000
  26 | 0.00000000 | 0.00000000 | 0.00000000 | 0.00000000 | 0.00000000 | 0.00000000
  27 | 0.00000000 | 0.00000000 | 0.00000000 | 0.00000000 | 0.00000000 | 0.00000000
  28 | 0.00000000 | 0.00000000 | 0.00000000 | 0.00000000 | 0.00000000 | 0.00000000
  29 | 0.00000000 | 0.00000000 | 0.00000000 | 0.00000000 | 0.00000000 | 0.00000000
  30 | 0.00000000 | 0.00000000 | 0.00000000 | 0.00000000 | 0.00000000 | 0.00000000
  31 | 0.00000000 | 0.00000000 | 0.00000000 | 0.00000000 | 0.00000000 | 0.00000000
  32 | 0.00000000 | 0.00000000 | 0.00000000 | 0.00000000 | 0.00000000 | 0.00000000
  33 | 0.00000000 | 0.00000000 | 0.00000000 | 0.00000000 | 0.00000000 | 0.00000000
  34 | 0.00000000 | 0.00000000 | 0.00000000 | 0.00000000 | 0.00000000 | 0.00000000
  35 | 0.00000000 | 0.00000000 | 0.00000000 | 0.00000000 | 0.00000000 | 0.00000000
  36 | 0.00000000 | 0.00000000 | 0.00000000 | 0.00000000 | 0.00000000 | 0.00000000
  37 | 0.00000000 | 0.00000000 | 0.00000000 | 0.00000000 | 0.00000000 | 0.00000000
  38 | 0.00000000 | 0.00000000 | 0.00000000 | 0.00000000 | 0.00000000 | 0.00000000
  39 | 0.00000000 | 0.00000000 | 0.00000000 | 0.00000000 | 0.00000000 | 0.00000000
  40 | 0.00000000 | 0.00000000 | 0.00000000 | 0.00000000 | 0.00000000 | 0.00000000
  41 | 0.00000000 | 0.00000000 | 0.00000000 | 0.00000000 | 0.00000000 | 0.00000000
  42 | 0.00000000 | 0.00000000 | 0.00000000 | 0.00000000 | 0.00000000 | 0.00000000
  43 | 0.00000000 | 0.00000000 | 0.00000000 | 0.00000000 | 0.00000000 | 0.00000000
  44 | 0.00000000 | 0.00000000 | 0.00000000 | 0.00000000 | 0.00000000 | 0.00000000
  45 | 0.00000000 | 0.00000000 | 0.00000000 | 0.00000000 | 0.00000000 | 0.00000000
  46 | 0.00000000 | 0.00000000 | 0.00000000 | 0.00000000 | 0.00000000 | 0.00000000
  47 | 0.00000000 | 0.00000000 | 0.00000000 | 0.00000000 | 0.00000000 | 0.00000000
  48 | 0.00000000 | 0.00000000 | 0.00000000 | 0.00000000 | 0.00000000 | 0.00000000
  49 | 0.00000000 | 0.00000000 | 0.00000000 | 0.00000000 | 0.00000000 | 0.00000000
  50 | 0.00000000 | 0.00000000 | 0.00000000 | 0.00000000 | 0.00000000 | 0.00000000
  51 | 0.00000000 | 0.00000000 | 0.00000000 | 0.00000000 | 0.00000000 | 0.00000000
  52 | 0.00000000 | 0.00000000 | 0.00000000 | 0.00000000 | 0.00000000 | 0.00000000
  53 | 0.00000000 | 0.00000000 | 0.00000000 | 0.00000000 | 0.00000000 | 0.00000000
  54 | 0.00000000 | 0.00000000 | 0.00000000 | 0.00000000 | 0.00000000 | 0.00000000
  55 | 0.00000000 | 0.00000000 | 0.00000000 | 0.00000000 | 0.00000000 | 0.00000000
  56 | 0.00000000 | 0.00000000 | 0.00000000 | 0.00000000 | 0.00000000 | 0.00000000
  57 | 0.00000000 | 0.00000000 | 0.00000000 | 0.00000000 | 0.00000000 | 0.00000000
  58 | 0.00000000 | 0.00000000 | 0.00000000 | 0.00000000 | 0.00000000 | 0.00000000
  59 | 0.00000000 | 0.00000000 | 0.00000000 | 0.00000000 | 0.00000000 | 0.00000000
  60 | 0.00000000 | 0.00000000 | 0.00000000 | 0.00000000 | 0.00000000 | 0.00000000
  61 | 0.00000000 | 0.00000000 | 0.00000000 | 0.00000000 | 0.00000000 | 0.00000000
  62 | 0.00000000 | 0.00000000 | 0.00000000 | 0.00000000 | 0.00000000 | 0.00000000
  63 | 0.00000000 | 0.00000000 | 0.00000000 | 0.00000000 | 0.00000000 | 0.00000000
  64 | 0.00000000 | 0.00000000 | 0.00000000 | 0.00000000 | 0.00000000 | 0.00000000
  65 | 0.00000000 | 0.00000000 | 0.00000000 | 0.00000000 | 0.00000000 | 0.00000000
  66 | 0.00000000 | 0.00000000 | 0.00000000 | 0.00000000 | 0.00000000 | 0.00000000
  67 | 0.00000000 | 0.00000000 | 0.00000000 | 0.00000000 | 0.00000000 | 0.00000000
  68 | 0.00000000 | 0.00000000 | 0.00000000 | 0.00000000 | 0.00000000 | 0.00000000
  69 | 0.00000000 | 0.00000000 | 0.00000000 | 0.00000000 | 0.00000000 | 0.00000000
  70 | 0.00000000 | 0.00000000 | 0.00000000 | 0.00000000 | 0.00000000 | 0.00000000
  71 | 0.00000000 | 0.00000000 | 0.00000000 | 0.00000000 | 0.00000000 | 0.00000000
  72 | 0.00000000 | 0.00000000 | 0.00000000 | 0.00000000 | 0.00000000 | 0.00000000
  73 | 0.00000000 | 0.00000000 | 0.00000000 | 0.00000000 | 0.00000000 | 0.00000000
  74 | 0.00000000 | 0.00000000 | 0.00000000 | 0.00000000 | 0.00000000 | 0.00000000
  75 | 0.00000000 | 0.00000000 | 0.00000000 | 0.00000000 | 0.00000000 | 0.00000000
  76 | 0.00000000 | 0.00000000 | 0.00000000 | 0.00000000 | 0.00000000 | 0.00000000
  77 | 0.00000000 | 0.00000000 | 0.00000000 | 0.00000000 | 0.00000000 | 0.00000000
  78 | 0.00000000 | 0.00000000 | 0.00000000 | 0.00000000 | 0.00000000 | 0.00000000
  79 | 0.00000000 | 0.00000000 | 0.00000000 | 0.00000000 | 0.00000000 | 0.00000000
  80 | 0.00000000 | 0.00000000 | 0.00000000 | 0.00000000 | 0.00000000 | 0.00000000
  81 | 0.00000000 | 0.00000000 | 0.00000000 | 0.00000000 | 0.00000000 | 0.00000000
  82 | 0.00000000 | 0.00000000 | 0.00000000 | 0.00000000 | 0.00000000 | 0.00000000
  83 | 0.00000000 | 0.00000000 | 0.00000000 | 0.00000000 | 0.00000000 | 0.00000000
  84 | 0.00000000 | 0.00000000 | 0.00000000 | 0.00000000 | 0.00000000 | 0.00000000
  85 | 0.00000000 | 0.00000000 | 0.00000000 | 0.00000000 | 0.00000000 | 0.00000000
  86 | 0.00000000 | 0.00000000 | 0.00000000 | 0.00000000 | 0.00000000 | 0.00000000
  87 | 0.00000000 | 0.00000000 | 0.00000000 | 0.00000000 | 0.00000000 | 0.00000000
  88 | 0.00000000 | 0.00000000 | 0.00000000 | 0.00000000 | 0.00000000 | 0.00000000
  89 | 0.00000000 | 0.00000000 | 0.00000000 | 0.00000000 | 0.00000000 | 0.00000000
  90 | 0.00000000 | 0.00000000 | 0.00000000 | 0.00000000 | 0.00000000 | 0.00000000
  91 | 0.00000000 | 0.00000000 | 0.00000000 | 0.00000000 | 0.00000000 | 0.00000000
  92 | 0.00000000 | 0.00000000 | 0.00000000 | 0.00000000 | 0.00000000 | 0.00000000
  93 | 0.00000000 | 0.00000000 | 0.00000000 | 0.00000000 | 0.00000000 | 0.00000000
  94 | 0.00000000 | 0.00000000 | 0.00000000 | 0.00000000 | 0.00000000 | 0.00000000
  95 | 0.00000000 | 0.00000000 | 0.00000000 | 0.00000000 | 0.00000000 | 0.00000000
  96 | 0.00000000 | 0.00000000 | 0.00000000 | 0.00000000 | 0.00000000 | 0.00000000
  97 | 0.00000000 | 0.00000000 | 0.00000000 | 0.00000000 | 0.00000000 | 0.00000000
  98 | 0.00000000 | 0.00000000 | 0.00000000 | 0.00000000 | 0.00000000 | 0.00000000
  99 | 0.00000000 | 0.00000000 | 0.00000000 | 0.00000000 | 0.00000000 | 0.00000000
 100 | 0.00000000 | 0.00000000 | 0.00000000 | 0.00000000 | 0.00000000 | 0.00000000
 101 | 0.00000000 | 0.00000000 | 0.00000000 | 0.00000000 | 0.00000000 | 0.00000000
 102 | 0.00000000 | 0.00000000 | 0.00000000 | 0.00000000 | 0.00000000 | 0.00000000
 103 | 0.00000000 | 0.00000000 | 0.00000000 | 0.00000000 | 0.00000000 | 0.00000000
 104 | 0.00000000 | 0.00000000 | 0.00000000 | 0.00000000 | 0.00000000 | 0.00000000
 105 | 0.00000000 | 0.00000000 | 0.00000000 | 0.00000000 | 0.00000000 | 0.00000000
 106 | 0.00000000 | 0.00000000 | 0.00000000 | 0.00000000 | 0.00000000 | 0.00000000
 107 | 0.00000000 | 0.00000000 | 0.00000000 | 0.00000000 | 0.00000000 | 0.00000000
 108 | 0.00000000 | 0.00000000 | 0.00000000 | 0.00000000 | 0.00000000 | 0.00000000
 109 | 0.00000000 | 0.00000000 | 0.00000000 | 0.00000000 | 0.00000000 | 0.00000000
 110 | 0.00000000 | 0.00000000 | 0.00000000 | 0.00000000 | 0.00000000 | 0.00000000
 111 | 0.00000000 | 0.00000000 | 0.00000000 | 0.00000000 | 0.00000000 | 0.00000000
 112 | 0.00000000 | 0.00000000 | 0.00000000 | 0.00000000 | 0.00000000 | 0.00000000
 113 | 0.00000000 | 0.00000000 | 0.00000000 | 0.00000000 | 0.00000000 | 0.00000000
 114 | 0.00000000 | 0.00000000 | 0.00000000 | 0.00000000 | 0.00000000 | 0.00000000
 115 | 0.00000000 | 0.00000000 | 0.00000000 | 0.00000000 | 0.00000000 | 0.00000000
 116 | 0.00000000 | 0.00000000 | 0.00000000 | 0.00000000 | 0.00000000 | 0.00000000
 117 | 0.00000000 | 0.00000000 | 0.00000000 | 0.00000000 | 0.00000000 | 0.00000000
 118 | 0.00000000 | 0.00000000 | 0.00000000 | 0.00000000 | 0.00000000 | 0.00000000
 119 | 0.00000000 | 0.00000000 | 0.00000000 | 0.00000000 | 0.00000000 | 0.00000000
 120 | 0.00000000 | 0.00000000 | 0.00000000 | 0.00000000 | 0.00000000 | 0.00000000
 121 | 0.00000000 | 0.00000000 | 0.00000000 | 0.00000000 | 0.00000000 | 0.00000000
 122 | 0.00000000 | 0.00000000 | 0.00000000 | 0.00000000 | 0.00000000 | 0.00000000
 123 | 0.00000000 | 0.00000000 | 0.00000000 | 0.00000000 | 0.00000000 | 0.00000000
 124 | 0.00001993 | 0.00008687 | 0.00000000 | 0.00039857 | -0.00002059 | 0.00006045
 125 | 0.00001970 | 0.00008587 | 0.00000000 | 0.00039401 | -0.00002035 | 0.00005976
 126 | 0.00002042 | 0.00008899 | 0.00000000 | 0.00040833 | -0.00002109 | 0.00006193
 127 | 0.00000000 | 0.00000000 | 0.00000000 | 0.00000000 | 0.00000000 | 0.00000000
 128 | 0.00001947 | 0.00008487 | 0.00000000 | 0.00038941 | -0.00002012 | 0.00005906
 129 | 0.00013400 | 0.00030230 | 0.00000000 | 0.00115296 | -0.00000700 | 0.00027501
 130 | 0.00000000 | 0.00000000 | 0.00000000 | 0.00000000 | 0.00000000 | 0.00000000
 131 | 0.00001844 | 0.00008036 | 0.00000000 | 0.00036873 | -0.00001905 | 0.00005592
 132 | 0.00009458 | 0.00020452 | 0.00000000 | 0.00077399 | -0.00000082 | 0.00018998
 133 | 0.00018450 | 0.00037499 | 0.00000000 | 0.00145191 | 0.00000959 | 0.00035941
 134 | 0.00007420 | 0.00025184 | 0.00000000 | 0.00111441 | -0.00004326 | 0.00019167
 135 | 0.00012843 | 0.00040670 | 0.00000000 | 0.00183554 | -0.00006127 | 0.00031814
 136 | 0.00007324 | 0.00014650 | 0.00000000 | 0.00037161 | 0.00000491 | 0.00014158
 137 | 0.00010885 | 0.00023296 | 0.00000000 | 0.00075131 | 0.00000019 | 0.00021752
 138 | 0.00023715 | 0.00066721 | 0.00000000 | 0.00292612 | -0.00007406 | 0.00054837
 139 | 0.00003440 | 0.00014994 | 0.00000000 | 0.00068799 | -0.00003554 | 0.00010434
 140 | 0.00049798 | 0.00101886 | 0.00000000 | 0.00396254 | 0.00002274 | 0.00097322
 141 | 0.00028535 | 0.00035099 | 0.00000000 | 0.00107028 | 0.00012163 | 0.00044906
 142 | 0.00033525 | 0.00054985 | 0.00000000 | 0.00218739 | 0.00007878 | 0.00059173
 143 | 0.00036382 | 0.00070725 | 0.00000000 | 0.00244841 | 0.00003393 | 0.00069372
 144 | 0.00054754 | 0.00066998 | 0.00000000 | 0.00238989 | 0.00023503 | 0.00086005
 145 | 0.00093834 | 0.00111129 | 0.00000000 | 0.00403769 | 0.00041998 | 0.00145669
 146 | 0.00102333 | 0.00116865 | 0.00000000 | 0.00474094 | 0.00047822 | 0.00156844
 147 | 0.00098103 | 0.00112000 | 0.00000000 | 0.00335008 | 0.00045862 | 0.00150345
 148 | 0.00096791 | 0.00099432 | 0.00000000 | 0.00343525 | 0.00050412 | 0.00143170
 149 | 0.00121911 | 0.00117098 | 0.00000000 | 0.00398142 | 0.00067292 | 0.00176531
 150 | 0.00137642 | 0.00121562 | 0.00000000 | 0.00366911 | 0.00080940 | 0.00194343
 151 | 0.00155799 | 0.00130768 | 0.00000000 | 0.00467134 | 0.00094803 | 0.00216795
 152 | 0.00153697 | 0.00152773 | 0.00000000 | 0.00549096 | 0.00082437 | 0.00224957
 153 | 0.00169817 | 0.00124865 | 0.00000000 | 0.00465890 | 0.00111574 | 0.00228060
 154 | 0.00223380 | 0.00258316 | 0.00000000 | 0.00982256 | 0.00102890 | 0.00343870
 155 | 0.00225006 | 0.00158503 | 0.00000000 | 0.00480461 | 0.00151074 | 0.00298939
 156 | 0.00187153 | 0.00137864 | 0.00000000 | 0.00489876 | 0.00122847 | 0.00251459
 157 | 0.00265338 | 0.00178028 | 0.00000000 | 0.00603366 | 0.00182298 | 0.00348378
 158 | 0.00272567 | 0.00174363 | 0.00000000 | 0.00734824 | 0.00191236 | 0.00353897
 159 | 0.00370154 | 0.00220133 | 0.00092223 | 0.00898946 | 0.00267475 | 0.00472834
 160 | 0.00363676 | 0.00204405 | 0.00032031 | 0.00721682 | 0.00268333 | 0.00459020
 161 | 0.00379004 | 0.00203686 | 0.00093487 | 0.00828984 | 0.00283996 | 0.00474012
 162 | 0.00290267 | 0.00205750 | 0.00000000 | 0.00708564 | 0.00194296 | 0.00386238
 163 | 0.00429944 | 0.00178164 | 0.00213740 | 0.00896445 | 0.00346841 | 0.00513048
 164 | 0.00400438 | 0.00171168 | 0.00031328 | 0.00723764 | 0.00320597 | 0.00480278
 165 | 0.00579740 | 0.00329859 | 0.00153894 | 0.01400477 | 0.00425880 | 0.00733601
 166 | 0.00549407 | 0.00206743 | 0.00149880 | 0.00989209 | 0.00452974 | 0.00645841
 167 | 0.00556343 | 0.00153380 | 0.00280724 | 0.00874284 | 0.00484800 | 0.00627886
 168 | 0.00640308 | 0.00230979 | 0.00278983 | 0.01292217 | 0.00532569 | 0.00748047
 169 | 0.00768594 | 0.00373678 | 0.00118238 | 0.01444150 | 0.00594294 | 0.00942894
 170 | 0.00755989 | 0.00342737 | 0.00062267 | 0.01471021 | 0.00596121 | 0.00915856
 171 | 0.00863301 | 0.00406986 | 0.00323815 | 0.02116253 | 0.00673465 | 0.01053138
 172 | 0.00868062 | 0.00361492 | 0.00210021 | 0.01470180 | 0.00699447 | 0.01036678
 173 | 0.01094304 | 0.00451970 | 0.00419539 | 0.02229749 | 0.00883485 | 0.01305122
 174 | 0.01066631 | 0.00330117 | 0.00352526 | 0.01640256 | 0.00912650 | 0.01220613
 175 | 0.01137765 | 0.00514496 | 0.00460564 | 0.02386900 | 0.00897782 | 0.01377749
 176 | 0.01017963 | 0.00283789 | 0.00583260 | 0.01705817 | 0.00885591 | 0.01150334
 177 | 0.01144730 | 0.00259095 | 0.00477662 | 0.01607348 | 0.01023877 | 0.01265583
 178 | 0.01148534 | 0.00294192 | 0.00461894 | 0.01606086 | 0.01011310 | 0.01285757
 179 | 0.01323831 | 0.00410320 | 0.00602755 | 0.02237136 | 0.01132440 | 0.01515222
 180 | 0.01393156 | 0.00391416 | 0.00472879 | 0.02200489 | 0.01210582 | 0.01575729
 181 | 0.01480255 | 0.00490935 | 0.00748337 | 0.03196966 | 0.01251262 | 0.01709249
 182 | 0.01512991 | 0.00384451 | 0.00669083 | 0.02278146 | 0.01333666 | 0.01692316
 183 | 0.01608626 | 0.00384141 | 0.01062960 | 0.02338081 | 0.01429446 | 0.01787806
 184 | 0.01633747 | 0.00532121 | 0.00539313 | 0.02681039 | 0.01385543 | 0.01881952
 185 | 0.01552858 | 0.00483946 | 0.00644258 | 0.02565459 | 0.01327124 | 0.01778592
 186 | 0.01917700 | 0.00588045 | 0.00981194 | 0.03102999 | 0.01643410 | 0.02191990
 187 | 0.01700017 | 0.00497054 | 0.00921053 | 0.03031081 | 0.01468170 | 0.01931865
 188 | 0.01851501 | 0.00400562 | 0.01200873 | 0.02708388 | 0.01664661 | 0.02038340
 189 | 0.01805289 | 0.00354504 | 0.01169114 | 0.02680198 | 0.01639933 | 0.01970645
 190 | 0.01908609 | 0.00396414 | 0.01294926 | 0.02823834 | 0.01723704 | 0.02093513
 191 | 0.02065786 | 0.00488496 | 0.01262493 | 0.02815830 | 0.01837930 | 0.02293642
 192 | 0.02316642 | 0.00506059 | 0.01364573 | 0.03212958 | 0.02080594 | 0.02552690
 193 | 0.02244613 | 0.00601505 | 0.01320901 | 0.03683148 | 0.01964045 | 0.02525181
 194 | 0.02584571 | 0.00481711 | 0.01573564 | 0.03269962 | 0.02359880 | 0.02809262
 195 | 0.02450917 | 0.00574774 | 0.01323829 | 0.03697047 | 0.02182817 | 0.02719016
 196 | 0.02451377 | 0.00413850 | 0.01639764 | 0.03268463 | 0.02258339 | 0.02644414
 197 | 0.02596483 | 0.00585441 | 0.01568627 | 0.03712810 | 0.02323408 | 0.02869558
 198 | 0.02710292 | 0.00447316 | 0.01790281 | 0.03631011 | 0.02501644 | 0.02918939
 199 | 0.02865870 | 0.00544561 | 0.02058750 | 0.04118937 | 0.02611863 | 0.03119877
 200 | 0.02732810 | 0.00618302 | 0.02019447 | 0.04560976 | 0.02444407 | 0.03021213
 201 | 0.02688684 | 0.00613131 | 0.01764558 | 0.03723932 | 0.02402694 | 0.02974675
 202 | 0.02789042 | 0.00454591 | 0.01920162 | 0.03530582 | 0.02577001 | 0.03001083
 203 | 0.02653564 | 0.00418672 | 0.01899696 | 0.03646598 | 0.02458277 | 0.02848851
 204 | 0.03175048 | 0.00617681 | 0.01809170 | 0.04110263 | 0.02886934 | 0.03463162
 205 | 0.03331634 | 0.00639350 | 0.02267685 | 0.04945978 | 0.03033413 | 0.03629854
 206 | 0.03217307 | 0.00601073 | 0.01885868 | 0.04267425 | 0.02936940 | 0.03497674
 207 | 0.03203524 | 0.00546927 | 0.02199413 | 0.04307617 | 0.02948413 | 0.03458635
 208 | 0.03358879 | 0.00541415 | 0.02387914 | 0.04931697 | 0.03106339 | 0.03611419
 209 | 0.03582740 | 0.00614154 | 0.02046784 | 0.04710059 | 0.03296271 | 0.03869208
 210 | 0.03599467 | 0.00791082 | 0.02087426 | 0.05041822 | 0.03230471 | 0.03968462
 211 | 0.03593517 | 0.00649894 | 0.02128174 | 0.04558140 | 0.03290378 | 0.03896656
 212 | 0.03868193 | 0.00495991 | 0.02992163 | 0.04901734 | 0.03636841 | 0.04099545
 213 | 0.03746017 | 0.00657003 | 0.02638522 | 0.05357553 | 0.03439562 | 0.04052471
 214 | 0.03665557 | 0.00607161 | 0.02495800 | 0.04725898 | 0.03382351 | 0.03948764
 215 | 0.03762624 | 0.00642455 | 0.02774456 | 0.05396175 | 0.03462955 | 0.04062293
 216 | 0.04301231 | 0.00656545 | 0.03200187 | 0.05965071 | 0.03994990 | 0.04607473
 217 | 0.04253556 | 0.00919397 | 0.02092537 | 0.05691057 | 0.03824709 | 0.04682403
 218 | 0.04018699 | 0.00541441 | 0.03009799 | 0.05204797 | 0.03766147 | 0.04271251
 219 | 0.04162603 | 0.00857733 | 0.02735426 | 0.05800728 | 0.03762518 | 0.04562687
 220 | 0.04235621 | 0.00726104 | 0.02898220 | 0.05356342 | 0.03896934 | 0.04574307
 221 | 0.04487023 | 0.00654586 | 0.03259424 | 0.05510753 | 0.04181695 | 0.04792351
 222 | 0.04443071 | 0.00599138 | 0.03364614 | 0.05706643 | 0.04163607 | 0.04722536
 223 | 0.04532767 | 0.00764283 | 0.02589827 | 0.05819060 | 0.04176272 | 0.04889262
 224 | 0.04320232 | 0.00887859 | 0.03113879 | 0.06462285 | 0.03906096 | 0.04734368
 225 | 0.04544820 | 0.00436170 | 0.03595658 | 0.05344677 | 0.04341371 | 0.04748269
 226 | 0.04784915 | 0.00788411 | 0.03159769 | 0.06426569 | 0.04417165 | 0.05152664
 227 | 0.05198403 | 0.00658800 | 0.03841883 | 0.06611937 | 0.04891110 | 0.05505696
 228 | 0.04725195 | 0.00787695 | 0.03653676 | 0.06749785 | 0.04357780 | 0.05092611
 229 | 0.05018034 | 0.00553631 | 0.03989592 | 0.06048125 | 0.04759796 | 0.05276272
 230 | 0.05062883 | 0.00706116 | 0.03623509 | 0.05994374 | 0.04733520 | 0.05392246
 231 | 0.05400149 | 0.00648613 | 0.04535684 | 0.06730769 | 0.05097607 | 0.05702690
 232 | 0.05175511 | 0.00707490 | 0.04012211 | 0.06734435 | 0.04845507 | 0.05505516
 233 | 0.05186688 | 0.01049624 | 0.03608590 | 0.08122144 | 0.04697097 | 0.05676279
 234 | 0.05636456 | 0.00827270 | 0.04566895 | 0.07402707 | 0.05250581 | 0.06022331
 235 | 0.05388811 | 0.00817482 | 0.03657217 | 0.06556692 | 0.05007502 | 0.05770120
 236 | 0.05479143 | 0.00977715 | 0.03621470 | 0.07216708 | 0.05023094 | 0.05935192
 237 | 0.05286085 | 0.00870409 | 0.03896104 | 0.07408185 | 0.04880088 | 0.05692082
 238 | 0.05704068 | 0.00828949 | 0.04063986 | 0.07162304 | 0.05317410 | 0.06090726
 239 | 0.05861899 | 0.00789460 | 0.03794212 | 0.07697083 | 0.05493660 | 0.06230137
 240 | 0.05919407 | 0.00701254 | 0.04365247 | 0.07252148 | 0.05592311 | 0.06246503
 241 | 0.05871706 | 0.00857942 | 0.04606210 | 0.07778457 | 0.05471524 | 0.06271888
 242 | 0.05921214 | 0.00866303 | 0.03643892 | 0.07330710 | 0.05517133 | 0.06325296
 243 | 0.05587153 | 0.00690336 | 0.04594595 | 0.07019350 | 0.05265150 | 0.05909156
 244 | 0.05803990 | 0.00890860 | 0.03683435 | 0.07864941 | 0.05388454 | 0.06219527
 245 | 0.06164794 | 0.00736479 | 0.05051526 | 0.07534659 | 0.05821268 | 0.06508320
 246 | 0.06345656 | 0.00750992 | 0.04718354 | 0.07815910 | 0.05995360 | 0.06695951
 247 | 0.06304630 | 0.01010144 | 0.04129606 | 0.08055833 | 0.05833455 | 0.06775806
 248 | 0.06446278 | 0.00958469 | 0.04903786 | 0.09788308 | 0.05999206 | 0.06893350
 249 | 0.06710878 | 0.01098016 | 0.04783137 | 0.08655363 | 0.06198715 | 0.07223040
 250 | 0.06580035 | 0.00801857 | 0.05418212 | 0.08334987 | 0.06206014 | 0.06954056
 251 | 0.06227751 | 0.00689715 | 0.05029526 | 0.07522647 | 0.05906038 | 0.06549464
 252 | 0.06554992 | 0.00717553 | 0.05201275 | 0.07962574 | 0.06220294 | 0.06889691
 253 | 0.06902166 | 0.00690641 | 0.05860300 | 0.08330043 | 0.06580020 | 0.07224311
 254 | 0.06909745 | 0.00733622 | 0.05462608 | 0.08409786 | 0.06567551 | 0.07251938
 255 | 0.06838816 | 0.00896235 | 0.05064039 | 0.08026159 | 0.06420773 | 0.07256859
 256 | 0.07165652 | 0.00892993 | 0.04961757 | 0.08823529 | 0.06749121 | 0.07582182
 257 | 0.06888247 | 0.00691538 | 0.05195828 | 0.07871440 | 0.06565683 | 0.07210810
 258 | 0.07464774 | 0.00880788 | 0.05106467 | 0.08656430 | 0.07053936 | 0.07875612
 259 | 0.07204600 | 0.01137864 | 0.05733360 | 0.10331534 | 0.06673851 | 0.07735350
 260 | 0.07096422 | 0.00881022 | 0.04914150 | 0.08540373 | 0.06685475 | 0.07507369
 261 | 0.07372469 | 0.01003521 | 0.05448399 | 0.09213830 | 0.06904383 | 0.07840556
 262 | 0.07162671 | 0.00846432 | 0.04762830 | 0.08919022 | 0.06767858 | 0.07557484
 263 | 0.07559918 | 0.00590161 | 0.05913773 | 0.08738050 | 0.07284641 | 0.07835195
 264 | 0.07685233 | 0.00832523 | 0.06097326 | 0.09370917 | 0.07296908 | 0.08073558
 265 | 0.07356730 | 0.00672951 | 0.06149733 | 0.08595388 | 0.07042836 | 0.07670624
 266 | 0.07998407 | 0.00657037 | 0.07126739 | 0.09919473 | 0.07691936 | 0.08304878
 267 | 0.07451889 | 0.00959968 | 0.05720738 | 0.09498536 | 0.07004118 | 0.07899660
 268 | 0.07445701 | 0.00795047 | 0.06075808 | 0.09415464 | 0.07074857 | 0.07816546
 269 | 0.07768776 | 0.00768043 | 0.06566500 | 0.09228219 | 0.07410527 | 0.08127025
 270 | 0.07945983 | 0.01022876 | 0.06074157 | 0.09600726 | 0.07468869 | 0.08423097
 271 | 0.07896870 | 0.01027527 | 0.05848389 | 0.10059172 | 0.07417586 | 0.08376153
 272 | 0.07870669 | 0.00616140 | 0.06645331 | 0.08976003 | 0.07583274 | 0.08158063
 273 | 0.08195217 | 0.00757798 | 0.07195167 | 0.09642412 | 0.07841747 | 0.08548687
 274 | 0.08112095 | 0.00813533 | 0.06707317 | 0.09840863 | 0.07732628 | 0.08491562
 275 | 0.08603568 | 0.00770905 | 0.07525904 | 0.10118505 | 0.08243984 | 0.08963152
 276 | 0.08502931 | 0.00983758 | 0.05844524 | 0.10466377 | 0.08044063 | 0.08961799
 277 | 0.08449562 | 0.00814754 | 0.06407152 | 0.09478168 | 0.08069525 | 0.08829599
 278 | 0.08302596 | 0.00978196 | 0.06316549 | 0.10152284 | 0.07846322 | 0.08758870
 279 | 0.08404906 | 0.00591523 | 0.07299139 | 0.09483836 | 0.08128994 | 0.08680818
 280 | 0.08760479 | 0.00923850 | 0.07505836 | 0.10417404 | 0.08329555 | 0.09191403
 281 | 0.08987670 | 0.00903354 | 0.07714492 | 0.10486111 | 0.08566306 | 0.09409034
 282 | 0.08866807 | 0.00858132 | 0.07141579 | 0.10194346 | 0.08466537 | 0.09267078
 283 | 0.09185989 | 0.01220237 | 0.07282416 | 0.11922478 | 0.08616817 | 0.09755161
 284 | 0.08909282 | 0.01051627 | 0.05957138 | 0.10580986 | 0.08418757 | 0.09399807
 285 | 0.09144750 | 0.01200361 | 0.06738783 | 0.11692097 | 0.08584849 | 0.09704651
 286 | 0.09445288 | 0.00877997 | 0.06533381 | 0.10894746 | 0.09035752 | 0.09854825
 287 | 0.09263621 | 0.00668487 | 0.07880152 | 0.10783122 | 0.08951810 | 0.09575433
 288 | 0.09359321 | 0.01171780 | 0.07601527 | 0.12418410 | 0.08812751 | 0.09905891
 289 | 0.09476452 | 0.00770989 | 0.07536894 | 0.10454156 | 0.09116829 | 0.09836075
 290 | 0.09578038 | 0.00740554 | 0.08466426 | 0.11304348 | 0.09232611 | 0.09923465
 291 | 0.09673081 | 0.01015558 | 0.07617533 | 0.11978375 | 0.09199380 | 0.10146782
 292 | 0.09539500 | 0.01259369 | 0.07296734 | 0.13306519 | 0.08952075 | 0.10126925
 293 | 0.09879197 | 0.00784463 | 0.08144638 | 0.11789228 | 0.09513289 | 0.10245104
 294 | 0.10067299 | 0.01223813 | 0.07545202 | 0.11797753 | 0.09496459 | 0.10638139
 295 | 0.10105866 | 0.00843351 | 0.07980653 | 0.11432437 | 0.09712490 | 0.10499242
 296 | 0.09603036 | 0.01051393 | 0.07651307 | 0.11902752 | 0.09112620 | 0.10093451
 297 | 0.10349574 | 0.00677104 | 0.09255774 | 0.12049815 | 0.10033744 | 0.10665405
 298 | 0.10187355 | 0.00975417 | 0.08509558 | 0.12239541 | 0.09732377 | 0.10642332
 299 | 0.09893488 | 0.00985719 | 0.07759784 | 0.12473573 | 0.09433706 | 0.10353271
 300 | 0.09994038 | 0.01021132 | 0.08240834 | 0.11849427 | 0.09517737 | 0.10470339
 301 | 0.10141509 | 0.01013243 | 0.08082192 | 0.12367087 | 0.09668888 | 0.10614130
 302 | 0.10326974 | 0.00994246 | 0.08653683 | 0.12264922 | 0.09863214 | 0.10790734
 303 | 0.10686170 | 0.00751415 | 0.09395632 | 0.12159710 | 0.10335677 | 0.11036663
 304 | 0.10729723 | 0.00893795 | 0.09043164 | 0.12268744 | 0.10312818 | 0.11146628
 305 | 0.10549420 | 0.00850597 | 0.09104453 | 0.11828130 | 0.10152664 | 0.10946175
 306 | 0.10888081 | 0.00852010 | 0.09251969 | 0.12641479 | 0.10490667 | 0.11285496
 307 | 0.10989708 | 0.00779798 | 0.09758936 | 0.12307448 | 0.10625976 | 0.11353441
 308 | 0.11009027 | 0.00757938 | 0.08975594 | 0.12414343 | 0.10655491 | 0.11362562
 309 | 0.10764468 | 0.00733019 | 0.09135320 | 0.11983067 | 0.10422556 | 0.11106381
 310 | 0.11090588 | 0.00796324 | 0.09697069 | 0.12466038 | 0.10719148 | 0.11462029
 311 | 0.11278412 | 0.00985334 | 0.09937888 | 0.13001450 | 0.10818809 | 0.11738015
 312 | 0.11349407 | 0.00870542 | 0.09430002 | 0.13017561 | 0.10943348 | 0.11755466
 313 | 0.11465876 | 0.00687878 | 0.10183968 | 0.12793244 | 0.11145019 | 0.11786732
 314 | 0.10912420 | 0.00726765 | 0.09520715 | 0.12492183 | 0.10573425 | 0.11251415
 315 | 0.11520492 | 0.00931937 | 0.10158122 | 0.13442113 | 0.11085795 | 0.11955188
 316 | 0.11181143 | 0.01135194 | 0.09163024 | 0.13322785 | 0.10651638 | 0.11710647
 317 | 0.11439377 | 0.00916775 | 0.09935545 | 0.13156260 | 0.11011753 | 0.11867001
 318 | 0.12229599 | 0.00923892 | 0.10341034 | 0.13825524 | 0.11798656 | 0.12660543
 319 | 0.11601511 | 0.00808476 | 0.10066582 | 0.13157484 | 0.11224402 | 0.11978619
 320 | 0.11954752 | 0.01150573 | 0.09609513 | 0.13679827 | 0.11418074 | 0.12491429
 321 | 0.11908500 | 0.00877599 | 0.10183299 | 0.13130848 | 0.11499149 | 0.12317851
 322 | 0.12193550 | 0.01220376 | 0.10307472 | 0.14016990 | 0.11624313 | 0.12762786
 323 | 0.11959119 | 0.00792593 | 0.10594679 | 0.13726699 | 0.11589418 | 0.12328819
 324 | 0.12509003 | 0.00902802 | 0.10948790 | 0.14943594 | 0.12087897 | 0.12930109
 325 | 0.12645925 | 0.00994626 | 0.10634648 | 0.14837153 | 0.12181988 | 0.13109863
 326 | 0.12064603 | 0.01049398 | 0.09960642 | 0.13438796 | 0.11575118 | 0.12554088
 327 | 0.12735620 | 0.00828689 | 0.10819621 | 0.13918630 | 0.12349083 | 0.13122157
 328 | 0.12406901 | 0.01178427 | 0.09752346 | 0.14588378 | 0.11857231 | 0.12956571
 329 | 0.12174438 | 0.01018977 | 0.10674585 | 0.14575507 | 0.11699143 | 0.12649733
 330 | 0.12764259 | 0.01024824 | 0.10856269 | 0.15212426 | 0.12286237 | 0.13242282
 331 | 0.12762743 | 0.01168000 | 0.10018467 | 0.14786223 | 0.12217937 | 0.13307550
 332 | 0.12801225 | 0.00920556 | 0.10853902 | 0.14500456 | 0.12371838 | 0.13230613
 333 | 0.13117868 | 0.01076643 | 0.10527922 | 0.14807122 | 0.12615675 | 0.13620062
 334 | 0.13112620 | 0.00850865 | 0.11450382 | 0.14670478 | 0.12715740 | 0.13509501
 335 | 0.13312507 | 0.00952276 | 0.11770912 | 0.16321470 | 0.12868324 | 0.13756690
 336 | 0.13051778 | 0.01080587 | 0.11523001 | 0.15869055 | 0.12547745 | 0.13555811
 337 | 0.13268751 | 0.00914784 | 0.11607678 | 0.15503876 | 0.12842056 | 0.13695446
 338 | 0.13505108 | 0.00822365 | 0.12234366 | 0.15249053 | 0.13121521 | 0.13888695
 339 | 0.13591347 | 0.01065792 | 0.11541314 | 0.15443293 | 0.13094215 | 0.14088479
 340 | 0.13146057 | 0.00774273 | 0.11851637 | 0.14622222 | 0.12784902 | 0.13507212
 341 | 0.13297911 | 0.01099491 | 0.11375740 | 0.15339834 | 0.12785060 | 0.13810761
 342 | 0.14001269 | 0.01169785 | 0.12260704 | 0.16865441 | 0.13455630 | 0.14546908
 343 | 0.13612648 | 0.00928223 | 0.12040183 | 0.16003448 | 0.13179684 | 0.14045611
 344 | 0.13628264 | 0.01087900 | 0.11247232 | 0.15357867 | 0.13120820 | 0.14135708
 345 | 0.13612172 | 0.00981041 | 0.11797084 | 0.15117952 | 0.13154571 | 0.14069773
 346 | 0.13874747 | 0.01012451 | 0.11896074 | 0.15796270 | 0.13402495 | 0.14346998
 347 | 0.14246038 | 0.00971767 | 0.12784993 | 0.16261078 | 0.13792763 | 0.14699313
 348 | 0.14393453 | 0.00914911 | 0.12808092 | 0.16236216 | 0.13966699 | 0.14820208
 349 | 0.14391487 | 0.01026752 | 0.11831676 | 0.16036395 | 0.13912565 | 0.14870409
 350 | 0.14429634 | 0.00906865 | 0.12290177 | 0.15903824 | 0.14006632 | 0.14852635
 351 | 0.14419460 | 0.01128676 | 0.12289367 | 0.16429790 | 0.13892996 | 0.14945924
 352 | 0.14381591 | 0.00909345 | 0.13016324 | 0.16652870 | 0.13957433 | 0.14805749
 353 | 0.14670339 | 0.01064186 | 0.12737478 | 0.16936051 | 0.14173956 | 0.15166722
 354 | 0.14852650 | 0.00938891 | 0.13547547 | 0.17526618 | 0.14414710 | 0.15290590
 355 | 0.14656112 | 0.00873354 | 0.12974728 | 0.16311761 | 0.14248742 | 0.15063483
 356 | 0.14879731 | 0.00856873 | 0.13195032 | 0.16736872 | 0.14480047 | 0.15279414
 357 | 0.14772109 | 0.00968898 | 0.12970592 | 0.16434001 | 0.14320173 | 0.15224046
 358 | 0.14979918 | 0.01102712 | 0.12238979 | 0.17264911 | 0.14465565 | 0.15494271
 359 | 0.14898085 | 0.00828064 | 0.12631280 | 0.16147587 | 0.14511840 | 0.15284330
 360 | 0.15285153 | 0.00804494 | 0.13585714 | 0.17071197 | 0.14909901 | 0.15660404
 361 | 0.15598205 | 0.01108893 | 0.13625339 | 0.17536449 | 0.15080969 | 0.16115442
 362 | 0.15060280 | 0.00888201 | 0.13266163 | 0.16666667 | 0.14645984 | 0.15474576
 363 | 0.15469435 | 0.01255632 | 0.13623516 | 0.18218788 | 0.14883754 | 0.16055117
 364 | 0.15898354 | 0.00882811 | 0.13518519 | 0.17351598 | 0.15486573 | 0.16310136
 365 | 0.15492125 | 0.00917709 | 0.13545105 | 0.18065916 | 0.15064065 | 0.15920184
 366 | 0.15841620 | 0.00804984 | 0.14410420 | 0.17550858 | 0.15466140 | 0.16217100
 367 | 0.15627222 | 0.01062209 | 0.13447467 | 0.17234823 | 0.15131761 | 0.16122683
 368 | 0.15830911 | 0.00707050 | 0.14425694 | 0.17662970 | 0.15501112 | 0.16160710
 369 | 0.16015336 | 0.00800413 | 0.14860212 | 0.17706131 | 0.15641989 | 0.16388684
 370 | 0.15793232 | 0.00762431 | 0.14072961 | 0.17158067 | 0.15437601 | 0.16148864
 371 | 0.16176667 | 0.01018250 | 0.14142248 | 0.18196286 | 0.15701711 | 0.16651623
 372 | 0.16476514 | 0.00856549 | 0.15040152 | 0.18419325 | 0.16076982 | 0.16876046
 373 | 0.16358755 | 0.00985984 | 0.14634146 | 0.18276866 | 0.15898849 | 0.16818660
 374 | 0.16091446 | 0.01286212 | 0.13843003 | 0.18422091 | 0.15491500 | 0.16691391
 375 | 0.16644927 | 0.00880924 | 0.15293016 | 0.18254279 | 0.16234026 | 0.17055829
 376 | 0.16872352 | 0.00976887 | 0.15269820 | 0.19369787 | 0.16416689 | 0.17328015
 377 | 0.16674422 | 0.00964050 | 0.15156771 | 0.19364049 | 0.16224747 | 0.17124097
 378 | 0.17021752 | 0.00899849 | 0.15655036 | 0.18667014 | 0.16602023 | 0.17441481
 379 | 0.16734527 | 0.00786586 | 0.15582192 | 0.17874587 | 0.16367629 | 0.17101425
 380 | 0.16744386 | 0.01287205 | 0.15209025 | 0.19848699 | 0.16143978 | 0.17344795
 381 | 0.16896828 | 0.00893028 | 0.15098584 | 0.18412576 | 0.16480281 | 0.17313376
 382 | 0.17470301 | 0.01036843 | 0.15422554 | 0.19339623 | 0.16986672 | 0.17953930
 383 | 0.16980277 | 0.00974026 | 0.15552597 | 0.19575835 | 0.16525948 | 0.17434605
 384 | 0.17540588 | 0.01083353 | 0.15104509 | 0.19245234 | 0.17035265 | 0.18045911
 385 | 0.17156365 | 0.00763532 | 0.15673981 | 0.19142043 | 0.16800220 | 0.17512509
 386 | 0.17425925 | 0.00710504 | 0.16166711 | 0.18971225 | 0.17094515 | 0.17757335
 387 | 0.17672139 | 0.01057981 | 0.15341133 | 0.19332139 | 0.17178651 | 0.18165628
 388 | 0.17497926 | 0.01164647 | 0.14042829 | 0.19319918 | 0.16954684 | 0.18041168
 389 | 0.17983298 | 0.01148864 | 0.16279670 | 0.20957854 | 0.17447418 | 0.18519178
 390 | 0.17785078 | 0.00995977 | 0.15815997 | 0.19247617 | 0.17320511 | 0.18249645
 391 | 0.17947567 | 0.00802186 | 0.16458570 | 0.19467911 | 0.17573392 | 0.18321741
 392 | 0.18197136 | 0.00893409 | 0.16933932 | 0.20155137 | 0.17780411 | 0.18613861
 393 | 0.18097488 | 0.00765277 | 0.15946119 | 0.19616099 | 0.17740529 | 0.18454446
 394 | 0.18069629 | 0.00868875 | 0.16207163 | 0.19715320 | 0.17664348 | 0.18474910
 395 | 0.17980912 | 0.01043610 | 0.15303875 | 0.19397866 | 0.17494127 | 0.18467698
 396 | 0.18137910 | 0.01100344 | 0.15676653 | 0.19796048 | 0.17624662 | 0.18651159
 397 | 0.18502556 | 0.00918689 | 0.16884448 | 0.20931693 | 0.18074039 | 0.18931073
 398 | 0.18493759 | 0.01090558 | 0.16428206 | 0.20675158 | 0.17985075 | 0.19002443
 399 | 0.18743225 | 0.00932555 | 0.16395291 | 0.20365990 | 0.18308240 | 0.19178209
 400 | 0.18805676 | 0.00926826 | 0.17608886 | 0.20738916 | 0.18373364 | 0.19237988
