# MÉDIAS E ESTATÍSTICAS
# Requisição 4: [4,11]
# Modo: CONJUNTO
# ============================================================
# Load | Média | DesvioPadrão | Mínimo | Máximo | IC 95% (inferior) | IC 95% (superior)
# ============================================================
   1 | 0.00000000 | 0.00000000 | 0.00000000 | 0.00000000 | 0.00000000 | 0.00000000
   2 | 0.00000000 | 0.00000000 | 0.00000000 | 0.00000000 | 0.00000000 | 0.00000000
   3 | 0.00000000 | 0.00000000 | 0.00000000 | 0.00000000 | 0.00000000 | 0.00000000
   4 | 0.00000000 | 0.00000000 | 0.00000000 | 0.00000000 | 0.00000000 | 0.00000000
   5 | 0.00000000 | 0.00000000 | 0.00000000 | 0.00000000 | 0.00000000 | 0.00000000
   6 | 0.00000000 | 0.00000000 | 0.00000000 | 0.00000000 | 0.00000000 | 0.00000000
   7 | 0.00000000 | 0.00000000 | 0.00000000 | 0.00000000 | 0.00000000 | 0.00000000
   8 | 0.00000000 | 0.00000000 | 0.00000000 | 0.00000000 | 0.00000000 | 0.00000000
   9 | 0.00000000 | 0.00000000 | 0.00000000 | 0.00000000 | 0.00000000 | 0.00000000
  10 | 0.00000000 | 0.00000000 | 0.00000000 | 0.00000000 | 0.00000000 | 0.00000000
  11 | 0.00000000 | 0.00000000 | 0.00000000 | 0.00000000 | 0.00000000 | 0.00000000
  12 | 0.00000000 | 0.00000000 | 0.00000000 | 0.00000000 | 0.00000000 | 0.00000000
  13 | 0.00000000 | 0.00000000 | 0.00000000 | 0.00000000 | 0.00000000 | 0.00000000
  14 | 0.00000000 | 0.00000000 | 0.00000000 | 0.00000000 | 0.00000000 | 0.00000000
  15 | 0.00000000 | 0.00000000 | 0.00000000 | 0.00000000 | 0.00000000 | 0.00000000
  16 | 0.00000000 | 0.00000000 | 0.00000000 | 0.00000000 | 0.00000000 | 0.00000000
  17 | 0.00000000 | 0.00000000 | 0.00000000 | 0.00000000 | 0.00000000 | 0.00000000
  18 | 0.00000000 | 0.00000000 | 0.00000000 | 0.00000000 | 0.00000000 | 0.00000000
  19 | 0.00000000 | 0.00000000 | 0.00000000 | 0.00000000 | 0.00000000 | 0.00000000
  20 | 0.00000000 | 0.00000000 | 0.00000000 | 0.00000000 | 0.00000000 | 0.00000000
  21 | 0.00000000 | 0.00000000 | 0.00000000 | 0.00000000 | 0.00000000 | 0.00000000
  22 | 0.00000000 | 0.00000000 | 0.00000000 | 0.00000000 | 0.00000000 | 0.00000000
  23 | 0.00000000 | 0.00000000 | 0.00000000 | 0.00000000 | 0.00000000 | 0.00000000
  24 | 0.00000000 | 0.00000000 | 0.00000000 | 0.00000000 | 0.00000000 | 0.00000000
  25 | 0.00000000 | 0.00000000 | 0.00000000 | 0.00000000 | 0.00000000 | 0.00000000
  26 | 0.00000000 | 0.00000000 | 0.00000000 | 0.00000000 | 0.00000000 | 0.00000000
  27 | 0.00000000 | 0.00000000 | 0.00000000 | 0.00000000 | 0.00000000 | 0.00000000
  28 | 0.00000000 | 0.00000000 | 0.00000000 | 0.00000000 | 0.00000000 | 0.00000000
  29 | 0.00000000 | 0.00000000 | 0.00000000 | 0.00000000 | 0.00000000 | 0.00000000
  30 | 0.00000000 | 0.00000000 | 0.00000000 | 0.00000000 | 0.00000000 | 0.00000000
  31 | 0.00000000 | 0.00000000 | 0.00000000 | 0.00000000 | 0.00000000 | 0.00000000
  32 | 0.00000000 | 0.00000000 | 0.00000000 | 0.00000000 | 0.00000000 | 0.00000000
  33 | 0.00000000 | 0.00000000 | 0.00000000 | 0.00000000 | 0.00000000 | 0.00000000
  34 | 0.00000000 | 0.00000000 | 0.00000000 | 0.00000000 | 0.00000000 | 0.00000000
  35 | 0.00000000 | 0.00000000 | 0.00000000 | 0.00000000 | 0.00000000 | 0.00000000
  36 | 0.00000000 | 0.00000000 | 0.00000000 | 0.00000000 | 0.00000000 | 0.00000000
  37 | 0.00000000 | 0.00000000 | 0.00000000 | 0.00000000 | 0.00000000 | 0.00000000
  38 | 0.00000000 | 0.00000000 | 0.00000000 | 0.00000000 | 0.00000000 | 0.00000000
  39 | 0.00000000 | 0.00000000 | 0.00000000 | 0.00000000 | 0.00000000 | 0.00000000
  40 | 0.00000000 | 0.00000000 | 0.00000000 | 0.00000000 | 0.00000000 | 0.00000000
  41 | 0.00000000 | 0.00000000 | 0.00000000 | 0.00000000 | 0.00000000 | 0.00000000
  42 | 0.00000000 | 0.00000000 | 0.00000000 | 0.00000000 | 0.00000000 | 0.00000000
  43 | 0.00000000 | 0.00000000 | 0.00000000 | 0.00000000 | 0.00000000 | 0.00000000
  44 | 0.00000000 | 0.00000000 | 0.00000000 | 0.00000000 | 0.00000000 | 0.00000000
  45 | 0.00000000 | 0.00000000 | 0.00000000 | 0.00000000 | 0.00000000 | 0.00000000
  46 | 0.00000000 | 0.00000000 | 0.00000000 | 0.00000000 | 0.00000000 | 0.00000000
  47 | 0.00000000 | 0.00000000 | 0.00000000 | 0.00000000 | 0.00000000 | 0.00000000
  48 | 0.00000000 | 0.00000000 | 0.00000000 | 0.00000000 | 0.00000000 | 0.00000000
  49 | 0.00000000 | 0.00000000 | 0.00000000 | 0.00000000 | 0.00000000 | 0.00000000
  50 | 0.00000000 | 0.00000000 | 0.00000000 | 0.00000000 | 0.00000000 | 0.00000000
  51 | 0.00000000 | 0.00000000 | 0.00000000 | 0.00000000 | 0.00000000 | 0.00000000
  52 | 0.00000000 | 0.00000000 | 0.00000000 | 0.00000000 | 0.00000000 | 0.00000000
  53 | 0.00000000 | 0.00000000 | 0.00000000 | 0.00000000 | 0.00000000 | 0.00000000
  54 | 0.00000000 | 0.00000000 | 0.00000000 | 0.00000000 | 0.00000000 | 0.00000000
  55 | 0.00000000 | 0.00000000 | 0.00000000 | 0.00000000 | 0.00000000 | 0.00000000
  56 | 0.00000000 | 0.00000000 | 0.00000000 | 0.00000000 | 0.00000000 | 0.00000000
  57 | 0.00000000 | 0.00000000 | 0.00000000 | 0.00000000 | 0.00000000 | 0.00000000
  58 | 0.00000000 | 0.00000000 | 0.00000000 | 0.00000000 | 0.00000000 | 0.00000000
  59 | 0.00000000 | 0.00000000 | 0.00000000 | 0.00000000 | 0.00000000 | 0.00000000
  60 | 0.00000000 | 0.00000000 | 0.00000000 | 0.00000000 | 0.00000000 | 0.00000000
  61 | 0.00000000 | 0.00000000 | 0.00000000 | 0.00000000 | 0.00000000 | 0.00000000
  62 | 0.00000000 | 0.00000000 | 0.00000000 | 0.00000000 | 0.00000000 | 0.00000000
  63 | 0.00000000 | 0.00000000 | 0.00000000 | 0.00000000 | 0.00000000 | 0.00000000
  64 | 0.00000000 | 0.00000000 | 0.00000000 | 0.00000000 | 0.00000000 | 0.00000000
  65 | 0.00000000 | 0.00000000 | 0.00000000 | 0.00000000 | 0.00000000 | 0.00000000
  66 | 0.00000000 | 0.00000000 | 0.00000000 | 0.00000000 | 0.00000000 | 0.00000000
  67 | 0.00000000 | 0.00000000 | 0.00000000 | 0.00000000 | 0.00000000 | 0.00000000
  68 | 0.00000000 | 0.00000000 | 0.00000000 | 0.00000000 | 0.00000000 | 0.00000000
  69 | 0.00000000 | 0.00000000 | 0.00000000 | 0.00000000 | 0.00000000 | 0.00000000
  70 | 0.00000000 | 0.00000000 | 0.00000000 | 0.00000000 | 0.00000000 | 0.00000000
  71 | 0.00000000 | 0.00000000 | 0.00000000 | 0.00000000 | 0.00000000 | 0.00000000
  72 | 0.00000000 | 0.00000000 | 0.00000000 | 0.00000000 | 0.00000000 | 0.00000000
  73 | 0.00000000 | 0.00000000 | 0.00000000 | 0.00000000 | 0.00000000 | 0.00000000
  74 | 0.00000000 | 0.00000000 | 0.00000000 | 0.00000000 | 0.00000000 | 0.00000000
  75 | 0.00000000 | 0.00000000 | 0.00000000 | 0.00000000 | 0.00000000 | 0.00000000
  76 | 0.00000000 | 0.00000000 | 0.00000000 | 0.00000000 | 0.00000000 | 0.00000000
  77 | 0.00000000 | 0.00000000 | 0.00000000 | 0.00000000 | 0.00000000 | 0.00000000
  78 | 0.00000000 | 0.00000000 | 0.00000000 | 0.00000000 | 0.00000000 | 0.00000000
  79 | 0.00000000 | 0.00000000 | 0.00000000 | 0.00000000 | 0.00000000 | 0.00000000
  80 | 0.00000000 | 0.00000000 | 0.00000000 | 0.00000000 | 0.00000000 | 0.00000000
  81 | 0.00000000 | 0.00000000 | 0.00000000 | 0.00000000 | 0.00000000 | 0.00000000
  82 | 0.00000000 | 0.00000000 | 0.00000000 | 0.00000000 | 0.00000000 | 0.00000000
  83 | 0.00000000 | 0.00000000 | 0.00000000 | 0.00000000 | 0.00000000 | 0.00000000
  84 | 0.00000000 | 0.00000000 | 0.00000000 | 0.00000000 | 0.00000000 | 0.00000000
  85 | 0.00000000 | 0.00000000 | 0.00000000 | 0.00000000 | 0.00000000 | 0.00000000
  86 | 0.00000000 | 0.00000000 | 0.00000000 | 0.00000000 | 0.00000000 | 0.00000000
  87 | 0.00000000 | 0.00000000 | 0.00000000 | 0.00000000 | 0.00000000 | 0.00000000
  88 | 0.00000000 | 0.00000000 | 0.00000000 | 0.00000000 | 0.00000000 | 0.00000000
  89 | 0.00000000 | 0.00000000 | 0.00000000 | 0.00000000 | 0.00000000 | 0.00000000
  90 | 0.00000000 | 0.00000000 | 0.00000000 | 0.00000000 | 0.00000000 | 0.00000000
  91 | 0.00000000 | 0.00000000 | 0.00000000 | 0.00000000 | 0.00000000 | 0.00000000
  92 | 0.00000000 | 0.00000000 | 0.00000000 | 0.00000000 | 0.00000000 | 0.00000000
  93 | 0.00000000 | 0.00000000 | 0.00000000 | 0.00000000 | 0.00000000 | 0.00000000
  94 | 0.00000000 | 0.00000000 | 0.00000000 | 0.00000000 | 0.00000000 | 0.00000000
  95 | 0.00000000 | 0.00000000 | 0.00000000 | 0.00000000 | 0.00000000 | 0.00000000
  96 | 0.00000000 | 0.00000000 | 0.00000000 | 0.00000000 | 0.00000000 | 0.00000000
  97 | 0.00000000 | 0.00000000 | 0.00000000 | 0.00000000 | 0.00000000 | 0.00000000
  98 | 0.00000000 | 0.00000000 | 0.00000000 | 0.00000000 | 0.00000000 | 0.00000000
  99 | 0.00000000 | 0.00000000 | 0.00000000 | 0.00000000 | 0.00000000 | 0.00000000
 100 | 0.00000000 | 0.00000000 | 0.00000000 | 0.00000000 | 0.00000000 | 0.00000000
 101 | 0.00000000 | 0.00000000 | 0.00000000 | 0.00000000 | 0.00000000 | 0.00000000
 102 | 0.00000000 | 0.00000000 | 0.00000000 | 0.00000000 | 0.00000000 | 0.00000000
 103 | 0.00000000 | 0.00000000 | 0.00000000 | 0.00000000 | 0.00000000 | 0.00000000
 104 | 0.00000000 | 0.00000000 | 0.00000000 | 0.00000000 | 0.00000000 | 0.00000000
 105 | 0.00000000 | 0.00000000 | 0.00000000 | 0.00000000 | 0.00000000 | 0.00000000
 106 | 0.00000000 | 0.00000000 | 0.00000000 | 0.00000000 | 0.00000000 | 0.00000000
 107 | 0.00000000 | 0.00000000 | 0.00000000 | 0.00000000 | 0.00000000 | 0.00000000
 108 | 0.00000000 | 0.00000000 | 0.00000000 | 0.00000000 | 0.00000000 | 0.00000000
 109 | 0.00000000 | 0.00000000 | 0.00000000 | 0.00000000 | 0.00000000 | 0.00000000
 110 | 0.00000000 | 0.00000000 | 0.00000000 | 0.00000000 | 0.00000000 | 0.00000000
 111 | 0.00000000 | 0.00000000 | 0.00000000 | 0.00000000 | 0.00000000 | 0.00000000
 112 | 0.00000000 | 0.00000000 | 0.00000000 | 0.00000000 | 0.00000000 | 0.00000000
 113 | 0.00000000 | 0.00000000 | 0.00000000 | 0.00000000 | 0.00000000 | 0.00000000
 114 | 0.00000000 | 0.00000000 | 0.00000000 | 0.00000000 | 0.00000000 | 0.00000000
 115 | 0.00000000 | 0.00000000 | 0.00000000 | 0.00000000 | 0.00000000 | 0.00000000
 116 | 0.00000000 | 0.00000000 | 0.00000000 | 0.00000000 | 0.00000000 | 0.00000000
 117 | 0.00000000 | 0.00000000 | 0.00000000 | 0.00000000 | 0.00000000 | 0.00000000
 118 | 0.00000000 | 0.00000000 | 0.00000000 | 0.00000000 | 0.00000000 | 0.00000000
 119 | 0.00000000 | 0.00000000 | 0.00000000 | 0.00000000 | 0.00000000 | 0.00000000
 120 | 0.00000000 | 0.00000000 | 0.00000000 | 0.00000000 | 0.00000000 | 0.00000000
 121 | 0.00000000 | 0.00000000 | 0.00000000 | 0.00000000 | 0.00000000 | 0.00000000
 122 | 0.00008302 | 0.00036188 | 0.00000000 | 0.00166044 | -0.00008578 | 0.00025182
 123 | 0.00001958 | 0.00008533 | 0.00000000 | 0.00039154 | -0.00002023 | 0.00005938
 124 | 0.00022033 | 0.00066394 | 0.00000000 | 0.00240096 | -0.00008936 | 0.00053002
 125 | 0.00020061 | 0.00036906 | 0.00000000 | 0.00120192 | 0.00002847 | 0.00037276
 126 | 0.00003975 | 0.00017325 | 0.00000000 | 0.00079491 | -0.00004106 | 0.00012056
 127 | 0.00023424 | 0.00079587 | 0.00000000 | 0.00352388 | -0.00013699 | 0.00060547
 128 | 0.00002040 | 0.00008892 | 0.00000000 | 0.00040800 | -0.00002108 | 0.00006188
 129 | 0.00029111 | 0.00059443 | 0.00000000 | 0.00229183 | 0.00001384 | 0.00056837
 130 | 0.00030548 | 0.00075830 | 0.00000000 | 0.00302916 | -0.00004823 | 0.00065918
 131 | 0.00050203 | 0.00096059 | 0.00000000 | 0.00321414 | 0.00005397 | 0.00095009
 132 | 0.00047012 | 0.00080591 | 0.00000000 | 0.00332226 | 0.00009421 | 0.00084604
 133 | 0.00106889 | 0.00140880 | 0.00000000 | 0.00597907 | 0.00041176 | 0.00172601
 134 | 0.00079023 | 0.00108346 | 0.00000000 | 0.00343249 | 0.00028486 | 0.00129560
 135 | 0.00056501 | 0.00075169 | 0.00000000 | 0.00287666 | 0.00021440 | 0.00091563
 136 | 0.00065903 | 0.00097742 | 0.00000000 | 0.00433057 | 0.00020312 | 0.00111494
 137 | 0.00104598 | 0.00133945 | 0.00000000 | 0.00432744 | 0.00042120 | 0.00167076
 138 | 0.00136145 | 0.00139621 | 0.00000000 | 0.00562588 | 0.00071019 | 0.00201270
 139 | 0.00082942 | 0.00095314 | 0.00000000 | 0.00289645 | 0.00038484 | 0.00127401
 140 | 0.00198122 | 0.00159074 | 0.00000000 | 0.00465283 | 0.00123923 | 0.00272321
 141 | 0.00254117 | 0.00159343 | 0.00000000 | 0.00579710 | 0.00179793 | 0.00328442
 142 | 0.00254575 | 0.00217053 | 0.00000000 | 0.00778210 | 0.00153332 | 0.00355818
 143 | 0.00258811 | 0.00226371 | 0.00000000 | 0.00754200 | 0.00153222 | 0.00364400
 144 | 0.00354766 | 0.00215658 | 0.00000000 | 0.00919619 | 0.00254174 | 0.00455359
 145 | 0.00360548 | 0.00230574 | 0.00035600 | 0.00910010 | 0.00252998 | 0.00468097
 146 | 0.00500686 | 0.00306166 | 0.00034843 | 0.01060305 | 0.00357877 | 0.00643495
 147 | 0.00457766 | 0.00310627 | 0.00034423 | 0.01380042 | 0.00312876 | 0.00602656
 148 | 0.00585351 | 0.00311958 | 0.00167392 | 0.01372213 | 0.00439840 | 0.00730861
 149 | 0.00582828 | 0.00408659 | 0.00103128 | 0.01750842 | 0.00392211 | 0.00773444
 150 | 0.00791428 | 0.00480641 | 0.00136333 | 0.02164083 | 0.00567236 | 0.01015620
 151 | 0.00882638 | 0.00399343 | 0.00172831 | 0.01788566 | 0.00696367 | 0.01068909
 152 | 0.00930150 | 0.00454887 | 0.00169090 | 0.01800917 | 0.00717971 | 0.01142329
 153 | 0.00950338 | 0.00357532 | 0.00397219 | 0.01648167 | 0.00783569 | 0.01117106
 154 | 0.01231659 | 0.00571896 | 0.00165344 | 0.02382528 | 0.00964902 | 0.01498416
 155 | 0.01305937 | 0.00647207 | 0.00420984 | 0.02558502 | 0.01004052 | 0.01607823
 156 | 0.01256957 | 0.00457626 | 0.00664347 | 0.02284820 | 0.01043500 | 0.01470413
 157 | 0.01641877 | 0.00625544 | 0.00669856 | 0.02842862 | 0.01350096 | 0.01933659
 158 | 0.01781203 | 0.00507567 | 0.00918635 | 0.02641392 | 0.01544452 | 0.02017954
 159 | 0.02124256 | 0.00499318 | 0.00934871 | 0.02874618 | 0.01891352 | 0.02357160
 160 | 0.01996501 | 0.00587003 | 0.00972702 | 0.03494962 | 0.01722697 | 0.02270304
 161 | 0.02622423 | 0.00561043 | 0.01497660 | 0.03922790 | 0.02360728 | 0.02884119
 162 | 0.02354981 | 0.00839096 | 0.01318752 | 0.04185762 | 0.01963590 | 0.02746372
 163 | 0.02873035 | 0.00598751 | 0.01634289 | 0.04082876 | 0.02593751 | 0.03152318
 164 | 0.02814784 | 0.00731429 | 0.01436869 | 0.03923358 | 0.02473614 | 0.03155955
 165 | 0.03435185 | 0.00858989 | 0.01596867 | 0.05557189 | 0.03034515 | 0.03835856
 166 | 0.03875651 | 0.00749464 | 0.02272010 | 0.05743652 | 0.03526068 | 0.04225234
 167 | 0.04039763 | 0.00944081 | 0.02099179 | 0.05869894 | 0.03599402 | 0.04480123
 168 | 0.04378340 | 0.00916741 | 0.02913199 | 0.06144129 | 0.03950732 | 0.04805948
 169 | 0.05314833 | 0.01151491 | 0.03313253 | 0.07401989 | 0.04777727 | 0.05851939
 170 | 0.04957715 | 0.01218128 | 0.03035662 | 0.08217593 | 0.04389527 | 0.05525904
 171 | 0.05812664 | 0.01353562 | 0.03095311 | 0.08296687 | 0.05181304 | 0.06444025
 172 | 0.05775334 | 0.01142269 | 0.03203998 | 0.08045649 | 0.05242530 | 0.06308138
 173 | 0.06237365 | 0.01187241 | 0.04096171 | 0.08840864 | 0.05683584 | 0.06791146
 174 | 0.06797219 | 0.00957580 | 0.05215618 | 0.08388017 | 0.06350561 | 0.07243876
 175 | 0.06661756 | 0.01008837 | 0.04577259 | 0.08034188 | 0.06191190 | 0.07132322
 176 | 0.07209602 | 0.00771389 | 0.05482955 | 0.08627114 | 0.06849792 | 0.07569411
 177 | 0.07921988 | 0.01350413 | 0.05978108 | 0.11452898 | 0.07292096 | 0.08551880
 178 | 0.08067419 | 0.01455856 | 0.06034728 | 0.12349144 | 0.07388344 | 0.08746494
 179 | 0.08746000 | 0.01465283 | 0.05125977 | 0.11704145 | 0.08062528 | 0.09429472
 180 | 0.09074603 | 0.01539256 | 0.06457192 | 0.13142239 | 0.08356627 | 0.09792579
 181 | 0.09681973 | 0.01394904 | 0.07526882 | 0.12767756 | 0.09031329 | 0.10332617
 182 | 0.10100740 | 0.01296567 | 0.07664538 | 0.13857374 | 0.09495965 | 0.10705516
 183 | 0.10633923 | 0.01152565 | 0.08103638 | 0.12332440 | 0.10096316 | 0.11171530
 184 | 0.10906971 | 0.01685117 | 0.07820618 | 0.14022240 | 0.10120959 | 0.11692983
 185 | 0.10691632 | 0.01041894 | 0.08067646 | 0.12664560 | 0.10205647 | 0.11177617
 186 | 0.12364120 | 0.01653936 | 0.09424791 | 0.15772532 | 0.11592652 | 0.13135589
 187 | 0.11923044 | 0.01594326 | 0.09053722 | 0.15693527 | 0.11179380 | 0.12666707
 188 | 0.12338334 | 0.01160746 | 0.10577181 | 0.15005274 | 0.11796912 | 0.12879757
 189 | 0.12760145 | 0.01399017 | 0.10459459 | 0.16285866 | 0.12107583 | 0.13412708
 190 | 0.13495617 | 0.01630773 | 0.10756657 | 0.17290918 | 0.12734954 | 0.14256281
 191 | 0.14478980 | 0.01453406 | 0.11995809 | 0.16818300 | 0.13801048 | 0.15156912
 192 | 0.15142319 | 0.01644884 | 0.11747151 | 0.17526316 | 0.14375073 | 0.15909565
 193 | 0.15681814 | 0.01353754 | 0.13573116 | 0.17959289 | 0.15050364 | 0.16313264
 194 | 0.15869014 | 0.01196477 | 0.12805038 | 0.17736615 | 0.15310925 | 0.16427103
 195 | 0.16716335 | 0.01373370 | 0.13793103 | 0.19053741 | 0.16075736 | 0.17356935
 196 | 0.17246200 | 0.01025982 | 0.15314848 | 0.19386228 | 0.16767637 | 0.17724764
 197 | 0.17330752 | 0.01652594 | 0.14494238 | 0.21283019 | 0.16559910 | 0.18101594
 198 | 0.18148397 | 0.01275251 | 0.16232413 | 0.20748130 | 0.17553564 | 0.18743230
 199 | 0.18275723 | 0.01122322 | 0.16266734 | 0.20851171 | 0.17752223 | 0.18799223
 200 | 0.19507979 | 0.01123796 | 0.17703109 | 0.21432212 | 0.18983792 | 0.20032167
 201 | 0.19718669 | 0.01373689 | 0.17283951 | 0.22341220 | 0.19077920 | 0.20359418
 202 | 0.20187562 | 0.01175398 | 0.17385819 | 0.22233129 | 0.19639305 | 0.20735819
 203 | 0.20102179 | 0.01565575 | 0.17781604 | 0.23969578 | 0.19371926 | 0.20832431
 204 | 0.22157627 | 0.01238138 | 0.19588147 | 0.23831548 | 0.21580105 | 0.22735148
 205 | 0.21870984 | 0.01379981 | 0.19595960 | 0.24824413 | 0.21227300 | 0.22514667
 206 | 0.23096779 | 0.01822604 | 0.20936571 | 0.28322180 | 0.22246637 | 0.23946922
 207 | 0.22566736 | 0.01181737 | 0.20572917 | 0.24669073 | 0.22015522 | 0.23117950
 208 | 0.24045549 | 0.01392760 | 0.21756725 | 0.27081362 | 0.23395905 | 0.24695193
 209 | 0.23811181 | 0.01649734 | 0.21095485 | 0.26620092 | 0.23041673 | 0.24580689
 210 | 0.24460691 | 0.01624194 | 0.20048368 | 0.26964706 | 0.23703095 | 0.25218286
 211 | 0.25570561 | 0.01436064 | 0.22850845 | 0.28531728 | 0.24900718 | 0.26240404
 212 | 0.26294961 | 0.01549797 | 0.23565671 | 0.28478513 | 0.25572068 | 0.27017854
 213 | 0.26162088 | 0.01746551 | 0.23693715 | 0.30485207 | 0.25347420 | 0.26976755
 214 | 0.26636256 | 0.01469547 | 0.23641050 | 0.29134572 | 0.25950795 | 0.27321717
 215 | 0.27029608 | 0.02037763 | 0.22665066 | 0.30613186 | 0.26079106 | 0.27980110
 216 | 0.28368434 | 0.01520702 | 0.25260960 | 0.31357684 | 0.27659111 | 0.29077756
 217 | 0.28777619 | 0.01610374 | 0.25247992 | 0.31953757 | 0.28026470 | 0.29528767
 218 | 0.29412841 | 0.01823748 | 0.26366782 | 0.32503395 | 0.28562165 | 0.30263517
 219 | 0.29250344 | 0.01242896 | 0.26552119 | 0.31268437 | 0.28670603 | 0.29830085
 220 | 0.29584596 | 0.01233815 | 0.27619935 | 0.32216552 | 0.29009091 | 0.30160102
 221 | 0.31105140 | 0.01309033 | 0.28369616 | 0.33500342 | 0.30494550 | 0.31715730
 222 | 0.31592435 | 0.01567324 | 0.28373062 | 0.35988589 | 0.30861367 | 0.32323503
 223 | 0.31814656 | 0.01608427 | 0.29232834 | 0.34964254 | 0.31064415 | 0.32564897
 224 | 0.32141862 | 0.01173677 | 0.29787234 | 0.34906696 | 0.31594408 | 0.32689316
 225 | 0.32457508 | 0.01692668 | 0.28949184 | 0.36029724 | 0.31667974 | 0.33247042
 226 | 0.33332635 | 0.01425127 | 0.30026870 | 0.36367568 | 0.32667893 | 0.33997377
 227 | 0.33909917 | 0.01298965 | 0.30960776 | 0.37164245 | 0.33304023 | 0.34515812
 228 | 0.33567171 | 0.01653109 | 0.30132159 | 0.36074683 | 0.32796088 | 0.34338253
 229 | 0.35032328 | 0.01380001 | 0.31603668 | 0.37029615 | 0.34388635 | 0.35676021
 230 | 0.35810048 | 0.01534376 | 0.33591948 | 0.38980541 | 0.35094348 | 0.36525748
 231 | 0.36086199 | 0.01485477 | 0.33449326 | 0.39122137 | 0.35393307 | 0.36779091
 232 | 0.36693834 | 0.01648662 | 0.33659704 | 0.39695625 | 0.35924826 | 0.37462842
 233 | 0.36642934 | 0.01650399 | 0.33909287 | 0.40026247 | 0.35873116 | 0.37412753
 234 | 0.37968583 | 0.01189255 | 0.34778857 | 0.39594017 | 0.37413862 | 0.38523303
 235 | 0.37869319 | 0.01513440 | 0.35067682 | 0.41186299 | 0.37163384 | 0.38575254
 236 | 0.37341911 | 0.01735694 | 0.33470182 | 0.42246769 | 0.36532307 | 0.38151515
 237 | 0.38721266 | 0.01128504 | 0.36404255 | 0.41070673 | 0.38194882 | 0.39247649
 238 | 0.39006503 | 0.01166778 | 0.37507840 | 0.41168915 | 0.38462267 | 0.39550740
 239 | 0.40548923 | 0.01164207 | 0.37348136 | 0.42911392 | 0.40005886 | 0.41091960
 240 | 0.40515722 | 0.01695989 | 0.37447699 | 0.43371251 | 0.39724638 | 0.41306805
 241 | 0.40713568 | 0.01362330 | 0.38147139 | 0.44042811 | 0.40078117 | 0.41349018
 242 | 0.41614998 | 0.01033969 | 0.38602261 | 0.43221922 | 0.41132710 | 0.42097286
 243 | 0.42144905 | 0.01293018 | 0.38337521 | 0.44268614 | 0.41541785 | 0.42748025
 244 | 0.41676076 | 0.01503237 | 0.38853634 | 0.44307186 | 0.40974901 | 0.42377252
 245 | 0.43206362 | 0.02156953 | 0.38332976 | 0.46323678 | 0.42200265 | 0.44212459
 246 | 0.43463489 | 0.01376938 | 0.40985974 | 0.48046112 | 0.42821225 | 0.44105753
 247 | 0.43846706 | 0.01494114 | 0.41256158 | 0.47119675 | 0.43149786 | 0.44543626
 248 | 0.44139284 | 0.01671487 | 0.41051773 | 0.47122087 | 0.43359629 | 0.44918939
 249 | 0.44813344 | 0.01650480 | 0.41771128 | 0.47317969 | 0.44043488 | 0.45583200
 250 | 0.44925722 | 0.01154181 | 0.43234932 | 0.47151899 | 0.44387362 | 0.45464083
 251 | 0.45497065 | 0.01338818 | 0.43119633 | 0.47909270 | 0.44872582 | 0.46121548
 252 | 0.46017043 | 0.01718278 | 0.43795326 | 0.50294233 | 0.45215563 | 0.46818523
 253 | 0.47107386 | 0.01398164 | 0.43931658 | 0.49909292 | 0.46455221 | 0.47759551
 254 | 0.46617772 | 0.01118573 | 0.44396467 | 0.48839477 | 0.46096020 | 0.47139523
 255 | 0.46826397 | 0.01057904 | 0.44766758 | 0.48944003 | 0.46332944 | 0.47319850
 256 | 0.46765160 | 0.01474172 | 0.44320154 | 0.50463858 | 0.46077542 | 0.47452779
 257 | 0.47727263 | 0.01402583 | 0.45120529 | 0.50430457 | 0.47073037 | 0.48381489
 258 | 0.48686069 | 0.01639041 | 0.45780550 | 0.52074529 | 0.47921548 | 0.49450589
 259 | 0.48218316 | 0.01191639 | 0.46530060 | 0.50334672 | 0.47662484 | 0.48774149
 260 | 0.48866854 | 0.01626196 | 0.45875252 | 0.51756757 | 0.48108325 | 0.49625383
 261 | 0.49165980 | 0.01345526 | 0.46088795 | 0.51823826 | 0.48538368 | 0.49793592
 262 | 0.50035180 | 0.01193190 | 0.47390718 | 0.51817657 | 0.49478624 | 0.50591736
 263 | 0.50193731 | 0.01255698 | 0.47905001 | 0.52448747 | 0.49608019 | 0.50779443
 264 | 0.50991403 | 0.01570203 | 0.48435733 | 0.54691335 | 0.50258991 | 0.51723814
 265 | 0.51063203 | 0.01203690 | 0.48789393 | 0.53271202 | 0.50501749 | 0.51624656
 266 | 0.51686623 | 0.01298728 | 0.49335611 | 0.53570114 | 0.51080840 | 0.52292407
 267 | 0.52189620 | 0.01067888 | 0.49786523 | 0.54335586 | 0.51691510 | 0.52687730
 268 | 0.51893942 | 0.01390990 | 0.49210526 | 0.54386617 | 0.51245124 | 0.52542761
 269 | 0.53204592 | 0.01434182 | 0.50489642 | 0.55673166 | 0.52535627 | 0.53873557
 270 | 0.53371674 | 0.01449102 | 0.50598802 | 0.55992509 | 0.52695749 | 0.54047599
 271 | 0.53384732 | 0.00893369 | 0.52000744 | 0.55285171 | 0.52968026 | 0.53801438
 272 | 0.54435076 | 0.01396191 | 0.52030735 | 0.57684667 | 0.53783832 | 0.55086321
 273 | 0.54174611 | 0.01348139 | 0.51092437 | 0.57030536 | 0.53545780 | 0.54803442
 274 | 0.54658471 | 0.01588458 | 0.51520772 | 0.57967378 | 0.53917545 | 0.55399397
 275 | 0.54828872 | 0.01709697 | 0.51367837 | 0.57749733 | 0.54031395 | 0.55626350
 276 | 0.55673920 | 0.01070669 | 0.53035748 | 0.57931034 | 0.55174513 | 0.56173327
 277 | 0.55939520 | 0.01267587 | 0.52673158 | 0.58510262 | 0.55348262 | 0.56530778
 278 | 0.56672249 | 0.01334178 | 0.53522665 | 0.59003623 | 0.56049930 | 0.57294568
 279 | 0.57015405 | 0.00999790 | 0.55204289 | 0.58848999 | 0.56549059 | 0.57481751
 280 | 0.56583008 | 0.01689067 | 0.53647361 | 0.60593988 | 0.55795153 | 0.57370863
 281 | 0.57286100 | 0.01222568 | 0.54980572 | 0.59538188 | 0.56715841 | 0.57856359
 282 | 0.58135040 | 0.00890709 | 0.56549982 | 0.60608742 | 0.57719574 | 0.58550505
 283 | 0.57708834 | 0.01282736 | 0.55417049 | 0.60082084 | 0.57110509 | 0.58307158
 284 | 0.58367037 | 0.01110031 | 0.56763327 | 0.60684062 | 0.57849270 | 0.58884804
 285 | 0.58859140 | 0.01186061 | 0.57117406 | 0.61304798 | 0.58305910 | 0.59412371
 286 | 0.59435000 | 0.01418822 | 0.56747768 | 0.62805195 | 0.58773199 | 0.60096800
 287 | 0.59320680 | 0.01166568 | 0.55718526 | 0.61142355 | 0.58776541 | 0.59864818
 288 | 0.59864029 | 0.01239433 | 0.57848889 | 0.61855847 | 0.59285903 | 0.60442155
 289 | 0.60459049 | 0.01286934 | 0.58330373 | 0.62689879 | 0.59858767 | 0.61059331
 290 | 0.60849453 | 0.01062359 | 0.58947920 | 0.62676424 | 0.60353922 | 0.61344983
 291 | 0.60676730 | 0.01386659 | 0.58372053 | 0.63397696 | 0.60029932 | 0.61323529
 292 | 0.61169742 | 0.01259796 | 0.58608573 | 0.63193968 | 0.60582118 | 0.61757365
 293 | 0.61755663 | 0.01555596 | 0.59298306 | 0.65308558 | 0.61030065 | 0.62481261
 294 | 0.62091160 | 0.01252897 | 0.60410607 | 0.65129151 | 0.61506755 | 0.62675566
 295 | 0.62088605 | 0.01198713 | 0.59941870 | 0.64573242 | 0.61529473 | 0.62647738
 296 | 0.62767915 | 0.01114402 | 0.60291595 | 0.65258606 | 0.62248109 | 0.63287720
 297 | 0.62497219 | 0.01211367 | 0.60423316 | 0.64184636 | 0.61932185 | 0.63062254
 298 | 0.63201921 | 0.01390043 | 0.60413081 | 0.65971081 | 0.62553545 | 0.63850298
 299 | 0.63033002 | 0.01349944 | 0.60688252 | 0.65847087 | 0.62403329 | 0.63662676
 300 | 0.63798294 | 0.01145633 | 0.61594448 | 0.65510373 | 0.63263921 | 0.64332667
 301 | 0.64032086 | 0.00804129 | 0.61999659 | 0.65801653 | 0.63657005 | 0.64407167
 302 | 0.64086064 | 0.01158620 | 0.61957950 | 0.66811664 | 0.63545633 | 0.64626495
 303 | 0.64792677 | 0.01124964 | 0.62738330 | 0.66730371 | 0.64267944 | 0.65317409
 304 | 0.64665529 | 0.01266345 | 0.62615894 | 0.67569353 | 0.64074850 | 0.65256208
 305 | 0.65659965 | 0.01058467 | 0.63679087 | 0.67621871 | 0.65166250 | 0.66153681
 306 | 0.65224838 | 0.01163187 | 0.62728785 | 0.67249757 | 0.64682276 | 0.65767399
 307 | 0.66044986 | 0.01223349 | 0.63874874 | 0.68153073 | 0.65474363 | 0.66615610
 308 | 0.66234247 | 0.01060780 | 0.64628395 | 0.68235487 | 0.65739453 | 0.66729042
 309 | 0.66586673 | 0.00944540 | 0.64999183 | 0.69003165 | 0.66146098 | 0.67027248
 310 | 0.66550274 | 0.00912945 | 0.64920886 | 0.68158403 | 0.66124436 | 0.66976111
 311 | 0.67205793 | 0.01017306 | 0.64600064 | 0.69051095 | 0.66731277 | 0.67680309
 312 | 0.67157041 | 0.01222162 | 0.64610442 | 0.69120459 | 0.66586971 | 0.67727111
 313 | 0.68019978 | 0.00852250 | 0.65947787 | 0.69239409 | 0.67622451 | 0.68417504
 314 | 0.67969532 | 0.00872036 | 0.66292313 | 0.69955013 | 0.67562776 | 0.68376288
 315 | 0.68178370 | 0.00967826 | 0.66598425 | 0.70029720 | 0.67726933 | 0.68629806
 316 | 0.68545388 | 0.01048335 | 0.66781196 | 0.71363350 | 0.68056399 | 0.69034378
 317 | 0.68378596 | 0.01064589 | 0.65711572 | 0.69791337 | 0.67882025 | 0.68875166
 318 | 0.69337027 | 0.00941024 | 0.66779062 | 0.71181200 | 0.68898092 | 0.69775962
 319 | 0.69372285 | 0.01232538 | 0.66713308 | 0.71317589 | 0.68797375 | 0.69947195
 320 | 0.69652414 | 0.00861764 | 0.67799530 | 0.71791730 | 0.69250450 | 0.70054378
 321 | 0.69684615 | 0.01253050 | 0.67426040 | 0.72047001 | 0.69100137 | 0.70269092
 322 | 0.69794785 | 0.01095748 | 0.67883212 | 0.72564373 | 0.69283680 | 0.70305890
 323 | 0.69769015 | 0.00869546 | 0.68630451 | 0.71817058 | 0.69363421 | 0.70174610
 324 | 0.70482098 | 0.00865858 | 0.68845216 | 0.72073579 | 0.70078224 | 0.70885972
 325 | 0.71115574 | 0.00974485 | 0.69334377 | 0.72944377 | 0.70661032 | 0.71570117
 326 | 0.70860799 | 0.01544832 | 0.66541764 | 0.73188185 | 0.70140221 | 0.71581376
 327 | 0.70902405 | 0.01183375 | 0.68703223 | 0.73362109 | 0.70350427 | 0.71454383
 328 | 0.71697688 | 0.00947622 | 0.69799073 | 0.73455685 | 0.71255675 | 0.72139700
 329 | 0.71570978 | 0.00742516 | 0.70018282 | 0.73124147 | 0.71224636 | 0.71917320
 330 | 0.72084697 | 0.01005885 | 0.69555456 | 0.74176072 | 0.71615508 | 0.72553886
 331 | 0.72090955 | 0.01132255 | 0.69711391 | 0.73974280 | 0.71562822 | 0.72619089
 332 | 0.72451551 | 0.00868843 | 0.70610456 | 0.74225730 | 0.72046285 | 0.72856818
 333 | 0.72387393 | 0.01200366 | 0.70590868 | 0.75946776 | 0.71827490 | 0.72947296
 334 | 0.72880807 | 0.01405827 | 0.71209184 | 0.76091415 | 0.72225068 | 0.73536547
 335 | 0.73473153 | 0.01045673 | 0.71663727 | 0.75079150 | 0.72985405 | 0.73960900
 336 | 0.73683356 | 0.00861065 | 0.71786972 | 0.74913625 | 0.73281717 | 0.74084994
 337 | 0.73947664 | 0.00967169 | 0.71730712 | 0.75418108 | 0.73496534 | 0.74398794
 338 | 0.73656064 | 0.00951213 | 0.71657041 | 0.75759381 | 0.73212377 | 0.74099752
 339 | 0.74026124 | 0.00838241 | 0.72704421 | 0.75658665 | 0.73635132 | 0.74417117
 340 | 0.74421704 | 0.00818499 | 0.73036031 | 0.75947885 | 0.74039921 | 0.74803488
 341 | 0.74294438 | 0.00752097 | 0.73226950 | 0.75855043 | 0.73943627 | 0.74645249
 342 | 0.74481632 | 0.01065829 | 0.72070485 | 0.76016379 | 0.73984482 | 0.74978781
 343 | 0.74905055 | 0.01162360 | 0.72009955 | 0.77334885 | 0.74362880 | 0.75447231
 344 | 0.74966207 | 0.01100058 | 0.73423291 | 0.77523534 | 0.74453092 | 0.75479322
 345 | 0.75565635 | 0.00946989 | 0.73757341 | 0.77187279 | 0.75123918 | 0.76007353
 346 | 0.75590231 | 0.00773354 | 0.74418936 | 0.77084803 | 0.75229506 | 0.75950957
 347 | 0.75747313 | 0.00826282 | 0.74127866 | 0.77436120 | 0.75361899 | 0.76132728
 348 | 0.75903713 | 0.00977905 | 0.74336668 | 0.77828900 | 0.75447575 | 0.76359850
 349 | 0.76525047 | 0.00877649 | 0.75132124 | 0.78127747 | 0.76115673 | 0.76934421
 350 | 0.75773516 | 0.00937430 | 0.74284893 | 0.77699165 | 0.75336258 | 0.76210775
 351 | 0.76732488 | 0.01016702 | 0.75225161 | 0.78872030 | 0.76258254 | 0.77206722
 352 | 0.76901899 | 0.01028203 | 0.74808830 | 0.78609319 | 0.76422300 | 0.77381498
 353 | 0.76593326 | 0.01000979 | 0.75129100 | 0.78910615 | 0.76126426 | 0.77060226
 354 | 0.77459437 | 0.01041567 | 0.75409836 | 0.79506803 | 0.76973604 | 0.77945269
 355 | 0.77496136 | 0.00824259 | 0.75858657 | 0.79163180 | 0.77111666 | 0.77880606
 356 | 0.77608811 | 0.00499763 | 0.76632205 | 0.78563428 | 0.77375699 | 0.77841922
 357 | 0.78073923 | 0.00916778 | 0.76041231 | 0.80192176 | 0.77646297 | 0.78501548
 358 | 0.77974343 | 0.00832431 | 0.76435894 | 0.79373006 | 0.77586061 | 0.78362626
 359 | 0.78055620 | 0.00626669 | 0.76723416 | 0.79702766 | 0.77763315 | 0.78347926
 360 | 0.78091358 | 0.00939483 | 0.75938282 | 0.79390278 | 0.77653142 | 0.78529574
 361 | 0.78495675 | 0.00884009 | 0.77128988 | 0.80163119 | 0.78083335 | 0.78908016
 362 | 0.78625737 | 0.00924235 | 0.76788640 | 0.79988929 | 0.78194633 | 0.79056841
 363 | 0.79508441 | 0.00758497 | 0.78243957 | 0.81274900 | 0.79154645 | 0.79862237
 364 | 0.79073955 | 0.01080572 | 0.77395577 | 0.81888035 | 0.78569929 | 0.79577981
 365 | 0.79023678 | 0.00825547 | 0.77038062 | 0.80320619 | 0.78638607 | 0.79408750
 366 | 0.79313506 | 0.01042279 | 0.77364680 | 0.80953664 | 0.78827342 | 0.79799671
 367 | 0.79587533 | 0.00916779 | 0.77871692 | 0.81689381 | 0.79159907 | 0.80015158
 368 | 0.79959365 | 0.01085068 | 0.77921371 | 0.82415536 | 0.79453242 | 0.80465488
 369 | 0.79678531 | 0.00836386 | 0.78261456 | 0.81737224 | 0.79288404 | 0.80068658
 370 | 0.80407395 | 0.00687558 | 0.79096272 | 0.81580030 | 0.80086688 | 0.80728102
 371 | 0.80421388 | 0.00787453 | 0.79278294 | 0.82517577 | 0.80054085 | 0.80788690
 372 | 0.80543684 | 0.00710734 | 0.79181023 | 0.81714750 | 0.80212167 | 0.80875202
 373 | 0.80825566 | 0.00984503 | 0.79180524 | 0.82280349 | 0.80366351 | 0.81284782
 374 | 0.80842856 | 0.00605563 | 0.79635828 | 0.81879557 | 0.80560395 | 0.81125317
 375 | 0.81054538 | 0.00855785 | 0.78812883 | 0.82443573 | 0.80655362 | 0.81453714
 376 | 0.81054856 | 0.00726661 | 0.79731363 | 0.82775248 | 0.80715910 | 0.81393803
 377 | 0.81190570 | 0.00742165 | 0.79582058 | 0.82512348 | 0.80844392 | 0.81536748
 378 | 0.81721644 | 0.00669548 | 0.80422929 | 0.82656582 | 0.81409338 | 0.82033951
 379 | 0.81684860 | 0.00620274 | 0.80568226 | 0.83122029 | 0.81395537 | 0.81974183
 380 | 0.81817894 | 0.00768040 | 0.80622138 | 0.83444575 | 0.81459647 | 0.82176142
 381 | 0.81964836 | 0.01067909 | 0.80018712 | 0.83738464 | 0.81466716 | 0.82462955
 382 | 0.82246963 | 0.00581841 | 0.81354804 | 0.83687573 | 0.81975567 | 0.82518359
 383 | 0.82355897 | 0.00936502 | 0.80636425 | 0.84267157 | 0.81919071 | 0.82792722
 384 | 0.82382664 | 0.00814770 | 0.80521173 | 0.84663455 | 0.82002620 | 0.82762709
 385 | 0.82686895 | 0.00842339 | 0.81495400 | 0.84483875 | 0.82293991 | 0.83079799
 386 | 0.82814617 | 0.00630850 | 0.81263758 | 0.84014140 | 0.82520361 | 0.83108873
 387 | 0.82498110 | 0.00601521 | 0.80948099 | 0.83565813 | 0.82217534 | 0.82778686
 388 | 0.83011371 | 0.00994219 | 0.80655080 | 0.84706641 | 0.82547624 | 0.83475119
 389 | 0.83576477 | 0.00785628 | 0.81313982 | 0.84590039 | 0.83210026 | 0.83942928
 390 | 0.83207895 | 0.00727491 | 0.81832338 | 0.84622234 | 0.82868561 | 0.83547229
 391 | 0.83455617 | 0.01096569 | 0.81261999 | 0.85701180 | 0.82944129 | 0.83967105
 392 | 0.83770055 | 0.00829945 | 0.81851570 | 0.85375693 | 0.83382932 | 0.84157178
 393 | 0.84126891 | 0.00797691 | 0.82798281 | 0.86104498 | 0.83754813 | 0.84498969
 394 | 0.83846915 | 0.00916697 | 0.82384824 | 0.85819102 | 0.83419328 | 0.84274503
 395 | 0.84068513 | 0.00669204 | 0.82972254 | 0.85570258 | 0.83756367 | 0.84380659
 396 | 0.84071881 | 0.00777318 | 0.82559016 | 0.85584351 | 0.83709306 | 0.84434456
 397 | 0.84114194 | 0.00604646 | 0.83156714 | 0.85353410 | 0.83832161 | 0.84396227
 398 | 0.84410618 | 0.00647548 | 0.83322773 | 0.86233342 | 0.84108573 | 0.84712663
 399 | 0.84676404 | 0.00655768 | 0.83333333 | 0.86106583 | 0.84370525 | 0.84982282
 400 | 0.84871692 | 0.00811596 | 0.83018159 | 0.86277681 | 0.84493128 | 0.85250256
