# MÉDIAS E ESTATÍSTICAS
# Requisição 3: [5,10]
# Modo: CONJUNTO
# ============================================================
# Load | Média | DesvioPadrão | Mínimo | Máximo | IC 95% (inferior) | IC 95% (superior)
# ============================================================
   1 | 0.00000000 | 0.00000000 | 0.00000000 | 0.00000000 | 0.00000000 | 0.00000000
   2 | 0.00000000 | 0.00000000 | 0.00000000 | 0.00000000 | 0.00000000 | 0.00000000
   3 | 0.00000000 | 0.00000000 | 0.00000000 | 0.00000000 | 0.00000000 | 0.00000000
   4 | 0.00000000 | 0.00000000 | 0.00000000 | 0.00000000 | 0.00000000 | 0.00000000
   5 | 0.00000000 | 0.00000000 | 0.00000000 | 0.00000000 | 0.00000000 | 0.00000000
   6 | 0.00000000 | 0.00000000 | 0.00000000 | 0.00000000 | 0.00000000 | 0.00000000
   7 | 0.00000000 | 0.00000000 | 0.00000000 | 0.00000000 | 0.00000000 | 0.00000000
   8 | 0.00000000 | 0.00000000 | 0.00000000 | 0.00000000 | 0.00000000 | 0.00000000
   9 | 0.00000000 | 0.00000000 | 0.00000000 | 0.00000000 | 0.00000000 | 0.00000000
  10 | 0.00000000 | 0.00000000 | 0.00000000 | 0.00000000 | 0.00000000 | 0.00000000
  11 | 0.00000000 | 0.00000000 | 0.00000000 | 0.00000000 | 0.00000000 | 0.00000000
  12 | 0.00000000 | 0.00000000 | 0.00000000 | 0.00000000 | 0.00000000 | 0.00000000
  13 | 0.00000000 | 0.00000000 | 0.00000000 | 0.00000000 | 0.00000000 | 0.00000000
  14 | 0.00000000 | 0.00000000 | 0.00000000 | 0.00000000 | 0.00000000 | 0.00000000
  15 | 0.00000000 | 0.00000000 | 0.00000000 | 0.00000000 | 0.00000000 | 0.00000000
  16 | 0.00000000 | 0.00000000 | 0.00000000 | 0.00000000 | 0.00000000 | 0.00000000
  17 | 0.00000000 | 0.00000000 | 0.00000000 | 0.00000000 | 0.00000000 | 0.00000000
  18 | 0.00000000 | 0.00000000 | 0.00000000 | 0.00000000 | 0.00000000 | 0.00000000
  19 | 0.00000000 | 0.00000000 | 0.00000000 | 0.00000000 | 0.00000000 | 0.00000000
  20 | 0.00000000 | 0.00000000 | 0.00000000 | 0.00000000 | 0.00000000 | 0.00000000
  21 | 0.00000000 | 0.00000000 | 0.00000000 | 0.00000000 | 0.00000000 | 0.00000000
  22 | 0.00000000 | 0.00000000 | 0.00000000 | 0.00000000 | 0.00000000 | 0.00000000
  23 | 0.00000000 | 0.00000000 | 0.00000000 | 0.00000000 | 0.00000000 | 0.00000000
  24 | 0.00000000 | 0.00000000 | 0.00000000 | 0.00000000 | 0.00000000 | 0.00000000
  25 | 0.00000000 | 0.00000000 | 0.00000000 | 0.00000000 | 0.00000000 | 0.00000000
  26 | 0.00000000 | 0.00000000 | 0.00000000 | 0.00000000 | 0.00000000 | 0.00000000
  27 | 0.00000000 | 0.00000000 | 0.00000000 | 0.00000000 | 0.00000000 | 0.00000000
  28 | 0.00000000 | 0.00000000 | 0.00000000 | 0.00000000 | 0.00000000 | 0.00000000
  29 | 0.00000000 | 0.00000000 | 0.00000000 | 0.00000000 | 0.00000000 | 0.00000000
  30 | 0.00000000 | 0.00000000 | 0.00000000 | 0.00000000 | 0.00000000 | 0.00000000
  31 | 0.00000000 | 0.00000000 | 0.00000000 | 0.00000000 | 0.00000000 | 0.00000000
  32 | 0.00000000 | 0.00000000 | 0.00000000 | 0.00000000 | 0.00000000 | 0.00000000
  33 | 0.00000000 | 0.00000000 | 0.00000000 | 0.00000000 | 0.00000000 | 0.00000000
  34 | 0.00000000 | 0.00000000 | 0.00000000 | 0.00000000 | 0.00000000 | 0.00000000
  35 | 0.00000000 | 0.00000000 | 0.00000000 | 0.00000000 | 0.00000000 | 0.00000000
  36 | 0.00000000 | 0.00000000 | 0.00000000 | 0.00000000 | 0.00000000 | 0.00000000
  37 | 0.00000000 | 0.00000000 | 0.00000000 | 0.00000000 | 0.00000000 | 0.00000000
  38 | 0.00000000 | 0.00000000 | 0.00000000 | 0.00000000 | 0.00000000 | 0.00000000
  39 | 0.00000000 | 0.00000000 | 0.00000000 | 0.00000000 | 0.00000000 | 0.00000000
  40 | 0.00000000 | 0.00000000 | 0.00000000 | 0.00000000 | 0.00000000 | 0.00000000
  41 | 0.00000000 | 0.00000000 | 0.00000000 | 0.00000000 | 0.00000000 | 0.00000000
  42 | 0.00000000 | 0.00000000 | 0.00000000 | 0.00000000 | 0.00000000 | 0.00000000
  43 | 0.00000000 | 0.00000000 | 0.00000000 | 0.00000000 | 0.00000000 | 0.00000000
  44 | 0.00000000 | 0.00000000 | 0.00000000 | 0.00000000 | 0.00000000 | 0.00000000
  45 | 0.00000000 | 0.00000000 | 0.00000000 | 0.00000000 | 0.00000000 | 0.00000000
  46 | 0.00000000 | 0.00000000 | 0.00000000 | 0.00000000 | 0.00000000 | 0.00000000
  47 | 0.00000000 | 0.00000000 | 0.00000000 | 0.00000000 | 0.00000000 | 0.00000000
  48 | 0.00000000 | 0.00000000 | 0.00000000 | 0.00000000 | 0.00000000 | 0.00000000
  49 | 0.00000000 | 0.00000000 | 0.00000000 | 0.00000000 | 0.00000000 | 0.00000000
  50 | 0.00000000 | 0.00000000 | 0.00000000 | 0.00000000 | 0.00000000 | 0.00000000
  51 | 0.00000000 | 0.00000000 | 0.00000000 | 0.00000000 | 0.00000000 | 0.00000000
  52 | 0.00000000 | 0.00000000 | 0.00000000 | 0.00000000 | 0.00000000 | 0.00000000
  53 | 0.00000000 | 0.00000000 | 0.00000000 | 0.00000000 | 0.00000000 | 0.00000000
  54 | 0.00000000 | 0.00000000 | 0.00000000 | 0.00000000 | 0.00000000 | 0.00000000
  55 | 0.00000000 | 0.00000000 | 0.00000000 | 0.00000000 | 0.00000000 | 0.00000000
  56 | 0.00000000 | 0.00000000 | 0.00000000 | 0.00000000 | 0.00000000 | 0.00000000
  57 | 0.00000000 | 0.00000000 | 0.00000000 | 0.00000000 | 0.00000000 | 0.00000000
  58 | 0.00000000 | 0.00000000 | 0.00000000 | 0.00000000 | 0.00000000 | 0.00000000
  59 | 0.00000000 | 0.00000000 | 0.00000000 | 0.00000000 | 0.00000000 | 0.00000000
  60 | 0.00000000 | 0.00000000 | 0.00000000 | 0.00000000 | 0.00000000 | 0.00000000
  61 | 0.00000000 | 0.00000000 | 0.00000000 | 0.00000000 | 0.00000000 | 0.00000000
  62 | 0.00000000 | 0.00000000 | 0.00000000 | 0.00000000 | 0.00000000 | 0.00000000
  63 | 0.00000000 | 0.00000000 | 0.00000000 | 0.00000000 | 0.00000000 | 0.00000000
  64 | 0.00000000 | 0.00000000 | 0.00000000 | 0.00000000 | 0.00000000 | 0.00000000
  65 | 0.00000000 | 0.00000000 | 0.00000000 | 0.00000000 | 0.00000000 | 0.00000000
  66 | 0.00000000 | 0.00000000 | 0.00000000 | 0.00000000 | 0.00000000 | 0.00000000
  67 | 0.00000000 | 0.00000000 | 0.00000000 | 0.00000000 | 0.00000000 | 0.00000000
  68 | 0.00000000 | 0.00000000 | 0.00000000 | 0.00000000 | 0.00000000 | 0.00000000
  69 | 0.00000000 | 0.00000000 | 0.00000000 | 0.00000000 | 0.00000000 | 0.00000000
  70 | 0.00000000 | 0.00000000 | 0.00000000 | 0.00000000 | 0.00000000 | 0.00000000
  71 | 0.00000000 | 0.00000000 | 0.00000000 | 0.00000000 | 0.00000000 | 0.00000000
  72 | 0.00000000 | 0.00000000 | 0.00000000 | 0.00000000 | 0.00000000 | 0.00000000
  73 | 0.00000000 | 0.00000000 | 0.00000000 | 0.00000000 | 0.00000000 | 0.00000000
  74 | 0.00000000 | 0.00000000 | 0.00000000 | 0.00000000 | 0.00000000 | 0.00000000
  75 | 0.00000000 | 0.00000000 | 0.00000000 | 0.00000000 | 0.00000000 | 0.00000000
  76 | 0.00000000 | 0.00000000 | 0.00000000 | 0.00000000 | 0.00000000 | 0.00000000
  77 | 0.00000000 | 0.00000000 | 0.00000000 | 0.00000000 | 0.00000000 | 0.00000000
  78 | 0.00000000 | 0.00000000 | 0.00000000 | 0.00000000 | 0.00000000 | 0.00000000
  79 | 0.00000000 | 0.00000000 | 0.00000000 | 0.00000000 | 0.00000000 | 0.00000000
  80 | 0.00000000 | 0.00000000 | 0.00000000 | 0.00000000 | 0.00000000 | 0.00000000
  81 | 0.00000000 | 0.00000000 | 0.00000000 | 0.00000000 | 0.00000000 | 0.00000000
  82 | 0.00000000 | 0.00000000 | 0.00000000 | 0.00000000 | 0.00000000 | 0.00000000
  83 | 0.00000000 | 0.00000000 | 0.00000000 | 0.00000000 | 0.00000000 | 0.00000000
  84 | 0.00000000 | 0.00000000 | 0.00000000 | 0.00000000 | 0.00000000 | 0.00000000
  85 | 0.00000000 | 0.00000000 | 0.00000000 | 0.00000000 | 0.00000000 | 0.00000000
  86 | 0.00000000 | 0.00000000 | 0.00000000 | 0.00000000 | 0.00000000 | 0.00000000
  87 | 0.00000000 | 0.00000000 | 0.00000000 | 0.00000000 | 0.00000000 | 0.00000000
  88 | 0.00000000 | 0.00000000 | 0.00000000 | 0.00000000 | 0.00000000 | 0.00000000
  89 | 0.00000000 | 0.00000000 | 0.00000000 | 0.00000000 | 0.00000000 | 0.00000000
  90 | 0.00000000 | 0.00000000 | 0.00000000 | 0.00000000 | 0.00000000 | 0.00000000
  91 | 0.00000000 | 0.00000000 | 0.00000000 | 0.00000000 | 0.00000000 | 0.00000000
  92 | 0.00000000 | 0.00000000 | 0.00000000 | 0.00000000 | 0.00000000 | 0.00000000
  93 | 0.00000000 | 0.00000000 | 0.00000000 | 0.00000000 | 0.00000000 | 0.00000000
  94 | 0.00000000 | 0.00000000 | 0.00000000 | 0.00000000 | 0.00000000 | 0.00000000
  95 | 0.00000000 | 0.00000000 | 0.00000000 | 0.00000000 | 0.00000000 | 0.00000000
  96 | 0.00000000 | 0.00000000 | 0.00000000 | 0.00000000 | 0.00000000 | 0.00000000
  97 | 0.00000000 | 0.00000000 | 0.00000000 | 0.00000000 | 0.00000000 | 0.00000000
  98 | 0.00000000 | 0.00000000 | 0.00000000 | 0.00000000 | 0.00000000 | 0.00000000
  99 | 0.00000000 | 0.00000000 | 0.00000000 | 0.00000000 | 0.00000000 | 0.00000000
 100 | 0.00000000 | 0.00000000 | 0.00000000 | 0.00000000 | 0.00000000 | 0.00000000
 101 | 0.00000000 | 0.00000000 | 0.00000000 | 0.00000000 | 0.00000000 | 0.00000000
 102 | 0.00000000 | 0.00000000 | 0.00000000 | 0.00000000 | 0.00000000 | 0.00000000
 103 | 0.00000000 | 0.00000000 | 0.00000000 | 0.00000000 | 0.00000000 | 0.00000000
 104 | 0.00000000 | 0.00000000 | 0.00000000 | 0.00000000 | 0.00000000 | 0.00000000
 105 | 0.00000000 | 0.00000000 | 0.00000000 | 0.00000000 | 0.00000000 | 0.00000000
 106 | 0.00000000 | 0.00000000 | 0.00000000 | 0.00000000 | 0.00000000 | 0.00000000
 107 | 0.00000000 | 0.00000000 | 0.00000000 | 0.00000000 | 0.00000000 | 0.00000000
 108 | 0.00000000 | 0.00000000 | 0.00000000 | 0.00000000 | 0.00000000 | 0.00000000
 109 | 0.00000000 | 0.00000000 | 0.00000000 | 0.00000000 | 0.00000000 | 0.00000000
 110 | 0.00000000 | 0.00000000 | 0.00000000 | 0.00000000 | 0.00000000 | 0.00000000
 111 | 0.00000000 | 0.00000000 | 0.00000000 | 0.00000000 | 0.00000000 | 0.00000000
 112 | 0.00000000 | 0.00000000 | 0.00000000 | 0.00000000 | 0.00000000 | 0.00000000
 113 | 0.00000000 | 0.00000000 | 0.00000000 | 0.00000000 | 0.00000000 | 0.00000000
 114 | 0.00000000 | 0.00000000 | 0.00000000 | 0.00000000 | 0.00000000 | 0.00000000
 115 | 0.00000000 | 0.00000000 | 0.00000000 | 0.00000000 | 0.00000000 | 0.00000000
 116 | 0.00000000 | 0.00000000 | 0.00000000 | 0.00000000 | 0.00000000 | 0.00000000
 117 | 0.00000000 | 0.00000000 | 0.00000000 | 0.00000000 | 0.00000000 | 0.00000000
 118 | 0.00000000 | 0.00000000 | 0.00000000 | 0.00000000 | 0.00000000 | 0.00000000
 119 | 0.00000000 | 0.00000000 | 0.00000000 | 0.00000000 | 0.00000000 | 0.00000000
 120 | 0.00000000 | 0.00000000 | 0.00000000 | 0.00000000 | 0.00000000 | 0.00000000
 121 | 0.00000000 | 0.00000000 | 0.00000000 | 0.00000000 | 0.00000000 | 0.00000000
 122 | 0.00000000 | 0.00000000 | 0.00000000 | 0.00000000 | 0.00000000 | 0.00000000
 123 | 0.00006276 | 0.00027357 | 0.00000000 | 0.00125523 | -0.00006484 | 0.00019037
 124 | 0.00005867 | 0.00018570 | 0.00000000 | 0.00077399 | -0.00002795 | 0.00014529
 125 | 0.00012047 | 0.00036122 | 0.00000000 | 0.00160514 | -0.00004802 | 0.00028897
 126 | 0.00000000 | 0.00000000 | 0.00000000 | 0.00000000 | 0.00000000 | 0.00000000
 127 | 0.00011469 | 0.00042103 | 0.00000000 | 0.00191424 | -0.00008170 | 0.00031107
 128 | 0.00000000 | 0.00000000 | 0.00000000 | 0.00000000 | 0.00000000 | 0.00000000
 129 | 0.00000000 | 0.00000000 | 0.00000000 | 0.00000000 | 0.00000000 | 0.00000000
 130 | 0.00017344 | 0.00037594 | 0.00000000 | 0.00118157 | -0.00000191 | 0.00034880
 131 | 0.00016733 | 0.00041476 | 0.00000000 | 0.00148038 | -0.00002613 | 0.00036079
 132 | 0.00011291 | 0.00026823 | 0.00000000 | 0.00112486 | -0.00001220 | 0.00023802
 133 | 0.00007478 | 0.00019032 | 0.00000000 | 0.00074432 | -0.00001399 | 0.00016356
 134 | 0.00012906 | 0.00028962 | 0.00000000 | 0.00108225 | -0.00000603 | 0.00026415
 135 | 0.00012759 | 0.00035051 | 0.00000000 | 0.00145455 | -0.00003590 | 0.00029109
 136 | 0.00025484 | 0.00047617 | 0.00000000 | 0.00144928 | 0.00003273 | 0.00047694
 137 | 0.00012738 | 0.00020775 | 0.00000000 | 0.00072176 | 0.00003048 | 0.00022429
 138 | 0.00021435 | 0.00057454 | 0.00000000 | 0.00253256 | -0.00005363 | 0.00048234
 139 | 0.00018053 | 0.00031342 | 0.00000000 | 0.00107296 | 0.00003434 | 0.00032672
 140 | 0.00021273 | 0.00028276 | 0.00000000 | 0.00072072 | 0.00008084 | 0.00034462
 141 | 0.00036710 | 0.00054839 | 0.00000000 | 0.00239071 | 0.00011130 | 0.00062289
 142 | 0.00056112 | 0.00106798 | 0.00000000 | 0.00458554 | 0.00006296 | 0.00105927
 143 | 0.00076449 | 0.00098580 | 0.00000000 | 0.00306748 | 0.00030467 | 0.00122431
 144 | 0.00062382 | 0.00063956 | 0.00000000 | 0.00205198 | 0.00032550 | 0.00092214
 145 | 0.00031331 | 0.00052107 | 0.00000000 | 0.00180571 | 0.00007026 | 0.00055636
 146 | 0.00060275 | 0.00081064 | 0.00000000 | 0.00304878 | 0.00022463 | 0.00098086
 147 | 0.00064205 | 0.00078260 | 0.00000000 | 0.00296932 | 0.00027701 | 0.00100709
 148 | 0.00082222 | 0.00107452 | 0.00000000 | 0.00398804 | 0.00032102 | 0.00132343
 149 | 0.00053526 | 0.00064654 | 0.00000000 | 0.00234349 | 0.00023368 | 0.00083683
 150 | 0.00135343 | 0.00127178 | 0.00000000 | 0.00453368 | 0.00076021 | 0.00194665
 151 | 0.00200264 | 0.00164822 | 0.00000000 | 0.00689882 | 0.00123383 | 0.00277144
 152 | 0.00126823 | 0.00158223 | 0.00000000 | 0.00660793 | 0.00053021 | 0.00200625
 153 | 0.00141904 | 0.00116545 | 0.00000000 | 0.00441276 | 0.00087542 | 0.00196265
 154 | 0.00211973 | 0.00135203 | 0.00032552 | 0.00556829 | 0.00148909 | 0.00275038
 155 | 0.00205489 | 0.00157014 | 0.00032072 | 0.00546624 | 0.00132251 | 0.00278728
 156 | 0.00219768 | 0.00163686 | 0.00000000 | 0.00541229 | 0.00143418 | 0.00296118
 157 | 0.00274576 | 0.00135566 | 0.00031596 | 0.00508259 | 0.00211342 | 0.00337810
 158 | 0.00274514 | 0.00162214 | 0.00031786 | 0.00620925 | 0.00198851 | 0.00350178
 159 | 0.00293489 | 0.00159723 | 0.00000000 | 0.00573671 | 0.00218987 | 0.00367991
 160 | 0.00344645 | 0.00201819 | 0.00031486 | 0.00915693 | 0.00250508 | 0.00438782
 161 | 0.00397493 | 0.00244800 | 0.00030921 | 0.00874548 | 0.00283308 | 0.00511678
 162 | 0.00390265 | 0.00253173 | 0.00031348 | 0.00983607 | 0.00272173 | 0.00508356
 163 | 0.00434224 | 0.00224851 | 0.00126863 | 0.01063507 | 0.00329343 | 0.00539105
 164 | 0.00456831 | 0.00251895 | 0.00062189 | 0.00963331 | 0.00339336 | 0.00574326
 165 | 0.00503732 | 0.00282914 | 0.00061633 | 0.01063507 | 0.00371769 | 0.00635696
 166 | 0.00649857 | 0.00361439 | 0.00122287 | 0.01452644 | 0.00481266 | 0.00818448
 167 | 0.00663998 | 0.00273275 | 0.00210463 | 0.01419279 | 0.00536531 | 0.00791466
 168 | 0.00749067 | 0.00263152 | 0.00305530 | 0.01270575 | 0.00626321 | 0.00871812
 169 | 0.00851697 | 0.00326846 | 0.00271657 | 0.01524480 | 0.00699242 | 0.01004152
 170 | 0.00731147 | 0.00233760 | 0.00295421 | 0.01192554 | 0.00622111 | 0.00840183
 171 | 0.00883952 | 0.00279093 | 0.00566150 | 0.01604585 | 0.00753771 | 0.01014133
 172 | 0.00935126 | 0.00333802 | 0.00294291 | 0.01728111 | 0.00779426 | 0.01090825
 173 | 0.00997797 | 0.00359375 | 0.00552969 | 0.01817649 | 0.00830169 | 0.01165425
 174 | 0.01056226 | 0.00287649 | 0.00520081 | 0.01611485 | 0.00922053 | 0.01190398
 175 | 0.00910854 | 0.00415448 | 0.00376812 | 0.02124044 | 0.00717071 | 0.01104637
 176 | 0.01088936 | 0.00302760 | 0.00616246 | 0.01775487 | 0.00947715 | 0.01230157
 177 | 0.01115117 | 0.00320084 | 0.00532229 | 0.01917732 | 0.00965816 | 0.01264418
 178 | 0.01162996 | 0.00296309 | 0.00707014 | 0.01802052 | 0.01024784 | 0.01301207
 179 | 0.01314384 | 0.00354881 | 0.00744828 | 0.02361340 | 0.01148852 | 0.01479916
 180 | 0.01169381 | 0.00409378 | 0.00600171 | 0.01945525 | 0.00978429 | 0.01360333
 181 | 0.01350628 | 0.00455745 | 0.00691643 | 0.02441009 | 0.01138048 | 0.01563208
 182 | 0.01435797 | 0.00385475 | 0.00792566 | 0.02085620 | 0.01255994 | 0.01615599
 183 | 0.01454763 | 0.00507812 | 0.00595883 | 0.02340597 | 0.01217897 | 0.01691628
 184 | 0.01487760 | 0.00428438 | 0.00802435 | 0.02612443 | 0.01287918 | 0.01687602
 185 | 0.01573788 | 0.00343790 | 0.01050304 | 0.02281369 | 0.01413430 | 0.01734146
 186 | 0.01681989 | 0.00344555 | 0.01077877 | 0.02360346 | 0.01521274 | 0.01842704
 187 | 0.01882470 | 0.00565190 | 0.00988197 | 0.02857143 | 0.01618841 | 0.02146100
 188 | 0.01904009 | 0.00399641 | 0.00956938 | 0.02647218 | 0.01717599 | 0.02090419
 189 | 0.01982792 | 0.00509151 | 0.00956807 | 0.02872340 | 0.01745301 | 0.02220282
 190 | 0.01967747 | 0.00594933 | 0.00969348 | 0.03072554 | 0.01690245 | 0.02245250
 191 | 0.02095199 | 0.00499621 | 0.01320399 | 0.02951838 | 0.01862153 | 0.02328244
 192 | 0.01980809 | 0.00642722 | 0.00869565 | 0.03455285 | 0.01681015 | 0.02280603
 193 | 0.02313131 | 0.00573432 | 0.01192053 | 0.03326562 | 0.02045658 | 0.02580605
 194 | 0.02301776 | 0.00459723 | 0.01530083 | 0.03572360 | 0.02087341 | 0.02516211
 195 | 0.02415632 | 0.00441128 | 0.01426307 | 0.03456281 | 0.02209870 | 0.02621393
 196 | 0.02527432 | 0.00475683 | 0.01489854 | 0.03356198 | 0.02305553 | 0.02749312
 197 | 0.02394793 | 0.00595014 | 0.01279707 | 0.03475869 | 0.02117253 | 0.02672334
 198 | 0.02329853 | 0.00508309 | 0.01284687 | 0.03613232 | 0.02092756 | 0.02566951
 199 | 0.02387085 | 0.00469322 | 0.01480347 | 0.03357554 | 0.02168173 | 0.02605997
 200 | 0.02775384 | 0.00620371 | 0.01830033 | 0.03919694 | 0.02486016 | 0.03064752
 201 | 0.02998382 | 0.00694992 | 0.01744186 | 0.04170756 | 0.02674208 | 0.03322557
 202 | 0.03066768 | 0.00449013 | 0.02255825 | 0.03876362 | 0.02857329 | 0.03276208
 203 | 0.02969211 | 0.00542452 | 0.02241594 | 0.04399115 | 0.02716188 | 0.03222235
 204 | 0.02998561 | 0.00687490 | 0.01251564 | 0.04005757 | 0.02677885 | 0.03319236
 205 | 0.02862271 | 0.00678562 | 0.01866136 | 0.04164683 | 0.02545760 | 0.03178782
 206 | 0.03419183 | 0.00646964 | 0.02587482 | 0.04968644 | 0.03117410 | 0.03720955
 207 | 0.03239876 | 0.00712971 | 0.02326721 | 0.05637708 | 0.02907316 | 0.03572437
 208 | 0.03372369 | 0.00568810 | 0.01982864 | 0.04060793 | 0.03107051 | 0.03637686
 209 | 0.03271967 | 0.00786792 | 0.01878613 | 0.05123340 | 0.02904973 | 0.03638961
 210 | 0.03468963 | 0.00558026 | 0.02310469 | 0.04559487 | 0.03208675 | 0.03729250
 211 | 0.03647041 | 0.00688093 | 0.02324489 | 0.04661410 | 0.03326084 | 0.03967997
 212 | 0.03587968 | 0.00649751 | 0.02394366 | 0.05419059 | 0.03284895 | 0.03891040
 213 | 0.03842458 | 0.00763982 | 0.02638398 | 0.04988290 | 0.03486103 | 0.04198812
 214 | 0.03955554 | 0.00577088 | 0.02647269 | 0.04992968 | 0.03686374 | 0.04224733
 215 | 0.03787491 | 0.00532402 | 0.02758943 | 0.04936306 | 0.03539156 | 0.04035827
 216 | 0.03795071 | 0.00561263 | 0.03021915 | 0.05100671 | 0.03533273 | 0.04056868
 217 | 0.03990784 | 0.00625158 | 0.02857143 | 0.05258303 | 0.03699183 | 0.04282385
 218 | 0.04124729 | 0.00699388 | 0.02953686 | 0.05577867 | 0.03798503 | 0.04450954
 219 | 0.04159556 | 0.00691154 | 0.03117836 | 0.05756506 | 0.03837171 | 0.04481940
 220 | 0.04149928 | 0.00623680 | 0.02689037 | 0.05284738 | 0.03859017 | 0.04440840
 221 | 0.04343070 | 0.00443725 | 0.03629396 | 0.05422362 | 0.04136098 | 0.04550043
 222 | 0.04504177 | 0.00624375 | 0.03253346 | 0.05778562 | 0.04212941 | 0.04795413
 223 | 0.04346722 | 0.00737863 | 0.03293687 | 0.06579819 | 0.04002550 | 0.04690894
 224 | 0.04825055 | 0.00597858 | 0.03237658 | 0.05994730 | 0.04546188 | 0.05103922
 225 | 0.04682970 | 0.00593122 | 0.03804593 | 0.05994312 | 0.04406313 | 0.04959628
 226 | 0.04694022 | 0.00681014 | 0.03615561 | 0.05951069 | 0.04376367 | 0.05011677
 227 | 0.04731285 | 0.00910280 | 0.02930728 | 0.06432621 | 0.04306691 | 0.05155880
 228 | 0.05253293 | 0.00925215 | 0.03403025 | 0.07473842 | 0.04821732 | 0.05684853
 229 | 0.04911009 | 0.00467503 | 0.04021858 | 0.05943981 | 0.04692945 | 0.05129073
 230 | 0.05197973 | 0.00649454 | 0.03660714 | 0.06423574 | 0.04895039 | 0.05500907
 231 | 0.04787433 | 0.00614231 | 0.03601834 | 0.06131355 | 0.04500929 | 0.05073937
 232 | 0.05323093 | 0.00619546 | 0.04402516 | 0.06841877 | 0.05034109 | 0.05612076
 233 | 0.05260138 | 0.00753846 | 0.03769797 | 0.06766275 | 0.04908511 | 0.05611765
 234 | 0.05409130 | 0.00842081 | 0.03793399 | 0.07607566 | 0.05016347 | 0.05801913
 235 | 0.05268023 | 0.00875290 | 0.04154759 | 0.07183484 | 0.04859750 | 0.05676297
 236 | 0.05591773 | 0.00731536 | 0.04204595 | 0.07018647 | 0.05250552 | 0.05932993
 237 | 0.05770384 | 0.00789905 | 0.04613413 | 0.07578254 | 0.05401938 | 0.06138830
 238 | 0.05374469 | 0.00915198 | 0.03994789 | 0.07418212 | 0.04947581 | 0.05801357
 239 | 0.05937000 | 0.00925949 | 0.03831499 | 0.07509084 | 0.05505097 | 0.06368903
 240 | 0.05825237 | 0.00734141 | 0.04256671 | 0.07385554 | 0.05482801 | 0.06167673
 241 | 0.05912454 | 0.00789577 | 0.04277528 | 0.07346854 | 0.05544161 | 0.06280748
 242 | 0.06126040 | 0.00898598 | 0.04765904 | 0.07863997 | 0.05706894 | 0.06545185
 243 | 0.06264139 | 0.00922422 | 0.04115918 | 0.07964242 | 0.05833881 | 0.06694397
 244 | 0.06281729 | 0.00969839 | 0.04259337 | 0.07904264 | 0.05829354 | 0.06734104
 245 | 0.06413030 | 0.00652536 | 0.05181559 | 0.07244318 | 0.06108659 | 0.06717401
 246 | 0.06329306 | 0.00842820 | 0.04901762 | 0.07998376 | 0.05936177 | 0.06722434
 247 | 0.06282843 | 0.00894740 | 0.04398290 | 0.07633893 | 0.05865497 | 0.06700189
 248 | 0.06439315 | 0.00762463 | 0.05040650 | 0.08863044 | 0.06083668 | 0.06794961
 249 | 0.06518148 | 0.00857529 | 0.05343980 | 0.08112355 | 0.06118160 | 0.06918137
 250 | 0.06332342 | 0.00736092 | 0.05054152 | 0.08035356 | 0.05988996 | 0.06675688
 251 | 0.06898853 | 0.00739861 | 0.05273793 | 0.08323424 | 0.06553749 | 0.07243956
 252 | 0.06717177 | 0.00707168 | 0.04661017 | 0.07662236 | 0.06387323 | 0.07047031
 253 | 0.06590672 | 0.00829022 | 0.05199072 | 0.08484032 | 0.06203980 | 0.06977364
 254 | 0.06927095 | 0.00621780 | 0.05583053 | 0.08308664 | 0.06637070 | 0.07217121
 255 | 0.06851447 | 0.00907019 | 0.05384463 | 0.09334368 | 0.06428374 | 0.07274520
 256 | 0.07083768 | 0.00904430 | 0.05335457 | 0.08644100 | 0.06661902 | 0.07505633
 257 | 0.07227049 | 0.00683859 | 0.05572199 | 0.08477542 | 0.06908067 | 0.07546031
 258 | 0.07106333 | 0.00826886 | 0.05724893 | 0.09090909 | 0.06720637 | 0.07492029
 259 | 0.07090531 | 0.00894571 | 0.05488036 | 0.09008341 | 0.06673264 | 0.07507799
 260 | 0.07027674 | 0.00753186 | 0.05474096 | 0.08336477 | 0.06676354 | 0.07378993
 261 | 0.07218016 | 0.00595467 | 0.06055330 | 0.08124652 | 0.06940264 | 0.07495768
 262 | 0.07867331 | 0.01093852 | 0.06157072 | 0.10556374 | 0.07357111 | 0.08377552
 263 | 0.07553689 | 0.00852690 | 0.06007270 | 0.09085831 | 0.07155957 | 0.07951421
 264 | 0.07258965 | 0.00676956 | 0.06035283 | 0.08598848 | 0.06943203 | 0.07574727
 265 | 0.07579063 | 0.00735857 | 0.06107601 | 0.08984593 | 0.07235827 | 0.07922299
 266 | 0.07758307 | 0.00610199 | 0.06177156 | 0.08678611 | 0.07473683 | 0.08042930
 267 | 0.08125444 | 0.00806252 | 0.07076632 | 0.10027599 | 0.07749373 | 0.08501515
 268 | 0.07970390 | 0.00749158 | 0.06155001 | 0.09242313 | 0.07620950 | 0.08319830
 269 | 0.08242810 | 0.00765617 | 0.06751928 | 0.10094462 | 0.07885693 | 0.08599927
 270 | 0.08226002 | 0.00830451 | 0.06744705 | 0.09647529 | 0.07838643 | 0.08613361
 271 | 0.08593676 | 0.00841220 | 0.07180060 | 0.10046982 | 0.08201294 | 0.08986058
 272 | 0.08300419 | 0.00676680 | 0.07278020 | 0.10330579 | 0.07984786 | 0.08616052
 273 | 0.08230807 | 0.00794370 | 0.05852560 | 0.09506264 | 0.07860278 | 0.08601336
 274 | 0.08552957 | 0.00963270 | 0.06921373 | 0.10339815 | 0.08103646 | 0.09002268
 275 | 0.07947241 | 0.00859568 | 0.05797902 | 0.09378893 | 0.07546300 | 0.08348181
 276 | 0.08542074 | 0.00877157 | 0.07327197 | 0.10552939 | 0.08132930 | 0.08951219
 277 | 0.08585662 | 0.01126102 | 0.06816127 | 0.11103291 | 0.08060399 | 0.09110926
 278 | 0.09059320 | 0.00682943 | 0.07873027 | 0.10830450 | 0.08740765 | 0.09377875
 279 | 0.09063582 | 0.00885027 | 0.07510885 | 0.11101353 | 0.08650767 | 0.09476398
 280 | 0.08948696 | 0.00884890 | 0.07598839 | 0.11175236 | 0.08535945 | 0.09361447
 281 | 0.08963712 | 0.00962086 | 0.07126437 | 0.10495781 | 0.08514953 | 0.09412471
 282 | 0.09062410 | 0.00830625 | 0.07529959 | 0.10754414 | 0.08674970 | 0.09449850
 283 | 0.09233770 | 0.01146281 | 0.07387165 | 0.11637785 | 0.08699095 | 0.09768446
 284 | 0.09416448 | 0.00988586 | 0.07974062 | 0.11778764 | 0.08955328 | 0.09877568
 285 | 0.09310082 | 0.00894769 | 0.07908299 | 0.11545785 | 0.08892722 | 0.09727441
 286 | 0.09413550 | 0.00925331 | 0.07745850 | 0.11773649 | 0.08981936 | 0.09845165
 287 | 0.09313173 | 0.00969426 | 0.07108326 | 0.11840953 | 0.08860991 | 0.09765356
 288 | 0.09183236 | 0.00741622 | 0.07891061 | 0.10657558 | 0.08837311 | 0.09529161
 289 | 0.09583216 | 0.01027978 | 0.07923685 | 0.11788057 | 0.09103722 | 0.10062710
 290 | 0.09820819 | 0.00565175 | 0.08885827 | 0.11124422 | 0.09557196 | 0.10084441
 291 | 0.09511468 | 0.01081890 | 0.07299013 | 0.11664127 | 0.09006827 | 0.10016109
 292 | 0.09831797 | 0.01219436 | 0.07415809 | 0.12361064 | 0.09262998 | 0.10400595
 293 | 0.09858792 | 0.00923917 | 0.08208830 | 0.11617770 | 0.09427837 | 0.10289747
 294 | 0.09841989 | 0.01198862 | 0.07720962 | 0.12015122 | 0.09282787 | 0.10401191
 295 | 0.10158810 | 0.00874952 | 0.08183530 | 0.11696101 | 0.09750693 | 0.10566926
 296 | 0.10051404 | 0.00852527 | 0.08686045 | 0.11669477 | 0.09653748 | 0.10449060
 297 | 0.09709300 | 0.00784642 | 0.08231864 | 0.11211143 | 0.09343309 | 0.10075291
 298 | 0.09887329 | 0.00914390 | 0.07846841 | 0.11468714 | 0.09460818 | 0.10313841
 299 | 0.10716037 | 0.00961349 | 0.08841361 | 0.13240816 | 0.10267622 | 0.11164452
 300 | 0.10482818 | 0.00957174 | 0.08653362 | 0.12608416 | 0.10036350 | 0.10929286
 301 | 0.10008658 | 0.01020586 | 0.08486776 | 0.12339585 | 0.09532612 | 0.10484704
 302 | 0.10499882 | 0.01144065 | 0.08417339 | 0.13001975 | 0.09966240 | 0.11033524
 303 | 0.10098805 | 0.00775769 | 0.08768657 | 0.11508504 | 0.09736952 | 0.10460658
 304 | 0.10293763 | 0.00896412 | 0.08299663 | 0.11886179 | 0.09875637 | 0.10711889
 305 | 0.10882037 | 0.00963945 | 0.09912150 | 0.13549122 | 0.10432411 | 0.11331663
 306 | 0.10956522 | 0.00753040 | 0.09969050 | 0.13087248 | 0.10605271 | 0.11307773
 307 | 0.10540539 | 0.00850924 | 0.08845209 | 0.12044682 | 0.10143631 | 0.10937448
 308 | 0.10858892 | 0.00875592 | 0.08989501 | 0.12181439 | 0.10450477 | 0.11267306
 309 | 0.11132625 | 0.00728034 | 0.09695291 | 0.12314327 | 0.10793039 | 0.11472212
 310 | 0.10912704 | 0.00869414 | 0.08853052 | 0.12703479 | 0.10507171 | 0.11318236
 311 | 0.11259166 | 0.00983658 | 0.09809000 | 0.13385450 | 0.10800345 | 0.11717987
 312 | 0.11226535 | 0.00841298 | 0.09772296 | 0.12786780 | 0.10834117 | 0.11618953
 313 | 0.11140641 | 0.01005383 | 0.09373001 | 0.12688582 | 0.10671687 | 0.11609596
 314 | 0.11594551 | 0.01110227 | 0.09244627 | 0.13608612 | 0.11076692 | 0.12112409
 315 | 0.11345168 | 0.01257882 | 0.09280895 | 0.14981273 | 0.10758436 | 0.11931899
 316 | 0.11475765 | 0.01048891 | 0.09354477 | 0.13214062 | 0.10986517 | 0.11965014
 317 | 0.11614306 | 0.00983968 | 0.09058955 | 0.13469643 | 0.11155341 | 0.12073272
 318 | 0.11634862 | 0.01138187 | 0.09354086 | 0.13865875 | 0.11103962 | 0.12165762
 319 | 0.11754197 | 0.01056876 | 0.09299043 | 0.13655172 | 0.11261224 | 0.12247170
 320 | 0.11817557 | 0.01073767 | 0.10166562 | 0.14441088 | 0.11316705 | 0.12318408
 321 | 0.12111222 | 0.00919397 | 0.09618105 | 0.13746754 | 0.11682374 | 0.12540069
 322 | 0.12190394 | 0.00945434 | 0.10332860 | 0.14130767 | 0.11749402 | 0.12631386
 323 | 0.12535222 | 0.00954582 | 0.10629067 | 0.15027658 | 0.12089963 | 0.12980481
 324 | 0.11963049 | 0.01186482 | 0.09373543 | 0.13981115 | 0.11409622 | 0.12516476
 325 | 0.12324745 | 0.01043577 | 0.10659819 | 0.14784987 | 0.11837975 | 0.12811516
 326 | 0.12266174 | 0.00966696 | 0.10882214 | 0.14279238 | 0.11815265 | 0.12717083
 327 | 0.12453313 | 0.01203118 | 0.09133301 | 0.14281341 | 0.11892126 | 0.13014500
 328 | 0.12488085 | 0.00955258 | 0.10433163 | 0.14101200 | 0.12042511 | 0.12933659
 329 | 0.12312942 | 0.00844628 | 0.10593091 | 0.13629541 | 0.11918970 | 0.12706914
 330 | 0.12735480 | 0.00923018 | 0.11501843 | 0.14789377 | 0.12304944 | 0.13166016
 331 | 0.12590441 | 0.01054836 | 0.10426250 | 0.14483073 | 0.12098419 | 0.13082462
 332 | 0.12363579 | 0.01217443 | 0.10144704 | 0.14457469 | 0.11795711 | 0.12931448
 333 | 0.13165832 | 0.01100481 | 0.11695995 | 0.15663900 | 0.12652519 | 0.13679144
 334 | 0.12737589 | 0.01042801 | 0.10603965 | 0.13892689 | 0.12251180 | 0.13223997
 335 | 0.13296231 | 0.01262992 | 0.11062215 | 0.15427077 | 0.12707117 | 0.13885346
 336 | 0.13994509 | 0.00934260 | 0.12134393 | 0.15376782 | 0.13558729 | 0.14430289
 337 | 0.13013033 | 0.00693093 | 0.11846061 | 0.14977778 | 0.12689744 | 0.13336322
 338 | 0.13471362 | 0.00919994 | 0.11309524 | 0.15463323 | 0.13042236 | 0.13900487
 339 | 0.13768968 | 0.00983883 | 0.11432465 | 0.15512669 | 0.13310042 | 0.14227894
 340 | 0.13518649 | 0.01003173 | 0.11544788 | 0.15310245 | 0.13050726 | 0.13986573
 341 | 0.13509498 | 0.00977157 | 0.12183265 | 0.15626333 | 0.13053709 | 0.13965287
 342 | 0.13626740 | 0.00889871 | 0.12117664 | 0.15408343 | 0.13211665 | 0.14041815
 343 | 0.13943976 | 0.00842472 | 0.12179582 | 0.15355533 | 0.13551010 | 0.14336942
 344 | 0.13803635 | 0.00898388 | 0.12037589 | 0.15347518 | 0.13384588 | 0.14222683
 345 | 0.13734987 | 0.00958813 | 0.11558308 | 0.15813079 | 0.13287754 | 0.14182219
 346 | 0.13948799 | 0.00582749 | 0.12692590 | 0.14722061 | 0.13676980 | 0.14220619
 347 | 0.14228423 | 0.01222122 | 0.12051207 | 0.16250717 | 0.13658371 | 0.14798474
 348 | 0.13419097 | 0.01067473 | 0.11741249 | 0.15803146 | 0.12921181 | 0.13917013
 349 | 0.14020503 | 0.01157294 | 0.11104718 | 0.17238482 | 0.13480690 | 0.14560316
 350 | 0.14319221 | 0.00760486 | 0.12745098 | 0.15510087 | 0.13964497 | 0.14673945
 351 | 0.14407962 | 0.00762815 | 0.12725968 | 0.15503984 | 0.14052151 | 0.14763772
 352 | 0.14424511 | 0.00919684 | 0.12745377 | 0.16447184 | 0.13995530 | 0.14853492
 353 | 0.14553078 | 0.01202287 | 0.12275921 | 0.16521861 | 0.13992279 | 0.15113877
 354 | 0.13973881 | 0.01159639 | 0.12150210 | 0.16483516 | 0.13432975 | 0.14514788
 355 | 0.14901309 | 0.00791640 | 0.13403549 | 0.16309606 | 0.14532054 | 0.15270564
 356 | 0.14729009 | 0.01042474 | 0.12285634 | 0.17196751 | 0.14242754 | 0.15215265
 357 | 0.14939573 | 0.00757672 | 0.13743399 | 0.16540084 | 0.14586161 | 0.15292984
 358 | 0.15060252 | 0.01084927 | 0.13278827 | 0.17243273 | 0.14554195 | 0.15566310
 359 | 0.15132570 | 0.01135298 | 0.12696836 | 0.17168263 | 0.14603017 | 0.15662122
 360 | 0.15212075 | 0.00911341 | 0.13523181 | 0.17033269 | 0.14786986 | 0.15637165
 361 | 0.15541441 | 0.00870618 | 0.13934541 | 0.17079549 | 0.15135346 | 0.15947535
 362 | 0.15666101 | 0.00978839 | 0.14437308 | 0.18319485 | 0.15209528 | 0.16122674
 363 | 0.15594852 | 0.01382044 | 0.12395523 | 0.18953190 | 0.14950206 | 0.16239498
 364 | 0.15494131 | 0.00816869 | 0.13497106 | 0.17116995 | 0.15113108 | 0.15875155
 365 | 0.15496792 | 0.01036890 | 0.13497884 | 0.16890153 | 0.15013141 | 0.15980443
 366 | 0.15596714 | 0.00870226 | 0.13809654 | 0.17444850 | 0.15190803 | 0.16002626
 367 | 0.15686528 | 0.01233063 | 0.12889440 | 0.17708613 | 0.15111373 | 0.16261682
 368 | 0.15497150 | 0.00775616 | 0.12746171 | 0.16655410 | 0.15135369 | 0.15858932
 369 | 0.15780332 | 0.00897960 | 0.14370025 | 0.17810588 | 0.15361484 | 0.16199179
 370 | 0.15922641 | 0.01008482 | 0.13538159 | 0.18157400 | 0.15452240 | 0.16393041
 371 | 0.16121498 | 0.01147726 | 0.13347165 | 0.18515552 | 0.15586148 | 0.16656847
 372 | 0.16082562 | 0.01294882 | 0.13373226 | 0.18256557 | 0.15478572 | 0.16686552
 373 | 0.16118272 | 0.00981633 | 0.14364715 | 0.17905043 | 0.15660395 | 0.16576149
 374 | 0.16381430 | 0.01122328 | 0.15136576 | 0.20023089 | 0.15857927 | 0.16904932
 375 | 0.15898725 | 0.00946942 | 0.13834260 | 0.17871887 | 0.15457030 | 0.16340420
 376 | 0.16244222 | 0.00891760 | 0.14788159 | 0.17600000 | 0.15828266 | 0.16660177
 377 | 0.16586579 | 0.01102220 | 0.14729203 | 0.19467186 | 0.16072455 | 0.17100703
 378 | 0.16599708 | 0.01379406 | 0.13523323 | 0.19909794 | 0.15956293 | 0.17243123
 379 | 0.16681448 | 0.01050635 | 0.14716430 | 0.18385477 | 0.16191386 | 0.17171510
 380 | 0.17222475 | 0.01103072 | 0.14825269 | 0.18759057 | 0.16707954 | 0.17736996
 381 | 0.17096073 | 0.00968275 | 0.15320223 | 0.18828012 | 0.16644428 | 0.17547719
 382 | 0.17091554 | 0.00701383 | 0.15456336 | 0.18646035 | 0.16764398 | 0.17418710
 383 | 0.17263259 | 0.00871850 | 0.15743671 | 0.19342360 | 0.16856589 | 0.17669928
 384 | 0.17287839 | 0.01051595 | 0.15698506 | 0.19754697 | 0.16797329 | 0.17778349
 385 | 0.17254963 | 0.01112112 | 0.14285714 | 0.19277108 | 0.16736225 | 0.17773701
 386 | 0.17177808 | 0.00856152 | 0.15313557 | 0.18487071 | 0.16778461 | 0.17577155
 387 | 0.17462109 | 0.00991313 | 0.15554107 | 0.19669001 | 0.16999717 | 0.17924501
 388 | 0.17377296 | 0.01262717 | 0.15527704 | 0.20260770 | 0.16788310 | 0.17966282
 389 | 0.17560690 | 0.00976051 | 0.15880605 | 0.19391005 | 0.17105417 | 0.18015963
 390 | 0.17431728 | 0.01201754 | 0.15138093 | 0.19295324 | 0.16871177 | 0.17992278
 391 | 0.17470631 | 0.00741493 | 0.15853815 | 0.19114307 | 0.17124766 | 0.17816496
 392 | 0.17704675 | 0.00943813 | 0.15689037 | 0.19765963 | 0.17264439 | 0.18144911
 393 | 0.18094244 | 0.00997296 | 0.16551814 | 0.20818395 | 0.17629061 | 0.18559426
 394 | 0.18324619 | 0.00824715 | 0.16436958 | 0.19834400 | 0.17939936 | 0.18709302
 395 | 0.18505664 | 0.01173769 | 0.16100064 | 0.21241911 | 0.17958167 | 0.19053161
 396 | 0.18331238 | 0.01050850 | 0.16228571 | 0.19922703 | 0.17841075 | 0.18821400
 397 | 0.18588091 | 0.00968959 | 0.17247409 | 0.21398358 | 0.18136126 | 0.19040056
 398 | 0.18360547 | 0.01035038 | 0.16146766 | 0.20115158 | 0.17877760 | 0.18843334
 399 | 0.18469504 | 0.01043448 | 0.16687785 | 0.20614581 | 0.17982794 | 0.18956214
 400 | 0.18868484 | 0.00898454 | 0.17401102 | 0.20371766 | 0.18449406 | 0.19287562
