=== YEN ROUTING + FIRST FIT WAVELENGTH ALLOCATION ===

Network Parameters:
  Wavelengths: 40
  YEN Strategy: Always shortest path (k[0])
  Wavelength Strategy: First Fit (WITH WAVELENGTH CONVERSION)
  Temporal Model: Calls have duration and release wavelengths when expire
  Requests tested: [(0, 12), (2, 6), (5, 10), (4, 11), (3, 8)]

Blocking Probability Results:
Load	Req1	Req2	Req3	Req4	Req5
0	0.000000	0.000000	0.000000	0.000000	0.000000
1	0.000000	0.000000	0.000000	0.000000	0.000000
2	0.000000	0.000000	0.000000	0.000000	0.000000
3	0.000000	0.000000	0.000000	0.000000	0.000000
4	0.000000	0.000000	0.000000	0.000000	0.000000
5	0.000000	0.000000	0.000000	0.000000	0.000000
6	0.000000	0.000000	0.000000	0.000000	0.000000
7	0.000000	0.000000	0.000000	0.000000	0.000000
8	0.000000	0.000000	0.000000	0.000000	0.000000
9	0.000000	0.000000	0.000000	0.000000	0.000000
10	0.000000	0.000000	0.000000	0.000000	0.000000
11	0.000000	0.000000	0.000000	0.000000	0.000000
12	0.000000	0.000000	0.000000	0.000000	0.000000
13	0.000000	0.000000	0.000000	0.000000	0.000000
14	0.000000	0.000000	0.000000	0.000000	0.000000
15	0.000000	0.000000	0.000000	0.000000	0.000000
16	0.000000	0.000000	0.000000	0.000000	0.000000
17	0.000000	0.000000	0.000000	0.000000	0.000000
18	0.000000	0.000000	0.000000	0.000000	0.000000
19	0.000000	0.000000	0.000000	0.000000	0.000000
20	0.000000	0.000000	0.000000	0.000000	0.000000
21	0.000000	0.000000	0.000000	0.000000	0.000000
22	0.000000	0.000000	0.000000	0.000000	0.000000
23	0.000000	0.000000	0.000000	0.000000	0.000000
24	0.000000	0.000000	0.000000	0.000000	0.000000
25	0.000000	0.000000	0.000000	0.000000	0.000000
26	0.000000	0.000000	0.000000	0.000000	0.000000
27	0.000000	0.000000	0.000000	0.000000	0.000000
28	0.000000	0.000000	0.000000	0.000000	0.000000
29	0.000000	0.000000	0.000000	0.000000	0.000000
30	0.000000	0.000000	0.000000	0.000000	0.000000
31	0.000000	0.000000	0.000000	0.000000	0.000000
32	0.000000	0.000000	0.000000	0.000000	0.000000
33	0.000000	0.000000	0.000000	0.000000	0.000000
34	0.000050	0.000000	0.000000	0.000000	0.000000
35	0.000000	0.000050	0.000000	0.000100	0.000000
36	0.000300	0.000100	0.000100	0.000300	0.000200
37	0.000500	0.000500	0.000700	0.000600	0.000300
38	0.001200	0.002100	0.001400	0.001250	0.001550
39	0.003000	0.003250	0.004250	0.003750	0.003700
40	0.005400	0.005900	0.004400	0.007100	0.004850
41	0.009550	0.010050	0.010800	0.011350	0.012300
42	0.014750	0.016650	0.017250	0.018350	0.018300
43	0.024800	0.021050	0.021650	0.026700	0.029100
44	0.029900	0.033800	0.034850	0.033000	0.034600
45	0.042700	0.044550	0.045400	0.045650	0.047950
46	0.048750	0.057300	0.053500	0.053400	0.055450
47	0.060150	0.061800	0.067800	0.067800	0.070500
48	0.072100	0.074650	0.076850	0.080350	0.077900
49	0.081050	0.088150	0.088250	0.088200	0.089750
50	0.091400	0.106100	0.102200	0.102650	0.106250
51	0.102300	0.115550	0.110500	0.115000	0.114200
52	0.115550	0.123400	0.123450	0.125750	0.128100
53	0.129750	0.136550	0.132600	0.134800	0.137550
54	0.135700	0.146150	0.139050	0.147400	0.149650
55	0.148650	0.161050	0.156350	0.158750	0.160950
56	0.157750	0.170550	0.163300	0.171750	0.174000
57	0.166800	0.175700	0.174250	0.176950	0.183800
58	0.178600	0.186900	0.186700	0.194200	0.189400
59	0.189300	0.204900	0.193900	0.200900	0.205400
60	0.200600	0.211550	0.206350	0.216250	0.212400
61	0.210100	0.222350	0.216100	0.218700	0.223050
62	0.217350	0.228550	0.225800	0.224950	0.233100
63	0.222200	0.235950	0.236050	0.233450	0.245700
64	0.231500	0.243650	0.245100	0.250200	0.250500
65	0.242450	0.257500	0.256850	0.253550	0.254200
66	0.245700	0.260550	0.258900	0.261900	0.271550
67	0.254900	0.269950	0.268250	0.273950	0.277000
68	0.268100	0.278350	0.283650	0.281400	0.285450
69	0.273150	0.292000	0.292200	0.287250	0.293200
70	0.286050	0.296800	0.291300	0.292400	0.295500
71	0.288850	0.305000	0.301600	0.302400	0.306750
72	0.290200	0.311450	0.305700	0.310650	0.314550
73	0.300300	0.315450	0.314650	0.310900	0.319000
74	0.306500	0.321350	0.316150	0.322250	0.328200
75	0.307800	0.328000	0.326350	0.332100	0.329350
76	0.317200	0.335900	0.332300	0.334900	0.344650
77	0.327750	0.351000	0.344400	0.342700	0.344800
78	0.334100	0.348300	0.351100	0.347850	0.355150
79	0.338300	0.352000	0.357600	0.358100	0.362850
80	0.348650	0.359200	0.359100	0.359400	0.362750
81	0.352200	0.366500	0.369150	0.362850	0.369800
82	0.353950	0.374150	0.366100	0.372050	0.381050
83	0.357300	0.377750	0.379650	0.380700	0.382700
84	0.365900	0.379250	0.381000	0.383400	0.390250
85	0.369750	0.389700	0.390900	0.391250	0.394550
86	0.379600	0.397550	0.398600	0.397750	0.396750
87	0.380350	0.400300	0.402700	0.397950	0.403950
88	0.386900	0.402600	0.402400	0.407950	0.415400
89	0.393700	0.410000	0.412050	0.406100	0.412200
90	0.397300	0.415350	0.408650	0.418500	0.421050
91	0.399950	0.424400	0.419300	0.416050	0.426100
92	0.414150	0.425700	0.421050	0.422950	0.429450
93	0.414150	0.427000	0.428850	0.426700	0.432100
94	0.413950	0.432650	0.430900	0.437850	0.442700
95	0.420850	0.435600	0.433750	0.437450	0.441250
96	0.425950	0.445200	0.438750	0.444150	0.448500
97	0.426000	0.450750	0.442950	0.450500	0.448600
98	0.431050	0.451100	0.447950	0.449550	0.455700
99	0.437200	0.451750	0.455150	0.453800	0.452950
100	0.440650	0.455700	0.458150	0.459600	0.462350
101	0.438950	0.464400	0.459500	0.460750	0.466850
102	0.445400	0.460000	0.462500	0.465350	0.470700
103	0.449650	0.471000	0.468350	0.474500	0.476600
104	0.452000	0.472150	0.468500	0.478500	0.482350
105	0.454250	0.469200	0.474150	0.476450	0.480800
106	0.463000	0.478950	0.475250	0.483700	0.491800
107	0.463850	0.479150	0.483200	0.483050	0.486700
108	0.467750	0.487400	0.483100	0.485500	0.490050
109	0.471550	0.488750	0.487550	0.489500	0.492700
110	0.469050	0.492050	0.491700	0.497600	0.500550
111	0.479350	0.492650	0.496150	0.496500	0.500050
112	0.482400	0.501650	0.497550	0.499250	0.506400
113	0.482700	0.503900	0.499800	0.506150	0.507300
114	0.486500	0.503600	0.504500	0.509150	0.511150
115	0.491700	0.512800	0.510000	0.511900	0.512600
116	0.488450	0.511450	0.508100	0.517750	0.521400
117	0.492400	0.516100	0.511600	0.520150	0.518650
118	0.492300	0.517500	0.515650	0.519750	0.519400
119	0.499600	0.519050	0.511750	0.524900	0.523550
120	0.507950	0.518850	0.513200	0.526200	0.525350
121	0.500050	0.523700	0.525950	0.527050	0.531650
122	0.505300	0.528250	0.527750	0.524400	0.538950
123	0.512450	0.529000	0.533450	0.537350	0.535050
124	0.515150	0.529700	0.529300	0.534850	0.541050
125	0.511700	0.532800	0.534050	0.533600	0.542750
126	0.516700	0.537650	0.537350	0.543600	0.542750
127	0.517050	0.537450	0.542000	0.540200	0.549400
128	0.516400	0.539100	0.543850	0.544900	0.547700
129	0.518250	0.546350	0.536600	0.547350	0.547950
130	0.522800	0.547800	0.546200	0.548450	0.555400
131	0.529750	0.543500	0.551050	0.549250	0.556000
132	0.532150	0.549350	0.556600	0.557050	0.556550
133	0.533450	0.554850	0.547800	0.554450	0.557600
134	0.530700	0.554400	0.561400	0.559250	0.558950
135	0.536950	0.559550	0.558100	0.554700	0.565650
136	0.544100	0.559600	0.558350	0.565750	0.567100
137	0.543700	0.561800	0.562450	0.566050	0.565900
138	0.544300	0.560100	0.565250	0.568500	0.571450
139	0.543150	0.564700	0.562900	0.567000	0.568000
140	0.542050	0.569050	0.567100	0.568350	0.575300
141	0.549400	0.570200	0.572650	0.570950	0.578850
142	0.554750	0.570650	0.569050	0.573250	0.577050
143	0.554750	0.575150	0.572550	0.580850	0.579650
144	0.556500	0.572550	0.578750	0.577850	0.583800
145	0.555950	0.580800	0.577350	0.581350	0.583100
146	0.560000	0.583400	0.579000	0.584450	0.586350
147	0.560700	0.582700	0.581000	0.586750	0.585300
148	0.558550	0.589300	0.589100	0.580150	0.589900
149	0.564650	0.585600	0.585300	0.589350	0.595650
150	0.565250	0.583750	0.590400	0.592550	0.596050
151	0.569650	0.589100	0.594750	0.593300	0.592350
152	0.572200	0.591900	0.592900	0.595750	0.597150
153	0.574450	0.590250	0.591250	0.592700	0.595250
154	0.575350	0.594600	0.593550	0.593550	0.598000
155	0.570850	0.597200	0.593300	0.606200	0.601500
156	0.573500	0.592250	0.597100	0.597900	0.606500
157	0.576350	0.599000	0.597300	0.600200	0.604350
158	0.574300	0.602500	0.603350	0.605000	0.607850
159	0.580300	0.600350	0.602750	0.606150	0.612650
160	0.580950	0.608900	0.601700	0.605850	0.607000
161	0.581000	0.600500	0.600150	0.607550	0.618400
162	0.582200	0.609700	0.608550	0.609450	0.614950
163	0.588900	0.606900	0.605650	0.615350	0.616650
164	0.586300	0.615650	0.611200	0.618600	0.621450
165	0.587900	0.614550	0.613100	0.613000	0.617100
166	0.591600	0.616650	0.611600	0.617300	0.618100
167	0.591000	0.612900	0.615450	0.614250	0.616200
168	0.596850	0.616100	0.612800	0.619300	0.623950
169	0.596300	0.616450	0.619000	0.616900	0.618600
170	0.598800	0.622500	0.619550	0.624300	0.624350
171	0.596850	0.619800	0.618800	0.619200	0.627550
172	0.597350	0.620700	0.620300	0.622250	0.633650
173	0.606100	0.622500	0.622100	0.623950	0.623050
174	0.601800	0.622050	0.629700	0.623150	0.629550
175	0.597950	0.625750	0.628900	0.627650	0.629200
176	0.596100	0.621150	0.628700	0.630300	0.629900
177	0.609650	0.626150	0.628900	0.629650	0.631400
178	0.605600	0.627650	0.629300	0.629850	0.630350
179	0.608200	0.630100	0.626500	0.632450	0.640750
180	0.613050	0.628300	0.631950	0.636800	0.641150
181	0.606350	0.627300	0.630250	0.636950	0.635750
182	0.609050	0.636000	0.634950	0.639400	0.636900
183	0.616200	0.635250	0.631250	0.636950	0.642350
184	0.611600	0.639650	0.633900	0.639700	0.647500
185	0.614050	0.641150	0.636900	0.639250	0.643000
186	0.616250	0.638550	0.639750	0.640700	0.644100
187	0.616000	0.636750	0.636050	0.634100	0.644700
188	0.623650	0.638050	0.642750	0.641150	0.647900
189	0.618350	0.642450	0.637600	0.642900	0.651400
190	0.615950	0.644050	0.641100	0.645800	0.645950
191	0.621850	0.644450	0.639800	0.643050	0.645100
192	0.623550	0.639400	0.648100	0.644900	0.656050
193	0.623850	0.648400	0.643350	0.649450	0.654400
194	0.622350	0.646900	0.650150	0.651150	0.648750
195	0.629850	0.649350	0.643400	0.649350	0.654550
196	0.625000	0.648400	0.650750	0.653250	0.658200
197	0.628500	0.649700	0.654450	0.651900	0.658750
198	0.628950	0.653200	0.646500	0.655850	0.655100
199	0.631000	0.650550	0.656550	0.656500	0.660650
200	0.628300	0.653200	0.651900	0.653900	0.656550

=== STATISTICS (Load 1-30) ===

[0,12]:
  Average: 0.356251
  Max: 0.631000
  Min: 0.000000
  Std Dev: 0.234065

[2,6]:
  Average: 0.370864
  Max: 0.653200
  Min: 0.000000
  Std Dev: 0.242430

[3,8]:
  Average: 0.370257
  Max: 0.656550
  Min: 0.000000
  Std Dev: 0.242559

[4,11]:
  Average: 0.372343
  Max: 0.656500
  Min: 0.000000
  Std Dev: 0.243501

[5,10]:
  Average: 0.375226
  Max: 0.660650
  Min: 0.000000
  Std Dev: 0.244828
