# TODAS AS PROBABILIDADES (20 SIMULAÇÕES)
# Requisição 3: [5,10]
# Modo: CONJUNTO
# Data: 2026-02-09 22:33:17
# ================================================================================
# Formato: Load | Sim1 | Sim2 | ... | Sim20 | Média | DesvioPadrão
# ================================================================================

Load   1 | 0.00000000 | 0.00000000 | 0.00000000 | 0.00000000 | 0.00000000 | 0.00000000 | 0.00000000 | 0.00000000 | 0.00000000 | 0.00000000 | 0.00000000 | 0.00000000 | 0.00000000 | 0.00000000 | 0.00000000 | 0.00000000 | 0.00000000 | 0.00000000 | 0.00000000 | 0.00000000 | 0.00000000 | 0.00000000
Load   2 | 0.00000000 | 0.00000000 | 0.00000000 | 0.00000000 | 0.00000000 | 0.00000000 | 0.00000000 | 0.00000000 | 0.00000000 | 0.00000000 | 0.00000000 | 0.00000000 | 0.00000000 | 0.00000000 | 0.00000000 | 0.00000000 | 0.00000000 | 0.00000000 | 0.00000000 | 0.00000000 | 0.00000000 | 0.00000000
Load   3 | 0.00000000 | 0.00000000 | 0.00000000 | 0.00000000 | 0.00000000 | 0.00000000 | 0.00000000 | 0.00000000 | 0.00000000 | 0.00000000 | 0.00000000 | 0.00000000 | 0.00000000 | 0.00000000 | 0.00000000 | 0.00000000 | 0.00000000 | 0.00000000 | 0.00000000 | 0.00000000 | 0.00000000 | 0.00000000
Load   4 | 0.00000000 | 0.00000000 | 0.00000000 | 0.00000000 | 0.00000000 | 0.00000000 | 0.00000000 | 0.00000000 | 0.00000000 | 0.00000000 | 0.00000000 | 0.00000000 | 0.00000000 | 0.00000000 | 0.00000000 | 0.00000000 | 0.00000000 | 0.00000000 | 0.00000000 | 0.00000000 | 0.00000000 | 0.00000000
Load   5 | 0.00000000 | 0.00000000 | 0.00000000 | 0.00000000 | 0.00000000 | 0.00000000 | 0.00000000 | 0.00000000 | 0.00000000 | 0.00000000 | 0.00000000 | 0.00000000 | 0.00000000 | 0.00000000 | 0.00000000 | 0.00000000 | 0.00000000 | 0.00000000 | 0.00000000 | 0.00000000 | 0.00000000 | 0.00000000
Load   6 | 0.00000000 | 0.00000000 | 0.00000000 | 0.00000000 | 0.00000000 | 0.00000000 | 0.00000000 | 0.00000000 | 0.00000000 | 0.00000000 | 0.00000000 | 0.00000000 | 0.00000000 | 0.00000000 | 0.00000000 | 0.00000000 | 0.00000000 | 0.00000000 | 0.00000000 | 0.00000000 | 0.00000000 | 0.00000000
Load   7 | 0.00000000 | 0.00000000 | 0.00000000 | 0.00000000 | 0.00000000 | 0.00000000 | 0.00000000 | 0.00000000 | 0.00000000 | 0.00000000 | 0.00000000 | 0.00000000 | 0.00000000 | 0.00000000 | 0.00000000 | 0.00000000 | 0.00000000 | 0.00000000 | 0.00000000 | 0.00000000 | 0.00000000 | 0.00000000
Load   8 | 0.00000000 | 0.00000000 | 0.00000000 | 0.00000000 | 0.00000000 | 0.00000000 | 0.00000000 | 0.00000000 | 0.00000000 | 0.00000000 | 0.00000000 | 0.00000000 | 0.00000000 | 0.00000000 | 0.00000000 | 0.00000000 | 0.00000000 | 0.00000000 | 0.00000000 | 0.00000000 | 0.00000000 | 0.00000000
Load   9 | 0.00000000 | 0.00000000 | 0.00000000 | 0.00000000 | 0.00000000 | 0.00000000 | 0.00000000 | 0.00000000 | 0.00000000 | 0.00000000 | 0.00000000 | 0.00000000 | 0.00000000 | 0.00000000 | 0.00000000 | 0.00000000 | 0.00000000 | 0.00000000 | 0.00000000 | 0.00000000 | 0.00000000 | 0.00000000
Load  10 | 0.00000000 | 0.00000000 | 0.00000000 | 0.00000000 | 0.00000000 | 0.00000000 | 0.00000000 | 0.00000000 | 0.00000000 | 0.00000000 | 0.00000000 | 0.00000000 | 0.00000000 | 0.00000000 | 0.00000000 | 0.00000000 | 0.00000000 | 0.00000000 | 0.00000000 | 0.00000000 | 0.00000000 | 0.00000000
Load  11 | 0.00000000 | 0.00000000 | 0.00000000 | 0.00000000 | 0.00000000 | 0.00000000 | 0.00000000 | 0.00000000 | 0.00000000 | 0.00000000 | 0.00000000 | 0.00000000 | 0.00000000 | 0.00000000 | 0.00000000 | 0.00000000 | 0.00000000 | 0.00000000 | 0.00000000 | 0.00000000 | 0.00000000 | 0.00000000
Load  12 | 0.00000000 | 0.00000000 | 0.00000000 | 0.00000000 | 0.00000000 | 0.00000000 | 0.00000000 | 0.00000000 | 0.00000000 | 0.00000000 | 0.00000000 | 0.00000000 | 0.00000000 | 0.00000000 | 0.00000000 | 0.00000000 | 0.00000000 | 0.00000000 | 0.00000000 | 0.00000000 | 0.00000000 | 0.00000000
Load  13 | 0.00000000 | 0.00000000 | 0.00000000 | 0.00000000 | 0.00000000 | 0.00000000 | 0.00000000 | 0.00000000 | 0.00000000 | 0.00000000 | 0.00000000 | 0.00000000 | 0.00000000 | 0.00000000 | 0.00000000 | 0.00000000 | 0.00000000 | 0.00000000 | 0.00000000 | 0.00000000 | 0.00000000 | 0.00000000
Load  14 | 0.00000000 | 0.00000000 | 0.00000000 | 0.00000000 | 0.00000000 | 0.00000000 | 0.00000000 | 0.00000000 | 0.00000000 | 0.00000000 | 0.00000000 | 0.00000000 | 0.00000000 | 0.00000000 | 0.00000000 | 0.00000000 | 0.00000000 | 0.00000000 | 0.00000000 | 0.00000000 | 0.00000000 | 0.00000000
Load  15 | 0.00000000 | 0.00000000 | 0.00000000 | 0.00000000 | 0.00000000 | 0.00000000 | 0.00000000 | 0.00000000 | 0.00000000 | 0.00000000 | 0.00000000 | 0.00000000 | 0.00000000 | 0.00000000 | 0.00000000 | 0.00000000 | 0.00000000 | 0.00000000 | 0.00000000 | 0.00000000 | 0.00000000 | 0.00000000
Load  16 | 0.00000000 | 0.00000000 | 0.00000000 | 0.00000000 | 0.00000000 | 0.00000000 | 0.00000000 | 0.00000000 | 0.00000000 | 0.00000000 | 0.00000000 | 0.00000000 | 0.00000000 | 0.00000000 | 0.00000000 | 0.00000000 | 0.00000000 | 0.00000000 | 0.00000000 | 0.00000000 | 0.00000000 | 0.00000000
Load  17 | 0.00000000 | 0.00000000 | 0.00000000 | 0.00000000 | 0.00000000 | 0.00000000 | 0.00000000 | 0.00000000 | 0.00000000 | 0.00000000 | 0.00000000 | 0.00000000 | 0.00000000 | 0.00000000 | 0.00000000 | 0.00000000 | 0.00000000 | 0.00000000 | 0.00000000 | 0.00000000 | 0.00000000 | 0.00000000
Load  18 | 0.00000000 | 0.00000000 | 0.00000000 | 0.00000000 | 0.00000000 | 0.00000000 | 0.00000000 | 0.00000000 | 0.00000000 | 0.00000000 | 0.00000000 | 0.00000000 | 0.00000000 | 0.00000000 | 0.00000000 | 0.00000000 | 0.00000000 | 0.00000000 | 0.00000000 | 0.00000000 | 0.00000000 | 0.00000000
Load  19 | 0.00000000 | 0.00000000 | 0.00000000 | 0.00000000 | 0.00000000 | 0.00000000 | 0.00000000 | 0.00000000 | 0.00000000 | 0.00000000 | 0.00000000 | 0.00000000 | 0.00000000 | 0.00000000 | 0.00000000 | 0.00000000 | 0.00000000 | 0.00000000 | 0.00000000 | 0.00000000 | 0.00000000 | 0.00000000
Load  20 | 0.00000000 | 0.00000000 | 0.00000000 | 0.00000000 | 0.00000000 | 0.00000000 | 0.00000000 | 0.00000000 | 0.00000000 | 0.00000000 | 0.00000000 | 0.00000000 | 0.00000000 | 0.00000000 | 0.00000000 | 0.00000000 | 0.00000000 | 0.00000000 | 0.00000000 | 0.00000000 | 0.00000000 | 0.00000000
Load  21 | 0.00000000 | 0.00000000 | 0.00000000 | 0.00000000 | 0.00000000 | 0.00000000 | 0.00000000 | 0.00000000 | 0.00000000 | 0.00000000 | 0.00000000 | 0.00000000 | 0.00000000 | 0.00000000 | 0.00000000 | 0.00000000 | 0.00000000 | 0.00000000 | 0.00000000 | 0.00000000 | 0.00000000 | 0.00000000
Load  22 | 0.00000000 | 0.00000000 | 0.00000000 | 0.00000000 | 0.00000000 | 0.00000000 | 0.00000000 | 0.00000000 | 0.00000000 | 0.00000000 | 0.00000000 | 0.00000000 | 0.00000000 | 0.00000000 | 0.00000000 | 0.00000000 | 0.00000000 | 0.00000000 | 0.00000000 | 0.00000000 | 0.00000000 | 0.00000000
Load  23 | 0.00000000 | 0.00000000 | 0.00000000 | 0.00000000 | 0.00000000 | 0.00000000 | 0.00000000 | 0.00000000 | 0.00000000 | 0.00000000 | 0.00000000 | 0.00000000 | 0.00000000 | 0.00000000 | 0.00000000 | 0.00000000 | 0.00000000 | 0.00000000 | 0.00000000 | 0.00000000 | 0.00000000 | 0.00000000
Load  24 | 0.00000000 | 0.00000000 | 0.00000000 | 0.00000000 | 0.00000000 | 0.00000000 | 0.00000000 | 0.00000000 | 0.00000000 | 0.00000000 | 0.00000000 | 0.00000000 | 0.00000000 | 0.00000000 | 0.00000000 | 0.00000000 | 0.00000000 | 0.00000000 | 0.00000000 | 0.00000000 | 0.00000000 | 0.00000000
Load  25 | 0.00000000 | 0.00000000 | 0.00000000 | 0.00000000 | 0.00000000 | 0.00000000 | 0.00000000 | 0.00000000 | 0.00000000 | 0.00000000 | 0.00000000 | 0.00000000 | 0.00000000 | 0.00000000 | 0.00000000 | 0.00000000 | 0.00000000 | 0.00000000 | 0.00000000 | 0.00000000 | 0.00000000 | 0.00000000
Load  26 | 0.00000000 | 0.00000000 | 0.00000000 | 0.00000000 | 0.00000000 | 0.00000000 | 0.00000000 | 0.00000000 | 0.00000000 | 0.00000000 | 0.00000000 | 0.00000000 | 0.00000000 | 0.00000000 | 0.00000000 | 0.00000000 | 0.00000000 | 0.00000000 | 0.00000000 | 0.00000000 | 0.00000000 | 0.00000000
Load  27 | 0.00000000 | 0.00000000 | 0.00000000 | 0.00000000 | 0.00000000 | 0.00000000 | 0.00000000 | 0.00000000 | 0.00000000 | 0.00000000 | 0.00000000 | 0.00000000 | 0.00000000 | 0.00000000 | 0.00000000 | 0.00000000 | 0.00000000 | 0.00000000 | 0.00000000 | 0.00000000 | 0.00000000 | 0.00000000
Load  28 | 0.00000000 | 0.00000000 | 0.00000000 | 0.00000000 | 0.00000000 | 0.00000000 | 0.00000000 | 0.00000000 | 0.00000000 | 0.00000000 | 0.00000000 | 0.00000000 | 0.00000000 | 0.00000000 | 0.00000000 | 0.00000000 | 0.00000000 | 0.00000000 | 0.00000000 | 0.00000000 | 0.00000000 | 0.00000000
Load  29 | 0.00000000 | 0.00000000 | 0.00000000 | 0.00000000 | 0.00000000 | 0.00000000 | 0.00000000 | 0.00000000 | 0.00000000 | 0.00000000 | 0.00000000 | 0.00000000 | 0.00000000 | 0.00000000 | 0.00000000 | 0.00000000 | 0.00000000 | 0.00000000 | 0.00000000 | 0.00000000 | 0.00000000 | 0.00000000
Load  30 | 0.00000000 | 0.00000000 | 0.00000000 | 0.00000000 | 0.00000000 | 0.00000000 | 0.00000000 | 0.00000000 | 0.00000000 | 0.00000000 | 0.00000000 | 0.00000000 | 0.00000000 | 0.00000000 | 0.00000000 | 0.00000000 | 0.00000000 | 0.00000000 | 0.00000000 | 0.00000000 | 0.00000000 | 0.00000000
Load  31 | 0.00000000 | 0.00000000 | 0.00000000 | 0.00000000 | 0.00000000 | 0.00000000 | 0.00000000 | 0.00000000 | 0.00000000 | 0.00000000 | 0.00000000 | 0.00000000 | 0.00000000 | 0.00000000 | 0.00000000 | 0.00000000 | 0.00000000 | 0.00000000 | 0.00000000 | 0.00000000 | 0.00000000 | 0.00000000
Load  32 | 0.00000000 | 0.00000000 | 0.00000000 | 0.00000000 | 0.00000000 | 0.00000000 | 0.00000000 | 0.00000000 | 0.00000000 | 0.00000000 | 0.00000000 | 0.00000000 | 0.00000000 | 0.00000000 | 0.00000000 | 0.00000000 | 0.00000000 | 0.00000000 | 0.00000000 | 0.00000000 | 0.00000000 | 0.00000000
Load  33 | 0.00000000 | 0.00000000 | 0.00000000 | 0.00000000 | 0.00000000 | 0.00000000 | 0.00000000 | 0.00000000 | 0.00000000 | 0.00000000 | 0.00000000 | 0.00000000 | 0.00000000 | 0.00000000 | 0.00000000 | 0.00000000 | 0.00000000 | 0.00000000 | 0.00000000 | 0.00000000 | 0.00000000 | 0.00000000
Load  34 | 0.00000000 | 0.00000000 | 0.00000000 | 0.00000000 | 0.00000000 | 0.00000000 | 0.00000000 | 0.00000000 | 0.00000000 | 0.00000000 | 0.00000000 | 0.00000000 | 0.00000000 | 0.00000000 | 0.00000000 | 0.00000000 | 0.00000000 | 0.00000000 | 0.00000000 | 0.00000000 | 0.00000000 | 0.00000000
Load  35 | 0.00000000 | 0.00000000 | 0.00000000 | 0.00000000 | 0.00000000 | 0.00000000 | 0.00000000 | 0.00000000 | 0.00000000 | 0.00000000 | 0.00000000 | 0.00000000 | 0.00000000 | 0.00000000 | 0.00000000 | 0.00000000 | 0.00000000 | 0.00000000 | 0.00000000 | 0.00000000 | 0.00000000 | 0.00000000
Load  36 | 0.00000000 | 0.00000000 | 0.00000000 | 0.00000000 | 0.00000000 | 0.00000000 | 0.00000000 | 0.00000000 | 0.00000000 | 0.00000000 | 0.00000000 | 0.00000000 | 0.00000000 | 0.00000000 | 0.00000000 | 0.00000000 | 0.00000000 | 0.00000000 | 0.00000000 | 0.00000000 | 0.00000000 | 0.00000000
Load  37 | 0.00000000 | 0.00000000 | 0.00000000 | 0.00000000 | 0.00000000 | 0.00000000 | 0.00000000 | 0.00000000 | 0.00000000 | 0.00000000 | 0.00000000 | 0.00000000 | 0.00000000 | 0.00000000 | 0.00000000 | 0.00000000 | 0.00000000 | 0.00000000 | 0.00000000 | 0.00000000 | 0.00000000 | 0.00000000
Load  38 | 0.00000000 | 0.00000000 | 0.00000000 | 0.00000000 | 0.00000000 | 0.00000000 | 0.00000000 | 0.00000000 | 0.00000000 | 0.00000000 | 0.00000000 | 0.00000000 | 0.00000000 | 0.00000000 | 0.00000000 | 0.00000000 | 0.00000000 | 0.00000000 | 0.00000000 | 0.00000000 | 0.00000000 | 0.00000000
Load  39 | 0.00000000 | 0.00000000 | 0.00000000 | 0.00000000 | 0.00000000 | 0.00000000 | 0.00000000 | 0.00000000 | 0.00000000 | 0.00000000 | 0.00000000 | 0.00000000 | 0.00000000 | 0.00000000 | 0.00000000 | 0.00000000 | 0.00000000 | 0.00000000 | 0.00000000 | 0.00000000 | 0.00000000 | 0.00000000
Load  40 | 0.00000000 | 0.00000000 | 0.00000000 | 0.00000000 | 0.00000000 | 0.00000000 | 0.00000000 | 0.00000000 | 0.00000000 | 0.00000000 | 0.00000000 | 0.00000000 | 0.00000000 | 0.00000000 | 0.00000000 | 0.00000000 | 0.00000000 | 0.00000000 | 0.00000000 | 0.00000000 | 0.00000000 | 0.00000000
Load  41 | 0.00000000 | 0.00000000 | 0.00000000 | 0.00000000 | 0.00000000 | 0.00000000 | 0.00000000 | 0.00000000 | 0.00000000 | 0.00000000 | 0.00000000 | 0.00000000 | 0.00000000 | 0.00000000 | 0.00000000 | 0.00000000 | 0.00000000 | 0.00000000 | 0.00000000 | 0.00000000 | 0.00000000 | 0.00000000
Load  42 | 0.00000000 | 0.00000000 | 0.00000000 | 0.00000000 | 0.00000000 | 0.00000000 | 0.00000000 | 0.00000000 | 0.00000000 | 0.00000000 | 0.00000000 | 0.00000000 | 0.00000000 | 0.00000000 | 0.00000000 | 0.00000000 | 0.00000000 | 0.00000000 | 0.00000000 | 0.00000000 | 0.00000000 | 0.00000000
Load  43 | 0.00000000 | 0.00000000 | 0.00000000 | 0.00000000 | 0.00000000 | 0.00000000 | 0.00000000 | 0.00000000 | 0.00000000 | 0.00000000 | 0.00000000 | 0.00000000 | 0.00000000 | 0.00000000 | 0.00000000 | 0.00000000 | 0.00000000 | 0.00000000 | 0.00000000 | 0.00000000 | 0.00000000 | 0.00000000
Load  44 | 0.00000000 | 0.00000000 | 0.00000000 | 0.00000000 | 0.00000000 | 0.00000000 | 0.00000000 | 0.00000000 | 0.00000000 | 0.00000000 | 0.00000000 | 0.00000000 | 0.00000000 | 0.00000000 | 0.00000000 | 0.00000000 | 0.00000000 | 0.00000000 | 0.00000000 | 0.00000000 | 0.00000000 | 0.00000000
Load  45 | 0.00000000 | 0.00000000 | 0.00000000 | 0.00000000 | 0.00000000 | 0.00000000 | 0.00000000 | 0.00000000 | 0.00000000 | 0.00000000 | 0.00000000 | 0.00000000 | 0.00000000 | 0.00000000 | 0.00000000 | 0.00000000 | 0.00000000 | 0.00000000 | 0.00000000 | 0.00000000 | 0.00000000 | 0.00000000
Load  46 | 0.00000000 | 0.00000000 | 0.00000000 | 0.00000000 | 0.00000000 | 0.00000000 | 0.00000000 | 0.00000000 | 0.00000000 | 0.00000000 | 0.00000000 | 0.00000000 | 0.00000000 | 0.00000000 | 0.00000000 | 0.00000000 | 0.00000000 | 0.00000000 | 0.00000000 | 0.00000000 | 0.00000000 | 0.00000000
Load  47 | 0.00000000 | 0.00000000 | 0.00000000 | 0.00000000 | 0.00000000 | 0.00000000 | 0.00000000 | 0.00000000 | 0.00000000 | 0.00000000 | 0.00000000 | 0.00000000 | 0.00000000 | 0.00000000 | 0.00000000 | 0.00000000 | 0.00000000 | 0.00000000 | 0.00000000 | 0.00000000 | 0.00000000 | 0.00000000
Load  48 | 0.00000000 | 0.00000000 | 0.00000000 | 0.00000000 | 0.00000000 | 0.00000000 | 0.00000000 | 0.00000000 | 0.00000000 | 0.00000000 | 0.00000000 | 0.00000000 | 0.00000000 | 0.00000000 | 0.00000000 | 0.00000000 | 0.00000000 | 0.00000000 | 0.00000000 | 0.00000000 | 0.00000000 | 0.00000000
Load  49 | 0.00000000 | 0.00000000 | 0.00000000 | 0.00000000 | 0.00000000 | 0.00000000 | 0.00000000 | 0.00000000 | 0.00000000 | 0.00000000 | 0.00000000 | 0.00000000 | 0.00000000 | 0.00000000 | 0.00000000 | 0.00000000 | 0.00000000 | 0.00000000 | 0.00000000 | 0.00000000 | 0.00000000 | 0.00000000
Load  50 | 0.00000000 | 0.00000000 | 0.00000000 | 0.00000000 | 0.00000000 | 0.00000000 | 0.00000000 | 0.00000000 | 0.00000000 | 0.00000000 | 0.00000000 | 0.00000000 | 0.00000000 | 0.00000000 | 0.00000000 | 0.00000000 | 0.00000000 | 0.00000000 | 0.00000000 | 0.00000000 | 0.00000000 | 0.00000000
Load  51 | 0.00000000 | 0.00000000 | 0.00000000 | 0.00000000 | 0.00000000 | 0.00000000 | 0.00000000 | 0.00000000 | 0.00000000 | 0.00000000 | 0.00000000 | 0.00000000 | 0.00000000 | 0.00000000 | 0.00000000 | 0.00000000 | 0.00000000 | 0.00000000 | 0.00000000 | 0.00000000 | 0.00000000 | 0.00000000
Load  52 | 0.00000000 | 0.00000000 | 0.00000000 | 0.00000000 | 0.00000000 | 0.00000000 | 0.00091996 | 0.00000000 | 0.00000000 | 0.00583090 | 0.00000000 | 0.00000000 | 0.00000000 | 0.00000000 | 0.00000000 | 0.00000000 | 0.00000000 | 0.00000000 | 0.00000000 | 0.00000000 | 0.00033754 | 0.00127607
Load  53 | 0.00000000 | 0.00000000 | 0.00000000 | 0.00000000 | 0.00000000 | 0.00000000 | 0.00000000 | 0.00000000 | 0.00000000 | 0.00000000 | 0.00000000 | 0.00000000 | 0.00000000 | 0.00000000 | 0.00000000 | 0.00000000 | 0.00000000 | 0.00000000 | 0.00000000 | 0.00000000 | 0.00000000 | 0.00000000
Load  54 | 0.00000000 | 0.00000000 | 0.00000000 | 0.00000000 | 0.00000000 | 0.00000000 | 0.00000000 | 0.00000000 | 0.00000000 | 0.00000000 | 0.00000000 | 0.00000000 | 0.00089127 | 0.00000000 | 0.00000000 | 0.00000000 | 0.00000000 | 0.00000000 | 0.00000000 | 0.00000000 | 0.00004456 | 0.00019425
Load  55 | 0.00000000 | 0.00000000 | 0.00000000 | 0.00000000 | 0.00000000 | 0.00000000 | 0.00000000 | 0.00000000 | 0.00000000 | 0.00000000 | 0.00000000 | 0.00000000 | 0.00000000 | 0.00000000 | 0.00000000 | 0.00000000 | 0.00000000 | 0.00000000 | 0.00000000 | 0.00093197 | 0.00004660 | 0.00020312
Load  56 | 0.00000000 | 0.00000000 | 0.00366300 | 0.00000000 | 0.00000000 | 0.00000000 | 0.00000000 | 0.00000000 | 0.00000000 | 0.00000000 | 0.00000000 | 0.00000000 | 0.00000000 | 0.00000000 | 0.00000000 | 0.00000000 | 0.00000000 | 0.00000000 | 0.00000000 | 0.00000000 | 0.00018315 | 0.00079833
Load  57 | 0.00089206 | 0.00000000 | 0.00000000 | 0.00000000 | 0.00000000 | 0.00000000 | 0.00000000 | 0.00000000 | 0.00087719 | 0.00000000 | 0.00000000 | 0.00000000 | 0.00000000 | 0.00000000 | 0.00000000 | 0.00000000 | 0.00000000 | 0.00000000 | 0.00000000 | 0.00259740 | 0.00021833 | 0.00060656
Load  58 | 0.00000000 | 0.00169348 | 0.00000000 | 0.00168350 | 0.00000000 | 0.00088106 | 0.00000000 | 0.00000000 | 0.00000000 | 0.00088968 | 0.00086207 | 0.00000000 | 0.00000000 | 0.00260417 | 0.00000000 | 0.00000000 | 0.00000000 | 0.00000000 | 0.00087184 | 0.00000000 | 0.00047429 | 0.00074350
Load  59 | 0.00000000 | 0.00000000 | 0.00000000 | 0.00000000 | 0.00236407 | 0.00089526 | 0.00085179 | 0.00000000 | 0.00000000 | 0.00429185 | 0.00253807 | 0.00083056 | 0.00000000 | 0.00083126 | 0.00000000 | 0.00000000 | 0.00000000 | 0.00000000 | 0.00236220 | 0.00000000 | 0.00074825 | 0.00117773
Load  60 | 0.00000000 | 0.00239044 | 0.00082440 | 0.00000000 | 0.00000000 | 0.00000000 | 0.00000000 | 0.00000000 | 0.00000000 | 0.00000000 | 0.00000000 | 0.00000000 | 0.00000000 | 0.00000000 | 0.00165289 | 0.00000000 | 0.00085251 | 0.00000000 | 0.00083333 | 0.00000000 | 0.00032768 | 0.00064806
Load  61 | 0.00168350 | 0.00000000 | 0.00000000 | 0.00000000 | 0.00000000 | 0.00000000 | 0.00000000 | 0.00000000 | 0.00080906 | 0.00157480 | 0.00160128 | 0.00000000 | 0.00000000 | 0.00079302 | 0.00484262 | 0.00157853 | 0.00000000 | 0.00000000 | 0.00000000 | 0.00000000 | 0.00064414 | 0.00115772
Load  62 | 0.00000000 | 0.00000000 | 0.00644122 | 0.00000000 | 0.00000000 | 0.00000000 | 0.00080192 | 0.00162734 | 0.00000000 | 0.00480384 | 0.00157978 | 0.00081037 | 0.00385505 | 0.00000000 | 0.00000000 | 0.00000000 | 0.00000000 | 0.00247729 | 0.00079491 | 0.00160385 | 0.00123978 | 0.00179543
Load  63 | 0.00563607 | 0.00000000 | 0.00082034 | 0.00078125 | 0.00000000 | 0.00000000 | 0.00231303 | 0.00000000 | 0.00386997 | 0.00320000 | 0.00239617 | 0.00654664 | 0.00000000 | 0.00000000 | 0.00077101 | 0.00318218 | 0.00697674 | 0.00079872 | 0.00000000 | 0.00160772 | 0.00194499 | 0.00222681
Load  64 | 0.00000000 | 0.00227445 | 0.00294551 | 0.00081900 | 0.00080972 | 0.00226586 | 0.00075988 | 0.00466563 | 0.00000000 | 0.00217234 | 0.00000000 | 0.00158983 | 0.00313480 | 0.00307220 | 0.00000000 | 0.00075301 | 0.00230947 | 0.00076687 | 0.00000000 | 0.00628437 | 0.00173115 | 0.00166150
Load  65 | 0.00582666 | 0.00147929 | 0.00000000 | 0.00000000 | 0.00146092 | 0.00074683 | 0.00301205 | 0.00295421 | 0.00000000 | 0.00150150 | 0.00235479 | 0.00287563 | 0.00000000 | 0.00078186 | 0.00156740 | 0.00755858 | 0.00528701 | 0.00000000 | 0.00080580 | 0.00307929 | 0.00206459 | 0.00207041
Load  66 | 0.00000000 | 0.00155280 | 0.00076161 | 0.00301887 | 0.00076923 | 0.00230415 | 0.00591716 | 0.00000000 | 0.00301205 | 0.00237530 | 0.01144165 | 0.00603774 | 0.00604230 | 0.00373692 | 0.00452489 | 0.00370645 | 0.00599251 | 0.00302572 | 0.00311284 | 0.00220913 | 0.00347706 | 0.00262317
Load  67 | 0.01191310 | 0.00437318 | 0.00470588 | 0.00000000 | 0.00138696 | 0.00647948 | 0.00224719 | 0.00590406 | 0.00379939 | 0.00454201 | 0.00000000 | 0.00581395 | 0.00152207 | 0.00445765 | 0.00373413 | 0.00713776 | 0.00146520 | 0.00000000 | 0.00076220 | 0.00000000 | 0.00351221 | 0.00299139
Load  68 | 0.01212553 | 0.00367107 | 0.00072150 | 0.00217865 | 0.00144613 | 0.00419874 | 0.00300752 | 0.00950988 | 0.00636943 | 0.00291971 | 0.00366569 | 0.00225394 | 0.00074571 | 0.00227445 | 0.00155039 | 0.00735835 | 0.00300978 | 0.00554401 | 0.00835866 | 0.00425230 | 0.00425807 | 0.00299989
Load  69 | 0.00372024 | 0.00072411 | 0.01095140 | 0.00420463 | 0.00000000 | 0.00426136 | 0.00284495 | 0.00618557 | 0.00647017 | 0.00453515 | 0.00966851 | 0.00673653 | 0.00140154 | 0.00797679 | 0.00362056 | 0.00584795 | 0.01063076 | 0.00652647 | 0.00583090 | 0.00361011 | 0.00528739 | 0.00295122
Load  70 | 0.00353107 | 0.00437318 | 0.00720461 | 0.01281139 | 0.00915493 | 0.00144092 | 0.00645624 | 0.00911641 | 0.00436047 | 0.01223022 | 0.00566572 | 0.00883753 | 0.00139762 | 0.00717360 | 0.00843289 | 0.00072674 | 0.00491918 | 0.00562588 | 0.00641940 | 0.01120239 | 0.00655402 | 0.00335864
Load  71 | 0.00898411 | 0.00895934 | 0.00758621 | 0.00693963 | 0.01022495 | 0.00576784 | 0.00712758 | 0.01278409 | 0.00668003 | 0.01047486 | 0.00072833 | 0.00644238 | 0.00364964 | 0.00764420 | 0.00557880 | 0.00641483 | 0.00932568 | 0.00647482 | 0.00491918 | 0.00431034 | 0.00705084 | 0.00261280
Load  72 | 0.00593912 | 0.00531915 | 0.00961538 | 0.01178918 | 0.01013025 | 0.00793651 | 0.01823282 | 0.00713267 | 0.00979021 | 0.00681199 | 0.00811359 | 0.00970201 | 0.00280899 | 0.00842105 | 0.01052632 | 0.00617708 | 0.01361032 | 0.01061571 | 0.00220103 | 0.01069519 | 0.00877843 | 0.00353449
Load  73 | 0.00000000 | 0.00615174 | 0.00997340 | 0.00331785 | 0.01355014 | 0.02120141 | 0.01928191 | 0.00668896 | 0.00773015 | 0.00942761 | 0.01176471 | 0.00208914 | 0.01111883 | 0.00871898 | 0.00811908 | 0.01748252 | 0.02826380 | 0.01015572 | 0.00839161 | 0.00990800 | 0.01066678 | 0.00654042
Load  74 | 0.02173913 | 0.01818182 | 0.00932091 | 0.00553250 | 0.01439791 | 0.01198402 | 0.00812458 | 0.01786896 | 0.00674309 | 0.01995871 | 0.02120823 | 0.01267512 | 0.00814664 | 0.01064585 | 0.01697217 | 0.00594845 | 0.01684636 | 0.01012146 | 0.01083277 | 0.01129146 | 0.01292701 | 0.00501612
Load  75 | 0.01201602 | 0.01706037 | 0.02173913 | 0.00927152 | 0.01699346 | 0.00797342 | 0.01443570 | 0.00790514 | 0.02090357 | 0.01940492 | 0.01791868 | 0.01380671 | 0.00814664 | 0.01094656 | 0.00821918 | 0.01858974 | 0.01504251 | 0.00283688 | 0.01440733 | 0.00602007 | 0.01318188 | 0.00521856
Load  76 | 0.01252472 | 0.01445466 | 0.00940860 | 0.01360985 | 0.01140684 | 0.01098901 | 0.03393214 | 0.00542373 | 0.01642576 | 0.01814647 | 0.02425016 | 0.01925631 | 0.01013514 | 0.01385224 | 0.01432469 | 0.01573770 | 0.01681237 | 0.00801603 | 0.02511269 | 0.01363636 | 0.01537277 | 0.00637870
Load  77 | 0.01600000 | 0.02100271 | 0.02788586 | 0.00735294 | 0.02472349 | 0.01655629 | 0.01261620 | 0.02146465 | 0.01180328 | 0.01300390 | 0.01608752 | 0.01543408 | 0.03205128 | 0.01970109 | 0.01621271 | 0.01863354 | 0.01165049 | 0.01384311 | 0.02544031 | 0.02252252 | 0.01819930 | 0.00601052
Load  78 | 0.01567398 | 0.01938712 | 0.02428394 | 0.01358344 | 0.02804334 | 0.03077889 | 0.01762402 | 0.02992519 | 0.02508039 | 0.00657030 | 0.02197071 | 0.03538663 | 0.01868557 | 0.03553922 | 0.01924271 | 0.01643655 | 0.00794176 | 0.01796023 | 0.02014295 | 0.01861702 | 0.02114370 | 0.00772091
Load  79 | 0.02484472 | 0.01905347 | 0.03698980 | 0.01372427 | 0.02268431 | 0.03182686 | 0.03564728 | 0.02557377 | 0.02373517 | 0.02066374 | 0.01745314 | 0.01725200 | 0.01976285 | 0.00853018 | 0.02655960 | 0.02252252 | 0.03012821 | 0.02517753 | 0.02466091 | 0.03525046 | 0.02410204 | 0.00718324
Load  80 | 0.02990654 | 0.03621347 | 0.03349574 | 0.01562500 | 0.01955836 | 0.01402167 | 0.02382407 | 0.01886792 | 0.02881668 | 0.01970757 | 0.02695764 | 0.01282874 | 0.02746567 | 0.02476780 | 0.03356555 | 0.03917910 | 0.01801201 | 0.03233989 | 0.03435353 | 0.01972387 | 0.02546154 | 0.00770673
Load  81 | 0.03416718 | 0.01843884 | 0.03307888 | 0.02386935 | 0.02334152 | 0.03188228 | 0.03339635 | 0.02315914 | 0.02213789 | 0.02105263 | 0.02206810 | 0.03912270 | 0.04379124 | 0.02615193 | 0.03259533 | 0.01941140 | 0.02475248 | 0.02074167 | 0.02131547 | 0.03331277 | 0.02738936 | 0.00699824
Load  82 | 0.03635280 | 0.03960999 | 0.03874092 | 0.02460025 | 0.04573548 | 0.02496955 | 0.01773274 | 0.02668284 | 0.03705954 | 0.03962264 | 0.02372263 | 0.04156627 | 0.02920635 | 0.02804878 | 0.03423423 | 0.03130755 | 0.02518892 | 0.02559301 | 0.03699488 | 0.04084084 | 0.03239051 | 0.00744007
Load  83 | 0.03985507 | 0.02388242 | 0.05648038 | 0.04116223 | 0.04458599 | 0.04247573 | 0.04834761 | 0.04129794 | 0.04159132 | 0.02093909 | 0.02581864 | 0.03930636 | 0.02439024 | 0.03501484 | 0.03222027 | 0.04360812 | 0.03462687 | 0.03554217 | 0.03005636 | 0.02394107 | 0.03625714 | 0.00912718
Load  84 | 0.05318491 | 0.02751756 | 0.03509816 | 0.04567901 | 0.03710353 | 0.03499407 | 0.02356495 | 0.05909352 | 0.04566745 | 0.03532934 | 0.03247549 | 0.03892216 | 0.04026051 | 0.07040641 | 0.04020979 | 0.03626306 | 0.03701493 | 0.05889079 | 0.03742690 | 0.02542874 | 0.04072656 | 0.01157271
Load  85 | 0.04917062 | 0.03083188 | 0.04271504 | 0.07312925 | 0.04139172 | 0.04568818 | 0.02941176 | 0.04040404 | 0.04200230 | 0.04742626 | 0.03096539 | 0.03272727 | 0.04236796 | 0.03370787 | 0.04753521 | 0.05423729 | 0.02591923 | 0.05899364 | 0.07065868 | 0.03450327 | 0.04368934 | 0.01259953
Load  86 | 0.04149856 | 0.05074971 | 0.03948897 | 0.04274005 | 0.04298507 | 0.05154639 | 0.04193739 | 0.03692849 | 0.05316742 | 0.04011299 | 0.04530011 | 0.06466513 | 0.03502415 | 0.03269119 | 0.07179782 | 0.03154762 | 0.05141537 | 0.04624277 | 0.05636258 | 0.03671329 | 0.04564575 | 0.01015355
Load  87 | 0.05802048 | 0.03039158 | 0.05695142 | 0.03716609 | 0.03690888 | 0.06264501 | 0.04503464 | 0.06214039 | 0.04748118 | 0.04571429 | 0.07122177 | 0.05411629 | 0.04934022 | 0.05925508 | 0.06207675 | 0.05290698 | 0.04493743 | 0.06004619 | 0.06264368 | 0.04435710 | 0.05216777 | 0.01030013
Load  88 | 0.05303030 | 0.06298774 | 0.03456496 | 0.04983389 | 0.07423346 | 0.03569339 | 0.05882353 | 0.05767013 | 0.04710793 | 0.03549296 | 0.06601607 | 0.08024691 | 0.04337349 | 0.06010303 | 0.06775701 | 0.05605889 | 0.04566210 | 0.04375360 | 0.06587838 | 0.05039638 | 0.05443421 | 0.01254958
Load  89 | 0.05810736 | 0.06231968 | 0.06267180 | 0.05223005 | 0.06480986 | 0.08688147 | 0.05306799 | 0.06631016 | 0.05109070 | 0.05555556 | 0.05049945 | 0.05901288 | 0.05487122 | 0.04644495 | 0.06863905 | 0.06209150 | 0.03960964 | 0.05583195 | 0.05662452 | 0.07479224 | 0.05907310 | 0.01008878
Load  90 | 0.05621806 | 0.06190208 | 0.05043988 | 0.08167652 | 0.04241720 | 0.06172171 | 0.06607930 | 0.07705008 | 0.05823627 | 0.04876712 | 0.05136795 | 0.06641263 | 0.06130484 | 0.06453392 | 0.07972178 | 0.08458542 | 0.06860593 | 0.05595971 | 0.05157593 | 0.06824591 | 0.06284111 | 0.01128594
Load  91 | 0.06963470 | 0.08668731 | 0.08117062 | 0.07516340 | 0.06818182 | 0.08402490 | 0.06841261 | 0.08054054 | 0.07381466 | 0.06569343 | 0.07519210 | 0.06416531 | 0.06588498 | 0.06651507 | 0.07949561 | 0.08449946 | 0.05853120 | 0.07746863 | 0.08691099 | 0.07481163 | 0.07433995 | 0.00802182
Load  92 | 0.07556270 | 0.06806283 | 0.06299213 | 0.06239365 | 0.08560728 | 0.08025013 | 0.08150985 | 0.07485503 | 0.07827039 | 0.06699616 | 0.07972903 | 0.08203531 | 0.06785902 | 0.05417358 | 0.05749033 | 0.07043041 | 0.09121061 | 0.06811989 | 0.07294502 | 0.06144644 | 0.07209699 | 0.00954552
Load  93 | 0.08817087 | 0.06177215 | 0.09483218 | 0.08823529 | 0.06688778 | 0.06986900 | 0.08448459 | 0.06712474 | 0.06285714 | 0.06888889 | 0.07276736 | 0.05827887 | 0.07205240 | 0.07453754 | 0.06979222 | 0.05522143 | 0.08784850 | 0.08410201 | 0.08645374 | 0.06919275 | 0.07416847 | 0.01108299
Load  94 | 0.10020986 | 0.09641728 | 0.09984068 | 0.07696281 | 0.08602151 | 0.08686441 | 0.09932044 | 0.07978723 | 0.07970635 | 0.08337787 | 0.09866667 | 0.08709176 | 0.07911392 | 0.07696477 | 0.07663651 | 0.09713977 | 0.07656732 | 0.07954545 | 0.09854772 | 0.09144701 | 0.08751147 | 0.00900406
Load  95 | 0.07982970 | 0.10056151 | 0.10465699 | 0.07941484 | 0.08855515 | 0.08595041 | 0.07987048 | 0.07041485 | 0.07799145 | 0.09690938 | 0.08663497 | 0.09162717 | 0.08241470 | 0.10125945 | 0.08125000 | 0.09209838 | 0.09410548 | 0.08563969 | 0.08346624 | 0.07228916 | 0.08674700 | 0.00921496
Load  96 | 0.09556861 | 0.08333333 | 0.08935950 | 0.08574380 | 0.11684211 | 0.08941799 | 0.09013786 | 0.09822866 | 0.09237996 | 0.10190763 | 0.07958656 | 0.08196721 | 0.07760881 | 0.07601713 | 0.09282051 | 0.11857506 | 0.10902452 | 0.10909091 | 0.09049545 | 0.10450928 | 0.09413075 | 0.01219102
Load  97 | 0.09828393 | 0.09494949 | 0.08058410 | 0.10716100 | 0.10052632 | 0.07598945 | 0.10404921 | 0.10564854 | 0.11416710 | 0.08983573 | 0.12844037 | 0.07684320 | 0.07267905 | 0.08618052 | 0.08134437 | 0.09749739 | 0.08025343 | 0.09541381 | 0.10152551 | 0.09394251 | 0.09426575 | 0.01381116
Load  98 | 0.12130326 | 0.11389173 | 0.11991870 | 0.13738857 | 0.10184237 | 0.09727226 | 0.09798865 | 0.10139860 | 0.10955348 | 0.11122397 | 0.09497207 | 0.09564777 | 0.11072144 | 0.09810757 | 0.11367051 | 0.08359294 | 0.09147609 | 0.07393812 | 0.11509716 | 0.10773067 | 0.10483680 | 0.01390333
Load  99 | 0.10288900 | 0.10507793 | 0.11753372 | 0.09625935 | 0.09557702 | 0.11401674 | 0.09881423 | 0.12195122 | 0.10742574 | 0.10654490 | 0.08584568 | 0.08860759 | 0.10853104 | 0.11514841 | 0.10704961 | 0.11516035 | 0.12541254 | 0.10494753 | 0.12748016 | 0.08938272 | 0.10668277 | 0.01163984
Load 100 | 0.11726547 | 0.11753278 | 0.09783157 | 0.10376871 | 0.13164431 | 0.09100101 | 0.11474633 | 0.13127797 | 0.09502033 | 0.10381143 | 0.11001480 | 0.13079551 | 0.10970677 | 0.10403727 | 0.09001476 | 0.12144309 | 0.11252546 | 0.15022091 | 0.10555556 | 0.10272214 | 0.11204681 | 0.01495880
Load 101 | 0.11915099 | 0.11969480 | 0.12551230 | 0.11901235 | 0.12127139 | 0.13598429 | 0.11695332 | 0.09720837 | 0.11122047 | 0.11697362 | 0.10733629 | 0.11402624 | 0.11633663 | 0.11474585 | 0.12906453 | 0.10112360 | 0.10613682 | 0.13581440 | 0.12475442 | 0.11604440 | 0.11741825 | 0.00981596
Load 102 | 0.10605303 | 0.12051650 | 0.14292683 | 0.10974409 | 0.11683168 | 0.11625514 | 0.13070943 | 0.12524752 | 0.11233150 | 0.14202618 | 0.12168561 | 0.10454985 | 0.11438561 | 0.12511985 | 0.12613041 | 0.13060621 | 0.11563600 | 0.11416185 | 0.14203455 | 0.10495341 | 0.12109526 | 0.01167534
Load 103 | 0.15132223 | 0.13045587 | 0.10557185 | 0.13479319 | 0.13179413 | 0.11753278 | 0.12912347 | 0.12517647 | 0.12822922 | 0.13952403 | 0.13960396 | 0.11954924 | 0.13026820 | 0.09483615 | 0.12682927 | 0.15512195 | 0.13554633 | 0.12979631 | 0.14777618 | 0.11576471 | 0.12943078 | 0.01409473
Load 104 | 0.10584124 | 0.12863480 | 0.17629917 | 0.13570741 | 0.12729074 | 0.14030858 | 0.16387337 | 0.16743970 | 0.15064420 | 0.13452915 | 0.11532985 | 0.13804714 | 0.12590799 | 0.15129151 | 0.13500245 | 0.12883744 | 0.12481500 | 0.09880834 | 0.17079890 | 0.14048410 | 0.13799455 | 0.02017866
Load 105 | 0.13934813 | 0.12952381 | 0.13445783 | 0.11833489 | 0.13540670 | 0.15655106 | 0.15026921 | 0.16852841 | 0.12960306 | 0.13954611 | 0.13241785 | 0.13843175 | 0.12605436 | 0.13860045 | 0.15133115 | 0.16022890 | 0.10964268 | 0.14113278 | 0.15662079 | 0.11776251 | 0.13868962 | 0.01480910
Load 106 | 0.15283019 | 0.13396675 | 0.12607450 | 0.15328467 | 0.15776816 | 0.13675624 | 0.17434211 | 0.13712687 | 0.13547486 | 0.12831241 | 0.14823420 | 0.16311048 | 0.14751047 | 0.12827715 | 0.12972973 | 0.12956811 | 0.14586191 | 0.16234073 | 0.13850547 | 0.13798077 | 0.14335279 | 0.01335542
Load 107 | 0.16612073 | 0.18143852 | 0.16811175 | 0.16028369 | 0.15150115 | 0.13156649 | 0.16191352 | 0.14530310 | 0.16744403 | 0.15758131 | 0.16682420 | 0.13968853 | 0.15362731 | 0.16175115 | 0.13878505 | 0.15743707 | 0.13155386 | 0.15745471 | 0.15366430 | 0.15914273 | 0.15555966 | 0.01254238
Load 108 | 0.14033413 | 0.16674239 | 0.17477064 | 0.18410233 | 0.12582781 | 0.13346044 | 0.17841213 | 0.16458133 | 0.17520969 | 0.16833485 | 0.14948932 | 0.16044444 | 0.13371538 | 0.15630631 | 0.15123606 | 0.16305850 | 0.18366426 | 0.17489805 | 0.14681970 | 0.17708809 | 0.16042479 | 0.01718954
Load 109 | 0.15455382 | 0.15245598 | 0.17340521 | 0.16073102 | 0.17205692 | 0.13744741 | 0.16176471 | 0.15899582 | 0.16100094 | 0.16894353 | 0.18056829 | 0.18961521 | 0.16536876 | 0.17699910 | 0.15307582 | 0.18452381 | 0.16888481 | 0.17217310 | 0.15316983 | 0.20728929 | 0.16765117 | 0.01518621
Load 110 | 0.17982063 | 0.15423341 | 0.16199095 | 0.17617754 | 0.19919964 | 0.17121703 | 0.17829806 | 0.16658779 | 0.14972777 | 0.15158371 | 0.13420929 | 0.12973961 | 0.16007445 | 0.16725198 | 0.18586724 | 0.16078791 | 0.16712707 | 0.18341014 | 0.17030568 | 0.18054909 | 0.16640795 | 0.01661030
Load 111 | 0.15732855 | 0.16399806 | 0.15113687 | 0.17641844 | 0.16166282 | 0.18644839 | 0.16299357 | 0.17562724 | 0.18713969 | 0.17171261 | 0.13977011 | 0.17084079 | 0.16186047 | 0.17214253 | 0.17988219 | 0.18535060 | 0.20601045 | 0.18428184 | 0.19013128 | 0.14605735 | 0.17153969 | 0.01590856
Load 112 | 0.20207021 | 0.17712014 | 0.17153121 | 0.18113375 | 0.17752809 | 0.16606005 | 0.17644464 | 0.18013857 | 0.15212528 | 0.16539668 | 0.17686467 | 0.17519239 | 0.20424059 | 0.17746983 | 0.17301658 | 0.16865342 | 0.16394888 | 0.20027248 | 0.16644175 | 0.17419355 | 0.17649214 | 0.01268120
Load 113 | 0.16891285 | 0.20248117 | 0.18112701 | 0.16888298 | 0.19618287 | 0.20947099 | 0.18108108 | 0.17697133 | 0.18411713 | 0.17086957 | 0.16111851 | 0.20090293 | 0.18047722 | 0.19322183 | 0.19270599 | 0.18348214 | 0.19389587 | 0.17979062 | 0.20000000 | 0.16506190 | 0.18453770 | 0.01330563
Load 114 | 0.21346887 | 0.20706402 | 0.17292912 | 0.18941752 | 0.18885449 | 0.17181383 | 0.19302120 | 0.17557932 | 0.20483516 | 0.19957356 | 0.19888076 | 0.17909801 | 0.19350649 | 0.18649935 | 0.20374401 | 0.17793594 | 0.20084746 | 0.17259786 | 0.18701964 | 0.18957137 | 0.19031290 | 0.01220432
Load 115 | 0.21194941 | 0.19829902 | 0.19817866 | 0.18492550 | 0.20551378 | 0.19883041 | 0.19239178 | 0.21593945 | 0.19145147 | 0.23653598 | 0.18817204 | 0.18484043 | 0.16365240 | 0.17836895 | 0.19715272 | 0.19399642 | 0.17647059 | 0.18309242 | 0.18525022 | 0.18794964 | 0.19364806 | 0.01537230
Load 116 | 0.18242640 | 0.18510638 | 0.20198962 | 0.19669351 | 0.21134690 | 0.19259259 | 0.19227392 | 0.19103062 | 0.19662447 | 0.19533276 | 0.21293445 | 0.19073917 | 0.21523892 | 0.20935315 | 0.20247569 | 0.19955850 | 0.23172829 | 0.19618056 | 0.19603710 | 0.20644096 | 0.20030520 | 0.01130968
Load 117 | 0.20910262 | 0.18874459 | 0.21776628 | 0.18823020 | 0.21234877 | 0.21539792 | 0.19982993 | 0.18269231 | 0.21504425 | 0.22764901 | 0.19780220 | 0.21911322 | 0.20603448 | 0.21052632 | 0.22372309 | 0.20669208 | 0.17404255 | 0.23477530 | 0.21305842 | 0.20602151 | 0.20742975 | 0.01492394
Load 118 | 0.21681605 | 0.20867679 | 0.21668851 | 0.21184211 | 0.18647008 | 0.19362951 | 0.19302025 | 0.21699346 | 0.18515358 | 0.21341206 | 0.20162324 | 0.21191489 | 0.22870939 | 0.21871049 | 0.21869712 | 0.18819031 | 0.20267357 | 0.22203532 | 0.20475786 | 0.20540776 | 0.20727112 | 0.01231545
Load 119 | 0.23307661 | 0.21567044 | 0.21881475 | 0.19105515 | 0.19003527 | 0.20547945 | 0.23920936 | 0.21344538 | 0.23492197 | 0.22417399 | 0.24390244 | 0.23253903 | 0.18750000 | 0.20469799 | 0.21864686 | 0.18747262 | 0.20487596 | 0.21210838 | 0.22567288 | 0.24109264 | 0.21621956 | 0.01781967
Load 120 | 0.20941077 | 0.21859083 | 0.24424342 | 0.21529745 | 0.22679153 | 0.19297521 | 0.23023635 | 0.23950104 | 0.23377157 | 0.22704918 | 0.21360070 | 0.18425532 | 0.21976220 | 0.21827001 | 0.21881308 | 0.23190184 | 0.23589119 | 0.23023064 | 0.21283784 | 0.22639933 | 0.22149147 | 0.01430832
Load 121 | 0.24600901 | 0.22231474 | 0.22010984 | 0.22870528 | 0.21827001 | 0.22428331 | 0.26142743 | 0.21726559 | 0.22498962 | 0.23527005 | 0.24065041 | 0.23326489 | 0.24100283 | 0.24818763 | 0.24119354 | 0.23747913 | 0.24878247 | 0.22952854 | 0.22393509 | 0.22157676 | 0.23321231 | 0.01183084
Load 122 | 0.24609696 | 0.24162969 | 0.21501706 | 0.19421824 | 0.22649060 | 0.22376480 | 0.23183673 | 0.21775544 | 0.20488641 | 0.22142857 | 0.23278292 | 0.25299282 | 0.20784148 | 0.23529412 | 0.24322069 | 0.22608696 | 0.22688039 | 0.21522634 | 0.24488124 | 0.22538200 | 0.22668567 | 0.01467048
Load 123 | 0.21753794 | 0.21016949 | 0.25482315 | 0.22310127 | 0.22068966 | 0.22680000 | 0.23546274 | 0.22355869 | 0.21396117 | 0.22767498 | 0.22786353 | 0.24685535 | 0.20291060 | 0.24415794 | 0.21798591 | 0.25171717 | 0.23291925 | 0.23659044 | 0.25485337 | 0.23925385 | 0.23044432 | 0.01454904
Load 124 | 0.23376623 | 0.24160259 | 0.23200993 | 0.26182102 | 0.23702213 | 0.23095723 | 0.20599251 | 0.22698159 | 0.25467860 | 0.24989907 | 0.22190669 | 0.24058660 | 0.25824847 | 0.23485445 | 0.26650943 | 0.24317719 | 0.24336108 | 0.24756494 | 0.21019377 | 0.23944239 | 0.23902880 | 0.01524784
Load 125 | 0.25931864 | 0.24584980 | 0.22302447 | 0.24302789 | 0.21080858 | 0.24596123 | 0.23794340 | 0.22935780 | 0.23842863 | 0.21166395 | 0.24076330 | 0.23195876 | 0.26042080 | 0.25335438 | 0.24262422 | 0.25129637 | 0.24567056 | 0.24959481 | 0.24243697 | 0.26599064 | 0.24147476 | 0.01426987
Load 126 | 0.23813421 | 0.25685484 | 0.23175110 | 0.23160434 | 0.27207351 | 0.24357454 | 0.23577874 | 0.24378109 | 0.25453081 | 0.22924901 | 0.25597134 | 0.28829507 | 0.23609444 | 0.27645451 | 0.24602544 | 0.25877193 | 0.23714760 | 0.25250965 | 0.24903026 | 0.24414303 | 0.24908877 | 0.01542405
Load 127 | 0.25752773 | 0.28014046 | 0.24960815 | 0.25572218 | 0.27342846 | 0.29020842 | 0.25903854 | 0.26548338 | 0.23973994 | 0.23596420 | 0.24294671 | 0.25339728 | 0.23907956 | 0.22954726 | 0.25785657 | 0.25794913 | 0.24456736 | 0.25535228 | 0.25921474 | 0.24115226 | 0.25439623 | 0.01474096
Load 128 | 0.23598131 | 0.28133817 | 0.25407925 | 0.30581761 | 0.25643055 | 0.26622875 | 0.26827341 | 0.25792730 | 0.26811024 | 0.25842266 | 0.23400936 | 0.26685281 | 0.25325444 | 0.23978412 | 0.24831683 | 0.25086042 | 0.25577689 | 0.26882144 | 0.27599388 | 0.25321888 | 0.25997492 | 0.01605177
Load 129 | 0.27911417 | 0.25782178 | 0.26040878 | 0.25596184 | 0.27177570 | 0.25386997 | 0.24434036 | 0.25608828 | 0.27107062 | 0.25427683 | 0.27000777 | 0.26220472 | 0.24383453 | 0.26184059 | 0.26062215 | 0.27888294 | 0.25560362 | 0.28171642 | 0.26555856 | 0.26453820 | 0.26247689 | 0.01030790
Load 130 | 0.26116578 | 0.26692015 | 0.24687144 | 0.23510723 | 0.28669462 | 0.28511450 | 0.25116641 | 0.25465116 | 0.27269201 | 0.26487306 | 0.27384144 | 0.26989080 | 0.26048818 | 0.23883495 | 0.27279753 | 0.28917982 | 0.25571484 | 0.28649706 | 0.25223475 | 0.26681957 | 0.26457777 | 0.01522673
Load 131 | 0.28861330 | 0.26646011 | 0.26557751 | 0.26040878 | 0.27126265 | 0.27925840 | 0.28673431 | 0.28824416 | 0.25132075 | 0.26251433 | 0.27502833 | 0.26384615 | 0.26276512 | 0.26321928 | 0.28072896 | 0.26336174 | 0.26538316 | 0.28484618 | 0.29558114 | 0.29309694 | 0.27341257 | 0.01243586
Load 132 | 0.27677543 | 0.28266470 | 0.28294721 | 0.28018398 | 0.28158295 | 0.26807229 | 0.28804982 | 0.27351097 | 0.26909379 | 0.28380952 | 0.25798165 | 0.28483449 | 0.29134467 | 0.28264960 | 0.27807487 | 0.27596780 | 0.28520850 | 0.26771957 | 0.28597583 | 0.27697136 | 0.27867095 | 0.00794581
Load 133 | 0.29801829 | 0.30374008 | 0.28786171 | 0.28240911 | 0.27809743 | 0.27659574 | 0.30705706 | 0.28008833 | 0.31803279 | 0.28571429 | 0.26637897 | 0.27863182 | 0.27546892 | 0.28258448 | 0.28401928 | 0.27416250 | 0.30783046 | 0.27346154 | 0.28635347 | 0.27165653 | 0.28590814 | 0.01355783
Load 134 | 0.30893711 | 0.29571429 | 0.29429429 | 0.30014482 | 0.29037037 | 0.27995682 | 0.31224863 | 0.28785550 | 0.28682457 | 0.31715210 | 0.28778853 | 0.26597780 | 0.27884254 | 0.28279450 | 0.27050674 | 0.29185351 | 0.32632370 | 0.29674797 | 0.28394133 | 0.30908433 | 0.29336797 | 0.01506874
Load 135 | 0.28684807 | 0.29429317 | 0.27806310 | 0.25493171 | 0.30203785 | 0.29977629 | 0.30273224 | 0.29117647 | 0.31008035 | 0.28349146 | 0.26161919 | 0.30919837 | 0.30040102 | 0.32618026 | 0.30680591 | 0.29117211 | 0.29947917 | 0.28363229 | 0.27296887 | 0.26532138 | 0.29101046 | 0.01751332
Load 136 | 0.30987918 | 0.29544613 | 0.29741863 | 0.30956646 | 0.27109111 | 0.31490474 | 0.27218494 | 0.26854991 | 0.28342046 | 0.31718529 | 0.31229236 | 0.32258065 | 0.28090303 | 0.30565627 | 0.28354898 | 0.29435936 | 0.26747720 | 0.27465575 | 0.31281317 | 0.29268293 | 0.29433083 | 0.01766708
Load 137 | 0.29536327 | 0.30505349 | 0.30845225 | 0.30100334 | 0.31934307 | 0.30586488 | 0.31342743 | 0.31912528 | 0.30452675 | 0.29061103 | 0.31652558 | 0.31286765 | 0.30355819 | 0.33367983 | 0.28571429 | 0.28953313 | 0.30171184 | 0.28879153 | 0.31012204 | 0.31758242 | 0.30614286 | 0.01197396
Load 138 | 0.32304965 | 0.28243143 | 0.30218182 | 0.30833943 | 0.31788321 | 0.31986183 | 0.31410025 | 0.28490779 | 0.30804077 | 0.29322473 | 0.29034691 | 0.29571106 | 0.33020231 | 0.31148135 | 0.30084448 | 0.31789552 | 0.33044420 | 0.32275514 | 0.29595782 | 0.30127971 | 0.30754697 | 0.01408142
Load 139 | 0.31856839 | 0.28509091 | 0.31173184 | 0.31897810 | 0.30514036 | 0.31004989 | 0.29821958 | 0.30028129 | 0.31218457 | 0.31785848 | 0.31358638 | 0.27289513 | 0.29844259 | 0.30189341 | 0.28560720 | 0.27763590 | 0.33565702 | 0.31425524 | 0.31940943 | 0.30638298 | 0.30519344 | 0.01524497
Load 140 | 0.33286119 | 0.30266075 | 0.32217871 | 0.31550802 | 0.29517639 | 0.30686310 | 0.31243433 | 0.30688785 | 0.32615955 | 0.29887150 | 0.35195531 | 0.32562278 | 0.30308530 | 0.29558611 | 0.30384209 | 0.35072259 | 0.31853496 | 0.33605974 | 0.30537400 | 0.32777375 | 0.31690790 | 0.01654743
Load 141 | 0.33460208 | 0.32553338 | 0.33191791 | 0.29429098 | 0.33806818 | 0.33167614 | 0.32420749 | 0.34156669 | 0.32371569 | 0.35026455 | 0.34622206 | 0.31673882 | 0.29872370 | 0.32821429 | 0.32052650 | 0.29959514 | 0.31639227 | 0.32435233 | 0.33530641 | 0.31964101 | 0.32507778 | 0.01467637
Load 142 | 0.31886535 | 0.31854698 | 0.32616361 | 0.32184312 | 0.31853418 | 0.34167842 | 0.32575758 | 0.31452703 | 0.33879400 | 0.33450953 | 0.32506293 | 0.33321835 | 0.33736559 | 0.35699659 | 0.29465260 | 0.34532123 | 0.31619718 | 0.30653805 | 0.33404180 | 0.31376017 | 0.32611871 | 0.01410864
Load 143 | 0.31226383 | 0.34453205 | 0.33040730 | 0.35312831 | 0.34093264 | 0.32552532 | 0.32125436 | 0.33286566 | 0.33109541 | 0.32788051 | 0.31872370 | 0.30464955 | 0.32816270 | 0.30481844 | 0.31794149 | 0.33793347 | 0.31993127 | 0.33013040 | 0.33125864 | 0.33449477 | 0.32739649 | 0.01202919
Load 144 | 0.33559092 | 0.34354333 | 0.32415476 | 0.33787661 | 0.31250000 | 0.32842622 | 0.31942996 | 0.33333333 | 0.31674842 | 0.32266010 | 0.31396173 | 0.34832238 | 0.32238402 | 0.32814123 | 0.34506320 | 0.34180299 | 0.30020848 | 0.30602066 | 0.33160443 | 0.33181977 | 0.32717963 | 0.01284888
Load 145 | 0.33868665 | 0.32210382 | 0.32193230 | 0.32026371 | 0.34331956 | 0.34645402 | 0.34223135 | 0.33252259 | 0.35690122 | 0.33801874 | 0.33195450 | 0.36136524 | 0.35155449 | 0.34141991 | 0.35942327 | 0.34855196 | 0.32376167 | 0.33118741 | 0.34847434 | 0.35406699 | 0.34070969 | 0.01254830
Load 146 | 0.34701754 | 0.34934498 | 0.32963710 | 0.35145172 | 0.34938525 | 0.36212071 | 0.31117299 | 0.35338346 | 0.35424354 | 0.33641658 | 0.32063385 | 0.34890017 | 0.34530095 | 0.33145275 | 0.32422145 | 0.33932895 | 0.35023506 | 0.32395798 | 0.33877551 | 0.31956974 | 0.33932751 | 0.01370243
Load 147 | 0.33470790 | 0.34272141 | 0.35639555 | 0.34281749 | 0.32239513 | 0.34360348 | 0.32932437 | 0.33761723 | 0.33015657 | 0.36348352 | 0.34107204 | 0.35122598 | 0.32838398 | 0.34184542 | 0.33184779 | 0.34838486 | 0.35418083 | 0.33390884 | 0.35292096 | 0.33001328 | 0.34085033 | 0.01071399
Load 148 | 0.34276094 | 0.37431507 | 0.34928070 | 0.35253227 | 0.34911044 | 0.32175689 | 0.34052439 | 0.35522286 | 0.33906303 | 0.36494052 | 0.35936444 | 0.34480409 | 0.33054253 | 0.37237937 | 0.37466844 | 0.33367627 | 0.36736064 | 0.37208493 | 0.34428951 | 0.34676066 | 0.35177190 | 0.01507893
Load 149 | 0.34875922 | 0.31922276 | 0.34243837 | 0.34939353 | 0.35144429 | 0.35385634 | 0.34920083 | 0.35467980 | 0.36065019 | 0.34628378 | 0.34076870 | 0.34403670 | 0.36696005 | 0.33800410 | 0.35636856 | 0.34331405 | 0.34727460 | 0.35364238 | 0.31564718 | 0.34033898 | 0.34611422 | 0.01183808
Load 150 | 0.35998705 | 0.37690271 | 0.37972621 | 0.35748626 | 0.35418736 | 0.32084309 | 0.34104628 | 0.35098235 | 0.34581940 | 0.33702017 | 0.38734777 | 0.34803763 | 0.37256156 | 0.35459352 | 0.37561779 | 0.33564128 | 0.34409318 | 0.34608756 | 0.36770557 | 0.36871880 | 0.35622028 | 0.01677715
Load 151 | 0.36740692 | 0.37163978 | 0.34376029 | 0.36390630 | 0.33943089 | 0.34550839 | 0.36499322 | 0.37434383 | 0.35889674 | 0.36095238 | 0.36690885 | 0.36465400 | 0.35640941 | 0.35718997 | 0.37622469 | 0.36628478 | 0.36772921 | 0.36088245 | 0.34924966 | 0.35856038 | 0.36074661 | 0.00973438
Load 152 | 0.34015177 | 0.35972630 | 0.37244562 | 0.33974359 | 0.38071895 | 0.35006477 | 0.36575875 | 0.36548556 | 0.35088293 | 0.36115675 | 0.35171289 | 0.36586985 | 0.36518115 | 0.35676913 | 0.35396518 | 0.35874149 | 0.36293436 | 0.37370801 | 0.35609756 | 0.34010971 | 0.35856122 | 0.01090717
Load 153 | 0.37656620 | 0.35675676 | 0.39817827 | 0.35735636 | 0.36270627 | 0.37069243 | 0.38170144 | 0.36303630 | 0.40236497 | 0.35380920 | 0.35199485 | 0.37008914 | 0.34953029 | 0.36632057 | 0.38335561 | 0.35554111 | 0.35555556 | 0.36845571 | 0.37806494 | 0.35787389 | 0.36799749 | 0.01450550
Load 154 | 0.36443719 | 0.38861304 | 0.37561617 | 0.36675208 | 0.34732699 | 0.39505369 | 0.34868421 | 0.37450852 | 0.37342611 | 0.37165251 | 0.36755512 | 0.36869174 | 0.36433121 | 0.36261622 | 0.35785619 | 0.35331335 | 0.39793947 | 0.37827964 | 0.39974375 | 0.36760331 | 0.37120003 | 0.01463122
Load 155 | 0.37628015 | 0.36725375 | 0.35810378 | 0.38546042 | 0.35794543 | 0.37586207 | 0.37129032 | 0.36409608 | 0.36403070 | 0.38029525 | 0.37299035 | 0.37947418 | 0.38413492 | 0.37746658 | 0.33691057 | 0.36535331 | 0.39242132 | 0.37359736 | 0.37988469 | 0.37714286 | 0.37199970 | 0.01191744
Load 156 | 0.38848921 | 0.36065574 | 0.37716485 | 0.35757003 | 0.37662750 | 0.37789203 | 0.39993736 | 0.35088304 | 0.38748379 | 0.37023771 | 0.38034051 | 0.38912776 | 0.39733840 | 0.37471637 | 0.39636480 | 0.36220725 | 0.38288288 | 0.36533587 | 0.37942227 | 0.37820112 | 0.37764392 | 0.01319486
Load 157 | 0.36733397 | 0.39942529 | 0.39688210 | 0.37830099 | 0.39687011 | 0.40075614 | 0.38403990 | 0.36531008 | 0.40562379 | 0.39211356 | 0.38602592 | 0.40338770 | 0.37853107 | 0.39787713 | 0.38711735 | 0.36096606 | 0.37883632 | 0.39775910 | 0.38602704 | 0.38459079 | 0.38738872 | 0.01260314
Load 158 | 0.37889997 | 0.37804492 | 0.38581425 | 0.35729916 | 0.39138577 | 0.38006809 | 0.38758443 | 0.38327974 | 0.38899254 | 0.39548202 | 0.39353186 | 0.38172043 | 0.41013682 | 0.38816605 | 0.39641622 | 0.38543345 | 0.38776147 | 0.38398227 | 0.37091027 | 0.39790076 | 0.38614052 | 0.01062469
Load 159 | 0.40207482 | 0.38515008 | 0.38512241 | 0.39090909 | 0.41327300 | 0.39736347 | 0.40109723 | 0.38984127 | 0.38959391 | 0.38043478 | 0.39135919 | 0.37197612 | 0.38896021 | 0.40171211 | 0.38386692 | 0.38627270 | 0.37547893 | 0.38124594 | 0.40768510 | 0.37580231 | 0.38996098 | 0.01077705
Load 160 | 0.39699906 | 0.40958269 | 0.39186296 | 0.39026658 | 0.38461538 | 0.38106870 | 0.40343750 | 0.37243590 | 0.40515654 | 0.38535032 | 0.39806139 | 0.41630231 | 0.38637064 | 0.38663256 | 0.36372454 | 0.39040248 | 0.38918919 | 0.39363057 | 0.38906250 | 0.37240729 | 0.39032796 | 0.01240790
Load 161 | 0.39035088 | 0.40698027 | 0.40314136 | 0.39175911 | 0.38781431 | 0.40568955 | 0.39131793 | 0.40542187 | 0.40342298 | 0.38675214 | 0.39887816 | 0.42417972 | 0.38831291 | 0.41200124 | 0.38386783 | 0.41578149 | 0.39089530 | 0.40830346 | 0.37068424 | 0.41679436 | 0.39911746 | 0.01293452
Load 162 | 0.39104383 | 0.38274268 | 0.38388188 | 0.40246533 | 0.41557651 | 0.38766789 | 0.38968134 | 0.41064163 | 0.40557940 | 0.38433404 | 0.38906348 | 0.39636588 | 0.41713748 | 0.38683639 | 0.40193629 | 0.39948784 | 0.41171117 | 0.38682864 | 0.38527181 | 0.39349294 | 0.39608732 | 0.01095992
Load 163 | 0.37668021 | 0.39865690 | 0.40853467 | 0.39256715 | 0.38581693 | 0.41417565 | 0.40554540 | 0.40069030 | 0.42264608 | 0.38537794 | 0.40506329 | 0.39527559 | 0.37682510 | 0.41075871 | 0.41206949 | 0.40079975 | 0.39639364 | 0.40711220 | 0.39069626 | 0.42009685 | 0.40028911 | 0.01271445
Load 164 | 0.39106145 | 0.41138462 | 0.42914356 | 0.40472584 | 0.40768765 | 0.40747493 | 0.39793039 | 0.40601043 | 0.41643836 | 0.40820734 | 0.40515654 | 0.39396709 | 0.39190031 | 0.39908953 | 0.40767386 | 0.40754039 | 0.41529412 | 0.41271262 | 0.42110120 | 0.41223881 | 0.40733695 | 0.00930932
Load 165 | 0.40231248 | 0.42403487 | 0.40129950 | 0.40928793 | 0.41276081 | 0.42915811 | 0.42153938 | 0.40970588 | 0.41501976 | 0.41063957 | 0.41281030 | 0.42157752 | 0.38812785 | 0.40444986 | 0.43050015 | 0.41819292 | 0.40440502 | 0.40613932 | 0.40451174 | 0.38033512 | 0.41034040 | 0.01216206
Load 166 | 0.40883487 | 0.40495618 | 0.43111639 | 0.42458270 | 0.42050656 | 0.40573152 | 0.40059347 | 0.40652557 | 0.41600471 | 0.38032485 | 0.42329461 | 0.43270665 | 0.41542140 | 0.41968599 | 0.42977855 | 0.40829298 | 0.41310282 | 0.41442801 | 0.40347072 | 0.40780031 | 0.41335794 | 0.01202504
Load 167 | 0.39866505 | 0.42196879 | 0.43675345 | 0.40519324 | 0.42127531 | 0.43260282 | 0.40942472 | 0.43768458 | 0.42120680 | 0.41750742 | 0.40548030 | 0.43190073 | 0.43289665 | 0.42936858 | 0.40505567 | 0.40162211 | 0.44016965 | 0.42089094 | 0.40823275 | 0.43388046 | 0.42058900 | 0.01313604
Load 168 | 0.41274659 | 0.41614722 | 0.40927112 | 0.42346791 | 0.41507774 | 0.40329703 | 0.39489137 | 0.40699088 | 0.42109982 | 0.41738357 | 0.40932178 | 0.41875553 | 0.41164424 | 0.42692648 | 0.41203144 | 0.42598967 | 0.41145992 | 0.41838813 | 0.40371926 | 0.41238584 | 0.41354978 | 0.00776128
Load 169 | 0.42445179 | 0.41477775 | 0.43012249 | 0.42827381 | 0.42661619 | 0.41388720 | 0.40976198 | 0.42119089 | 0.39928058 | 0.43742724 | 0.44134560 | 0.42945145 | 0.43400058 | 0.41712204 | 0.42532089 | 0.42097532 | 0.44059977 | 0.42212518 | 0.43678161 | 0.42368886 | 0.42486006 | 0.01041300
Load 170 | 0.43839542 | 0.41075022 | 0.43508367 | 0.44714741 | 0.42205438 | 0.43965268 | 0.44603267 | 0.42677580 | 0.42243097 | 0.43768458 | 0.42381636 | 0.43788728 | 0.43413349 | 0.43251174 | 0.40611480 | 0.40744048 | 0.41699307 | 0.44906997 | 0.41676611 | 0.41595019 | 0.42833456 | 0.01295026
Load 171 | 0.41313433 | 0.41700880 | 0.43621399 | 0.42096070 | 0.43587546 | 0.42874039 | 0.41403509 | 0.42769321 | 0.40364277 | 0.42123999 | 0.44367816 | 0.44022216 | 0.43171021 | 0.42640187 | 0.42665500 | 0.42114237 | 0.44248555 | 0.43619216 | 0.46422438 | 0.42535211 | 0.42883044 | 0.01303492
Load 172 | 0.42337507 | 0.43311727 | 0.44554455 | 0.42376951 | 0.42676692 | 0.45046571 | 0.44742149 | 0.43154592 | 0.41463415 | 0.42930886 | 0.43866279 | 0.43072824 | 0.42508418 | 0.40822785 | 0.45081490 | 0.43409024 | 0.42576291 | 0.44437973 | 0.42919075 | 0.43586006 | 0.43243755 | 0.01111416
Load 173 | 0.42046484 | 0.45521945 | 0.43173862 | 0.43355823 | 0.41364039 | 0.42995880 | 0.42956321 | 0.43692661 | 0.44081272 | 0.42674790 | 0.44995771 | 0.43801889 | 0.45139501 | 0.43157895 | 0.45723043 | 0.42785777 | 0.42632781 | 0.43357058 | 0.45149464 | 0.43708609 | 0.43615743 | 0.01147834
Load 174 | 0.43493349 | 0.44058977 | 0.43514524 | 0.43815636 | 0.41799832 | 0.40892403 | 0.42668580 | 0.44610609 | 0.44146270 | 0.44269663 | 0.44026048 | 0.44840580 | 0.44009217 | 0.40887713 | 0.45520441 | 0.42222867 | 0.41988304 | 0.42270461 | 0.43692396 | 0.43460765 | 0.43309432 | 0.01245330
Load 175 | 0.45637199 | 0.43909598 | 0.44097421 | 0.42707151 | 0.44837341 | 0.43380199 | 0.43197088 | 0.42992477 | 0.44477000 | 0.43066322 | 0.43867121 | 0.42994895 | 0.44278321 | 0.44798421 | 0.42869718 | 0.42041522 | 0.46097362 | 0.43847242 | 0.44380237 | 0.44934413 | 0.43920552 | 0.01009545
Load 176 | 0.44302696 | 0.45646589 | 0.42959770 | 0.45654032 | 0.44252874 | 0.45004270 | 0.44188110 | 0.44290657 | 0.42723005 | 0.42040932 | 0.44197808 | 0.44482561 | 0.43054738 | 0.45042254 | 0.43657565 | 0.43110349 | 0.43970803 | 0.45434174 | 0.44680257 | 0.44039271 | 0.44136636 | 0.00964131
Load 177 | 0.45520231 | 0.44973095 | 0.46718576 | 0.46008869 | 0.45813089 | 0.44752309 | 0.43292509 | 0.46657143 | 0.45401010 | 0.44039352 | 0.43892282 | 0.42013498 | 0.45563282 | 0.43641941 | 0.44269791 | 0.44701349 | 0.42242356 | 0.44220236 | 0.45475307 | 0.45394374 | 0.44729530 | 0.01260391
Load 178 | 0.45780412 | 0.42386364 | 0.44199208 | 0.46271676 | 0.45786129 | 0.45554926 | 0.43253182 | 0.46546884 | 0.47181920 | 0.45511425 | 0.44990286 | 0.46125874 | 0.45964709 | 0.46181818 | 0.44840690 | 0.44438073 | 0.43933518 | 0.44663155 | 0.47221454 | 0.45578420 | 0.45320506 | 0.01214352
Load 179 | 0.45828819 | 0.46823466 | 0.45752360 | 0.44246804 | 0.44434956 | 0.43157297 | 0.41745622 | 0.45669073 | 0.44690265 | 0.45888158 | 0.44176136 | 0.44284925 | 0.46155997 | 0.45313796 | 0.44075829 | 0.46991560 | 0.45398278 | 0.43792906 | 0.46387204 | 0.44965675 | 0.44988956 | 0.01260309
Load 180 | 0.46242612 | 0.44007914 | 0.45399655 | 0.46156012 | 0.46203060 | 0.43222506 | 0.45902987 | 0.44868533 | 0.45551895 | 0.45031591 | 0.46128501 | 0.42338822 | 0.47123519 | 0.45822856 | 0.47185430 | 0.47324550 | 0.44969596 | 0.46048387 | 0.42985915 | 0.45167598 | 0.45384097 | 0.01336507
Load 181 | 0.44292605 | 0.46389195 | 0.46067730 | 0.45852472 | 0.46103896 | 0.45981055 | 0.43835235 | 0.43760684 | 0.45479603 | 0.46348315 | 0.44676806 | 0.46657264 | 0.47213115 | 0.44752683 | 0.48306936 | 0.44660734 | 0.45993901 | 0.46886447 | 0.45044543 | 0.46679688 | 0.45749145 | 0.01149458
Load 182 | 0.45075446 | 0.47686445 | 0.46460177 | 0.45935928 | 0.46919809 | 0.45474860 | 0.46519945 | 0.45321557 | 0.45370370 | 0.46657343 | 0.45850914 | 0.45574744 | 0.44934413 | 0.45300334 | 0.47207010 | 0.46604149 | 0.47203817 | 0.48259669 | 0.45913330 | 0.47093023 | 0.46268164 | 0.00910081
Load 183 | 0.45689655 | 0.46216368 | 0.44001156 | 0.44407159 | 0.46776815 | 0.47549706 | 0.46830209 | 0.45156038 | 0.43179939 | 0.46083587 | 0.47689769 | 0.46071133 | 0.47411139 | 0.46655791 | 0.47726661 | 0.46858360 | 0.45928716 | 0.46800223 | 0.46745400 | 0.46390041 | 0.46208393 | 0.01194288
Load 184 | 0.48139224 | 0.47702809 | 0.46799469 | 0.46367061 | 0.47005742 | 0.47329060 | 0.46187724 | 0.46176871 | 0.47348278 | 0.47354427 | 0.47633379 | 0.47401532 | 0.46535181 | 0.47907225 | 0.47092237 | 0.47302452 | 0.48154180 | 0.48020197 | 0.48373760 | 0.48216680 | 0.47352374 | 0.00666474
Load 185 | 0.48711135 | 0.47443650 | 0.48423605 | 0.47544522 | 0.45192308 | 0.50590446 | 0.46550802 | 0.47054076 | 0.45837927 | 0.47463479 | 0.49541037 | 0.48017970 | 0.45069653 | 0.46515533 | 0.45732689 | 0.47077835 | 0.46916300 | 0.46695795 | 0.48003112 | 0.46143400 | 0.47226264 | 0.01364896
Load 186 | 0.47815727 | 0.46384720 | 0.48548471 | 0.45712740 | 0.45025752 | 0.46991784 | 0.44468665 | 0.46802086 | 0.47387961 | 0.47709406 | 0.45360000 | 0.46271051 | 0.48761202 | 0.47307052 | 0.48217636 | 0.46947983 | 0.46616339 | 0.46193866 | 0.45800274 | 0.48322684 | 0.46832270 | 0.01170956
Load 187 | 0.47979003 | 0.47733405 | 0.47126124 | 0.48658798 | 0.47849462 | 0.47352702 | 0.47847018 | 0.49122807 | 0.48300395 | 0.47814639 | 0.47638548 | 0.47010798 | 0.47384115 | 0.45905512 | 0.46137510 | 0.47578499 | 0.48399247 | 0.48002131 | 0.49295400 | 0.44105523 | 0.47562082 | 0.01136011
Load 188 | 0.49424672 | 0.48175568 | 0.48129610 | 0.48029819 | 0.47551889 | 0.50735491 | 0.46244320 | 0.48467230 | 0.49218129 | 0.49150743 | 0.48559892 | 0.47711549 | 0.48370672 | 0.48171988 | 0.48305311 | 0.47575919 | 0.46690667 | 0.46809637 | 0.47935840 | 0.47079038 | 0.48116899 | 0.01010388
Load 189 | 0.48572170 | 0.46551258 | 0.44742432 | 0.49109948 | 0.46868308 | 0.47164259 | 0.47563559 | 0.47641509 | 0.49097185 | 0.46572361 | 0.47827260 | 0.47945932 | 0.47236181 | 0.47491724 | 0.47520000 | 0.49182058 | 0.49371490 | 0.46477364 | 0.48947368 | 0.48703849 | 0.47729311 | 0.01149764
Load 190 | 0.46478122 | 0.49180761 | 0.50238095 | 0.50850563 | 0.48535131 | 0.48878924 | 0.48191214 | 0.46522084 | 0.49070728 | 0.49429756 | 0.49474790 | 0.50461863 | 0.46609285 | 0.48884329 | 0.49222937 | 0.49273412 | 0.48203285 | 0.49371399 | 0.48616910 | 0.48384575 | 0.48793908 | 0.01166816
Load 191 | 0.48728036 | 0.50143043 | 0.49455112 | 0.49081025 | 0.47042034 | 0.47305389 | 0.49608968 | 0.47991487 | 0.47566138 | 0.49670793 | 0.48030888 | 0.49047115 | 0.48221450 | 0.47694370 | 0.50013224 | 0.46489104 | 0.47439214 | 0.49148992 | 0.49451983 | 0.47418738 | 0.48477355 | 0.01060109
Load 192 | 0.48267839 | 0.49711128 | 0.51210898 | 0.49695687 | 0.49633891 | 0.48479238 | 0.47216994 | 0.48335975 | 0.48552396 | 0.49544627 | 0.47505252 | 0.47597677 | 0.47465315 | 0.49363471 | 0.50362882 | 0.49111969 | 0.48876111 | 0.50270828 | 0.48895659 | 0.49668874 | 0.48988335 | 0.01045177
Load 193 | 0.49312483 | 0.49179901 | 0.48040794 | 0.46872546 | 0.48863339 | 0.49316109 | 0.50154321 | 0.50039012 | 0.49832604 | 0.49624812 | 0.47580645 | 0.49783770 | 0.49694230 | 0.50181066 | 0.50090369 | 0.48169802 | 0.50713730 | 0.48322497 | 0.49004594 | 0.47912317 | 0.49134447 | 0.00994778
Load 194 | 0.48763809 | 0.48160450 | 0.48406677 | 0.49987170 | 0.49830861 | 0.49459877 | 0.49754204 | 0.49452508 | 0.50527399 | 0.49344978 | 0.51244547 | 0.49872123 | 0.47089397 | 0.48848770 | 0.49808820 | 0.49872838 | 0.49323621 | 0.50326115 | 0.47547863 | 0.50658745 | 0.49414039 | 0.01009884
Load 195 | 0.52039236 | 0.49493158 | 0.50314782 | 0.51214018 | 0.49289100 | 0.48304643 | 0.48060235 | 0.49417853 | 0.48521303 | 0.48804833 | 0.49179914 | 0.50427565 | 0.49026732 | 0.48336745 | 0.49923742 | 0.49834310 | 0.48980645 | 0.49509044 | 0.48295455 | 0.49136179 | 0.49405475 | 0.00988669
Load 196 | 0.49633190 | 0.49686520 | 0.50594185 | 0.50716260 | 0.51170483 | 0.49425587 | 0.49712284 | 0.51228250 | 0.50895599 | 0.50444096 | 0.50201715 | 0.49948079 | 0.49195813 | 0.48595506 | 0.49845996 | 0.49923077 | 0.46817830 | 0.50038139 | 0.50303490 | 0.49693565 | 0.49903483 | 0.00954182
Load 197 | 0.50962259 | 0.51713860 | 0.49874055 | 0.52581121 | 0.51071339 | 0.50264417 | 0.49987332 | 0.51487357 | 0.51217064 | 0.49236253 | 0.50777466 | 0.50872314 | 0.50162216 | 0.50833541 | 0.51576293 | 0.48389590 | 0.50595691 | 0.50813835 | 0.49755218 | 0.49734379 | 0.50595280 | 0.00929006
Load 198 | 0.50978399 | 0.51382196 | 0.50163522 | 0.51119403 | 0.50780856 | 0.50210136 | 0.49657968 | 0.49639034 | 0.49646107 | 0.49407115 | 0.51283355 | 0.48705334 | 0.49178671 | 0.48929118 | 0.48076433 | 0.50573280 | 0.50842343 | 0.51282051 | 0.49711707 | 0.52476704 | 0.50202187 | 0.01059517
Load 199 | 0.49799900 | 0.49951100 | 0.51105108 | 0.48396202 | 0.50676014 | 0.50903832 | 0.50089081 | 0.52047361 | 0.52757262 | 0.51594062 | 0.48798989 | 0.50892857 | 0.49648947 | 0.50574426 | 0.48548471 | 0.52409192 | 0.49687265 | 0.48215604 | 0.50050839 | 0.50562922 | 0.50335472 | 0.01253144
Load 200 | 0.49803246 | 0.50652283 | 0.51051625 | 0.51414976 | 0.50584053 | 0.51018405 | 0.52465582 | 0.51472056 | 0.50959816 | 0.49615861 | 0.52658100 | 0.51181298 | 0.51717321 | 0.51568288 | 0.50958144 | 0.52259675 | 0.51777778 | 0.49925706 | 0.52010924 | 0.51783487 | 0.51243931 | 0.00824700
