# MÉDIAS E ESTATÍSTICAS
# Requisição 3: [5,10]
# Modo: CONJUNTO
# ============================================================
# Load | Média | DesvioPadrão | Mínimo | Máximo | IC 95% (inferior) | IC 95% (superior)
# ============================================================
   1 | 0.00000000 | 0.00000000 | 0.00000000 | 0.00000000 | 0.00000000 | 0.00000000
   2 | 0.00000000 | 0.00000000 | 0.00000000 | 0.00000000 | 0.00000000 | 0.00000000
   3 | 0.00000000 | 0.00000000 | 0.00000000 | 0.00000000 | 0.00000000 | 0.00000000
   4 | 0.00000000 | 0.00000000 | 0.00000000 | 0.00000000 | 0.00000000 | 0.00000000
   5 | 0.00000000 | 0.00000000 | 0.00000000 | 0.00000000 | 0.00000000 | 0.00000000
   6 | 0.00000000 | 0.00000000 | 0.00000000 | 0.00000000 | 0.00000000 | 0.00000000
   7 | 0.00000000 | 0.00000000 | 0.00000000 | 0.00000000 | 0.00000000 | 0.00000000
   8 | 0.00000000 | 0.00000000 | 0.00000000 | 0.00000000 | 0.00000000 | 0.00000000
   9 | 0.00000000 | 0.00000000 | 0.00000000 | 0.00000000 | 0.00000000 | 0.00000000
  10 | 0.00000000 | 0.00000000 | 0.00000000 | 0.00000000 | 0.00000000 | 0.00000000
  11 | 0.00000000 | 0.00000000 | 0.00000000 | 0.00000000 | 0.00000000 | 0.00000000
  12 | 0.00000000 | 0.00000000 | 0.00000000 | 0.00000000 | 0.00000000 | 0.00000000
  13 | 0.00000000 | 0.00000000 | 0.00000000 | 0.00000000 | 0.00000000 | 0.00000000
  14 | 0.00000000 | 0.00000000 | 0.00000000 | 0.00000000 | 0.00000000 | 0.00000000
  15 | 0.00000000 | 0.00000000 | 0.00000000 | 0.00000000 | 0.00000000 | 0.00000000
  16 | 0.00000000 | 0.00000000 | 0.00000000 | 0.00000000 | 0.00000000 | 0.00000000
  17 | 0.00000000 | 0.00000000 | 0.00000000 | 0.00000000 | 0.00000000 | 0.00000000
  18 | 0.00000000 | 0.00000000 | 0.00000000 | 0.00000000 | 0.00000000 | 0.00000000
  19 | 0.00000000 | 0.00000000 | 0.00000000 | 0.00000000 | 0.00000000 | 0.00000000
  20 | 0.00000000 | 0.00000000 | 0.00000000 | 0.00000000 | 0.00000000 | 0.00000000
  21 | 0.00000000 | 0.00000000 | 0.00000000 | 0.00000000 | 0.00000000 | 0.00000000
  22 | 0.00000000 | 0.00000000 | 0.00000000 | 0.00000000 | 0.00000000 | 0.00000000
  23 | 0.00000000 | 0.00000000 | 0.00000000 | 0.00000000 | 0.00000000 | 0.00000000
  24 | 0.00000000 | 0.00000000 | 0.00000000 | 0.00000000 | 0.00000000 | 0.00000000
  25 | 0.00000000 | 0.00000000 | 0.00000000 | 0.00000000 | 0.00000000 | 0.00000000
  26 | 0.00000000 | 0.00000000 | 0.00000000 | 0.00000000 | 0.00000000 | 0.00000000
  27 | 0.00000000 | 0.00000000 | 0.00000000 | 0.00000000 | 0.00000000 | 0.00000000
  28 | 0.00000000 | 0.00000000 | 0.00000000 | 0.00000000 | 0.00000000 | 0.00000000
  29 | 0.00000000 | 0.00000000 | 0.00000000 | 0.00000000 | 0.00000000 | 0.00000000
  30 | 0.00000000 | 0.00000000 | 0.00000000 | 0.00000000 | 0.00000000 | 0.00000000
  31 | 0.00000000 | 0.00000000 | 0.00000000 | 0.00000000 | 0.00000000 | 0.00000000
  32 | 0.00000000 | 0.00000000 | 0.00000000 | 0.00000000 | 0.00000000 | 0.00000000
  33 | 0.00000000 | 0.00000000 | 0.00000000 | 0.00000000 | 0.00000000 | 0.00000000
  34 | 0.00000000 | 0.00000000 | 0.00000000 | 0.00000000 | 0.00000000 | 0.00000000
  35 | 0.00000000 | 0.00000000 | 0.00000000 | 0.00000000 | 0.00000000 | 0.00000000
  36 | 0.00000000 | 0.00000000 | 0.00000000 | 0.00000000 | 0.00000000 | 0.00000000
  37 | 0.00000000 | 0.00000000 | 0.00000000 | 0.00000000 | 0.00000000 | 0.00000000
  38 | 0.00000000 | 0.00000000 | 0.00000000 | 0.00000000 | 0.00000000 | 0.00000000
  39 | 0.00000000 | 0.00000000 | 0.00000000 | 0.00000000 | 0.00000000 | 0.00000000
  40 | 0.00000000 | 0.00000000 | 0.00000000 | 0.00000000 | 0.00000000 | 0.00000000
  41 | 0.00000000 | 0.00000000 | 0.00000000 | 0.00000000 | 0.00000000 | 0.00000000
  42 | 0.00000000 | 0.00000000 | 0.00000000 | 0.00000000 | 0.00000000 | 0.00000000
  43 | 0.00000000 | 0.00000000 | 0.00000000 | 0.00000000 | 0.00000000 | 0.00000000
  44 | 0.00000000 | 0.00000000 | 0.00000000 | 0.00000000 | 0.00000000 | 0.00000000
  45 | 0.00000000 | 0.00000000 | 0.00000000 | 0.00000000 | 0.00000000 | 0.00000000
  46 | 0.00000000 | 0.00000000 | 0.00000000 | 0.00000000 | 0.00000000 | 0.00000000
  47 | 0.00000000 | 0.00000000 | 0.00000000 | 0.00000000 | 0.00000000 | 0.00000000
  48 | 0.00010246 | 0.00044661 | 0.00000000 | 0.00204918 | -0.00010586 | 0.00031078
  49 | 0.00000000 | 0.00000000 | 0.00000000 | 0.00000000 | 0.00000000 | 0.00000000
  50 | 0.00000000 | 0.00000000 | 0.00000000 | 0.00000000 | 0.00000000 | 0.00000000
  51 | 0.00004817 | 0.00020997 | 0.00000000 | 0.00096339 | -0.00004977 | 0.00014611
  52 | 0.00000000 | 0.00000000 | 0.00000000 | 0.00000000 | 0.00000000 | 0.00000000
  53 | 0.00000000 | 0.00000000 | 0.00000000 | 0.00000000 | 0.00000000 | 0.00000000
  54 | 0.00013726 | 0.00032677 | 0.00000000 | 0.00093110 | -0.00001516 | 0.00028968
  55 | 0.00000000 | 0.00000000 | 0.00000000 | 0.00000000 | 0.00000000 | 0.00000000
  56 | 0.00039547 | 0.00058783 | 0.00000000 | 0.00176056 | 0.00012128 | 0.00066966
  57 | 0.00012957 | 0.00041196 | 0.00000000 | 0.00172712 | -0.00006258 | 0.00032173
  58 | 0.00017354 | 0.00058899 | 0.00000000 | 0.00260643 | -0.00010119 | 0.00044827
  59 | 0.00033389 | 0.00055542 | 0.00000000 | 0.00168350 | 0.00007482 | 0.00059297
  60 | 0.00049736 | 0.00075688 | 0.00000000 | 0.00329761 | 0.00014432 | 0.00085041
  61 | 0.00048061 | 0.00097834 | 0.00000000 | 0.00389712 | 0.00002427 | 0.00093695
  62 | 0.00101935 | 0.00133912 | 0.00000000 | 0.00397772 | 0.00039472 | 0.00164398
  63 | 0.00091990 | 0.00132777 | 0.00000000 | 0.00564516 | 0.00030057 | 0.00153923
  64 | 0.00166176 | 0.00238265 | 0.00000000 | 0.00932401 | 0.00055039 | 0.00277314
  65 | 0.00154579 | 0.00173952 | 0.00000000 | 0.00739645 | 0.00073440 | 0.00235718
  66 | 0.00180963 | 0.00204625 | 0.00000000 | 0.00662252 | 0.00085517 | 0.00276409
  67 | 0.00304820 | 0.00292201 | 0.00000000 | 0.00960118 | 0.00168525 | 0.00441115
  68 | 0.00176263 | 0.00150585 | 0.00000000 | 0.00655022 | 0.00106023 | 0.00246502
  69 | 0.00286274 | 0.00203652 | 0.00000000 | 0.00761615 | 0.00191282 | 0.00381267
  70 | 0.00255834 | 0.00219420 | 0.00000000 | 0.00781250 | 0.00153486 | 0.00358181
  71 | 0.00483828 | 0.00398318 | 0.00000000 | 0.01587302 | 0.00298035 | 0.00669621
  72 | 0.00636207 | 0.00301160 | 0.00145033 | 0.01297814 | 0.00495733 | 0.00776681
  73 | 0.00685710 | 0.00429784 | 0.00067431 | 0.01779603 | 0.00485240 | 0.00886180
  74 | 0.00899456 | 0.00304027 | 0.00276052 | 0.01517241 | 0.00757644 | 0.01041268
  75 | 0.00720148 | 0.00319375 | 0.00347947 | 0.01410343 | 0.00571177 | 0.00869118
  76 | 0.00965160 | 0.00452149 | 0.00333333 | 0.02043507 | 0.00754258 | 0.01176062
  77 | 0.01027568 | 0.00527305 | 0.00197628 | 0.02120383 | 0.00781609 | 0.01273526
  78 | 0.01250525 | 0.00517135 | 0.00263505 | 0.02471483 | 0.01009311 | 0.01491739
  79 | 0.01190083 | 0.00435897 | 0.00375940 | 0.02460568 | 0.00986761 | 0.01393404
  80 | 0.01399697 | 0.00614746 | 0.00619579 | 0.02767296 | 0.01112953 | 0.01686442
  81 | 0.01577799 | 0.00595872 | 0.00578406 | 0.02801462 | 0.01299858 | 0.01855740
  82 | 0.01655895 | 0.00693774 | 0.00613874 | 0.03452311 | 0.01332289 | 0.01979502
  83 | 0.01867962 | 0.00650896 | 0.00854701 | 0.03173653 | 0.01564355 | 0.02171568
  84 | 0.01912788 | 0.00667279 | 0.00626174 | 0.03265306 | 0.01601540 | 0.02224037
  85 | 0.02029872 | 0.00583864 | 0.01143201 | 0.03428239 | 0.01757533 | 0.02302212
  86 | 0.02217284 | 0.00698737 | 0.01243339 | 0.03643498 | 0.01891362 | 0.02543205
  87 | 0.02463877 | 0.00674068 | 0.01298701 | 0.03687151 | 0.02149462 | 0.02778292
  88 | 0.02424945 | 0.00570018 | 0.01282051 | 0.03689636 | 0.02159063 | 0.02690826
  89 | 0.03031785 | 0.00859901 | 0.01748449 | 0.04333146 | 0.02630689 | 0.03432880
  90 | 0.02895956 | 0.00709205 | 0.01356132 | 0.04040404 | 0.02565152 | 0.03226760
  91 | 0.03507036 | 0.00704243 | 0.02441671 | 0.05142857 | 0.03178547 | 0.03835526
  92 | 0.03275209 | 0.00782645 | 0.02164502 | 0.04812834 | 0.02910149 | 0.03640269
  93 | 0.03278604 | 0.00865128 | 0.01753454 | 0.05328505 | 0.02875070 | 0.03682138
  94 | 0.03821008 | 0.00863020 | 0.02111532 | 0.05409748 | 0.03418458 | 0.04223558
  95 | 0.03988180 | 0.00506940 | 0.03019068 | 0.05007825 | 0.03751721 | 0.04224639
  96 | 0.03921623 | 0.00820851 | 0.02621919 | 0.05273834 | 0.03538743 | 0.04304504
  97 | 0.03751528 | 0.00735042 | 0.02587519 | 0.04989817 | 0.03408672 | 0.04094383
  98 | 0.04574256 | 0.00808563 | 0.03421462 | 0.06475531 | 0.04197107 | 0.04951405
  99 | 0.04852344 | 0.00999892 | 0.02910603 | 0.07688611 | 0.04385950 | 0.05318737
 100 | 0.04967452 | 0.01116594 | 0.02881090 | 0.07088123 | 0.04446624 | 0.05488280
 101 | 0.04615945 | 0.00744108 | 0.03046953 | 0.06345303 | 0.04268860 | 0.04963029
 102 | 0.05265087 | 0.00925631 | 0.04040404 | 0.07399001 | 0.04833332 | 0.05696842
 103 | 0.05340690 | 0.00817807 | 0.03879093 | 0.06711733 | 0.04959230 | 0.05722151
 104 | 0.05180631 | 0.01049145 | 0.03006012 | 0.07343825 | 0.04691263 | 0.05669998
 105 | 0.06052297 | 0.00992316 | 0.04396135 | 0.08065247 | 0.05589438 | 0.06515157
 106 | 0.05783370 | 0.00730410 | 0.04741379 | 0.07482679 | 0.05442675 | 0.06124065
 107 | 0.05328000 | 0.01001766 | 0.03656753 | 0.07172414 | 0.04860732 | 0.05795268
 108 | 0.06283047 | 0.00719940 | 0.04708625 | 0.07581875 | 0.05947235 | 0.06618858
 109 | 0.06307740 | 0.00910485 | 0.04624007 | 0.08591993 | 0.05883050 | 0.06732430
 110 | 0.06726459 | 0.01317670 | 0.04586739 | 0.10106857 | 0.06111840 | 0.07341078
 111 | 0.06806895 | 0.01310579 | 0.04465930 | 0.09602501 | 0.06195584 | 0.07418207
 112 | 0.07210629 | 0.01063374 | 0.05100182 | 0.09316500 | 0.06714625 | 0.07706634
 113 | 0.07216788 | 0.01140572 | 0.05013799 | 0.09102731 | 0.06684775 | 0.07748801
 114 | 0.07398718 | 0.01236051 | 0.04873803 | 0.10374150 | 0.06822170 | 0.07975267
 115 | 0.07542586 | 0.01092373 | 0.05620504 | 0.10152284 | 0.07033055 | 0.08052116
 116 | 0.07835842 | 0.01017397 | 0.05710549 | 0.09306333 | 0.07361284 | 0.08310401
 117 | 0.07807002 | 0.00848357 | 0.05905341 | 0.09398186 | 0.07411291 | 0.08202713
 118 | 0.07769061 | 0.01210502 | 0.04901118 | 0.09463585 | 0.07204429 | 0.08333692
 119 | 0.08451233 | 0.01188471 | 0.06414613 | 0.11287554 | 0.07896878 | 0.09005588
 120 | 0.08547603 | 0.01073006 | 0.06439551 | 0.10747855 | 0.08047106 | 0.09048100
 121 | 0.09040259 | 0.01282663 | 0.05528741 | 0.11115570 | 0.08441969 | 0.09638550
 122 | 0.08367033 | 0.00935541 | 0.06717364 | 0.10492333 | 0.07930656 | 0.08803410
 123 | 0.08927551 | 0.00990040 | 0.07195421 | 0.11468813 | 0.08465753 | 0.09389349
 124 | 0.09800022 | 0.01167584 | 0.07429048 | 0.11941448 | 0.09255409 | 0.10344634
 125 | 0.09035141 | 0.01138904 | 0.07605178 | 0.11076804 | 0.08503906 | 0.09566375
 126 | 0.08834766 | 0.00932402 | 0.07423756 | 0.11160534 | 0.08399853 | 0.09269679
 127 | 0.09827657 | 0.01330651 | 0.07591934 | 0.12451362 | 0.09206983 | 0.10448331
 128 | 0.10131490 | 0.01328457 | 0.07114148 | 0.12672476 | 0.09511840 | 0.10751141
 129 | 0.10331346 | 0.01150357 | 0.08405004 | 0.12423780 | 0.09794770 | 0.10867923
 130 | 0.10128894 | 0.01102272 | 0.07560790 | 0.12190402 | 0.09614746 | 0.10643041
 131 | 0.10446376 | 0.01371982 | 0.07863445 | 0.12739097 | 0.09806423 | 0.11086328
 132 | 0.11057956 | 0.01203877 | 0.08887172 | 0.13170551 | 0.10496415 | 0.11619497
 133 | 0.10653091 | 0.00949446 | 0.09020218 | 0.12926919 | 0.10210228 | 0.11095954
 134 | 0.10581190 | 0.00925221 | 0.08492731 | 0.12545587 | 0.10149626 | 0.11012753
 135 | 0.11289201 | 0.01251099 | 0.09200150 | 0.13264554 | 0.10705634 | 0.11872768
 136 | 0.11239657 | 0.01156538 | 0.08018154 | 0.13331001 | 0.10700197 | 0.11779117
 137 | 0.11527660 | 0.01015241 | 0.09197508 | 0.13122005 | 0.11054107 | 0.12001213
 138 | 0.11580566 | 0.01406945 | 0.08579882 | 0.14414091 | 0.10924306 | 0.12236827
 139 | 0.11805461 | 0.01104364 | 0.09773060 | 0.13933548 | 0.11290338 | 0.12320585
 140 | 0.12379569 | 0.01122075 | 0.09989259 | 0.13814137 | 0.11856184 | 0.12902954
 141 | 0.12430808 | 0.01169984 | 0.10417410 | 0.14656706 | 0.11885076 | 0.12976540
 142 | 0.12144603 | 0.01333995 | 0.09316330 | 0.14275933 | 0.11522370 | 0.12766837
 143 | 0.13456833 | 0.01061780 | 0.11994563 | 0.15749129 | 0.12961572 | 0.13952094
 144 | 0.13070129 | 0.00999469 | 0.10694995 | 0.15030467 | 0.12603933 | 0.13536326
 145 | 0.13065810 | 0.01041741 | 0.11072056 | 0.14827586 | 0.12579897 | 0.13551724
 146 | 0.12509342 | 0.00911726 | 0.11060712 | 0.14675052 | 0.12084073 | 0.12934611
 147 | 0.13223479 | 0.01258969 | 0.10884589 | 0.15968133 | 0.12636240 | 0.13810717
 148 | 0.13273488 | 0.01330690 | 0.09292184 | 0.15384615 | 0.12652796 | 0.13894180
 149 | 0.14299724 | 0.01148277 | 0.11627119 | 0.15901639 | 0.13764117 | 0.14835330
 150 | 0.14173573 | 0.01292049 | 0.11852861 | 0.17272435 | 0.13570905 | 0.14776241
 151 | 0.13831913 | 0.01256314 | 0.11422778 | 0.15968327 | 0.13245913 | 0.14417913
 152 | 0.14058890 | 0.01277907 | 0.11377038 | 0.17482971 | 0.13462818 | 0.14654961
 153 | 0.14891374 | 0.01082887 | 0.12083474 | 0.16444444 | 0.14386268 | 0.15396480
 154 | 0.15121482 | 0.01160083 | 0.13009455 | 0.16922574 | 0.14580369 | 0.15662596
 155 | 0.14502161 | 0.01480234 | 0.11924756 | 0.17624882 | 0.13811715 | 0.15192607
 156 | 0.14690991 | 0.01385143 | 0.11735700 | 0.17042526 | 0.14044900 | 0.15337082
 157 | 0.15760149 | 0.01339356 | 0.12891527 | 0.18032787 | 0.15135415 | 0.16384883
 158 | 0.15380957 | 0.01134167 | 0.13919179 | 0.17825421 | 0.14851932 | 0.15909982
 159 | 0.15029062 | 0.01485101 | 0.11264368 | 0.17239245 | 0.14336346 | 0.15721778
 160 | 0.16202926 | 0.01618153 | 0.13855422 | 0.20940550 | 0.15448148 | 0.16957703
 161 | 0.15825926 | 0.01455087 | 0.12519562 | 0.19220549 | 0.15147209 | 0.16504642
 162 | 0.15960196 | 0.01117861 | 0.13482448 | 0.17952659 | 0.15438777 | 0.16481615
 163 | 0.16730428 | 0.01514426 | 0.13227513 | 0.19410898 | 0.16024033 | 0.17436822
 164 | 0.16078017 | 0.01349759 | 0.13849984 | 0.19123867 | 0.15448430 | 0.16707603
 165 | 0.17115373 | 0.01506495 | 0.15003007 | 0.20527251 | 0.16412678 | 0.17818069
 166 | 0.16872185 | 0.01456983 | 0.13765060 | 0.19382864 | 0.16192584 | 0.17551786
 167 | 0.16717346 | 0.01444687 | 0.14529394 | 0.19590306 | 0.16043480 | 0.17391211
 168 | 0.17187478 | 0.01262008 | 0.14172266 | 0.19669714 | 0.16598822 | 0.17776134
 169 | 0.17138980 | 0.01529957 | 0.14277180 | 0.19717896 | 0.16425341 | 0.17852619
 170 | 0.17220489 | 0.01420988 | 0.15440290 | 0.20106712 | 0.16557678 | 0.17883300
 171 | 0.18123939 | 0.01500600 | 0.15086983 | 0.20593269 | 0.17423993 | 0.18823884
 172 | 0.18409431 | 0.00860345 | 0.16637220 | 0.20379965 | 0.18008128 | 0.18810733
 173 | 0.17438456 | 0.01413264 | 0.15298733 | 0.21022401 | 0.16779248 | 0.18097664
 174 | 0.18187131 | 0.01247659 | 0.14976959 | 0.20782535 | 0.17605168 | 0.18769094
 175 | 0.18359091 | 0.01417593 | 0.15812721 | 0.21823204 | 0.17697863 | 0.19020318
 176 | 0.18620916 | 0.01075125 | 0.17086434 | 0.21046676 | 0.18119431 | 0.19122401
 177 | 0.18826210 | 0.01330138 | 0.16700143 | 0.21728188 | 0.18205776 | 0.19446645
 178 | 0.18729728 | 0.01134482 | 0.16442665 | 0.21331445 | 0.18200556 | 0.19258900
 179 | 0.19206244 | 0.01196502 | 0.17099749 | 0.21436464 | 0.18648143 | 0.19764345
 180 | 0.18804706 | 0.01199445 | 0.16269611 | 0.21243942 | 0.18245232 | 0.19364179
 181 | 0.19498999 | 0.00869658 | 0.18272425 | 0.21181844 | 0.19093352 | 0.19904645
 182 | 0.19615782 | 0.00928791 | 0.16932271 | 0.21152770 | 0.19182553 | 0.20049011
 183 | 0.19678548 | 0.01496312 | 0.16873589 | 0.22397645 | 0.18980602 | 0.20376493
 184 | 0.19749975 | 0.01194547 | 0.17215402 | 0.22237723 | 0.19192785 | 0.20307164
 185 | 0.19619951 | 0.01460157 | 0.17394935 | 0.23336028 | 0.18938870 | 0.20301032
 186 | 0.20347962 | 0.01317045 | 0.17934196 | 0.22902796 | 0.19733634 | 0.20962289
 187 | 0.20164612 | 0.01392631 | 0.16980088 | 0.23091052 | 0.19515027 | 0.20814196
 188 | 0.20675537 | 0.01457302 | 0.17385552 | 0.22788412 | 0.19995787 | 0.21355286
 189 | 0.20537461 | 0.01340489 | 0.18066873 | 0.22929109 | 0.19912199 | 0.21162724
 190 | 0.21318138 | 0.01153020 | 0.18701782 | 0.23254579 | 0.20780319 | 0.21855957
 191 | 0.20843394 | 0.01224858 | 0.18382749 | 0.23986126 | 0.20272067 | 0.21414721
 192 | 0.21417238 | 0.01753699 | 0.17961682 | 0.25264750 | 0.20599236 | 0.22235240
 193 | 0.21643071 | 0.01340554 | 0.18473571 | 0.23615761 | 0.21017778 | 0.22268364
 194 | 0.21680577 | 0.01069131 | 0.19268850 | 0.23340143 | 0.21181887 | 0.22179266
 195 | 0.21713734 | 0.01209392 | 0.19062500 | 0.24023791 | 0.21149621 | 0.22277848
 196 | 0.22501720 | 0.01473757 | 0.19542620 | 0.24987581 | 0.21814295 | 0.23189145
 197 | 0.22603895 | 0.01552204 | 0.18387440 | 0.26063168 | 0.21879879 | 0.23327910
 198 | 0.22644348 | 0.01256073 | 0.20478250 | 0.24811273 | 0.22058460 | 0.23230235
 199 | 0.22489224 | 0.01311847 | 0.19354839 | 0.24145617 | 0.21877321 | 0.23101127
 200 | 0.22588605 | 0.01101056 | 0.20149813 | 0.25000000 | 0.22075024 | 0.23102186
