# MÉDIAS E ESTATÍSTICAS
# Requisição 3: [5,10]
# Modo: CONJUNTO
# ============================================================
# Load | Média | DesvioPadrão | Mínimo | Máximo | IC 95% (inferior) | IC 95% (superior)
# ============================================================
   1 | 0.00000000 | 0.00000000 | 0.00000000 | 0.00000000 | 0.00000000 | 0.00000000
   2 | 0.00000000 | 0.00000000 | 0.00000000 | 0.00000000 | 0.00000000 | 0.00000000
   3 | 0.00000000 | 0.00000000 | 0.00000000 | 0.00000000 | 0.00000000 | 0.00000000
   4 | 0.00000000 | 0.00000000 | 0.00000000 | 0.00000000 | 0.00000000 | 0.00000000
   5 | 0.00000000 | 0.00000000 | 0.00000000 | 0.00000000 | 0.00000000 | 0.00000000
   6 | 0.00000000 | 0.00000000 | 0.00000000 | 0.00000000 | 0.00000000 | 0.00000000
   7 | 0.00000000 | 0.00000000 | 0.00000000 | 0.00000000 | 0.00000000 | 0.00000000
   8 | 0.00000000 | 0.00000000 | 0.00000000 | 0.00000000 | 0.00000000 | 0.00000000
   9 | 0.00000000 | 0.00000000 | 0.00000000 | 0.00000000 | 0.00000000 | 0.00000000
  10 | 0.00000000 | 0.00000000 | 0.00000000 | 0.00000000 | 0.00000000 | 0.00000000
  11 | 0.00000000 | 0.00000000 | 0.00000000 | 0.00000000 | 0.00000000 | 0.00000000
  12 | 0.00000000 | 0.00000000 | 0.00000000 | 0.00000000 | 0.00000000 | 0.00000000
  13 | 0.00000000 | 0.00000000 | 0.00000000 | 0.00000000 | 0.00000000 | 0.00000000
  14 | 0.00000000 | 0.00000000 | 0.00000000 | 0.00000000 | 0.00000000 | 0.00000000
  15 | 0.00000000 | 0.00000000 | 0.00000000 | 0.00000000 | 0.00000000 | 0.00000000
  16 | 0.00000000 | 0.00000000 | 0.00000000 | 0.00000000 | 0.00000000 | 0.00000000
  17 | 0.00000000 | 0.00000000 | 0.00000000 | 0.00000000 | 0.00000000 | 0.00000000
  18 | 0.00000000 | 0.00000000 | 0.00000000 | 0.00000000 | 0.00000000 | 0.00000000
  19 | 0.00000000 | 0.00000000 | 0.00000000 | 0.00000000 | 0.00000000 | 0.00000000
  20 | 0.00000000 | 0.00000000 | 0.00000000 | 0.00000000 | 0.00000000 | 0.00000000
  21 | 0.00000000 | 0.00000000 | 0.00000000 | 0.00000000 | 0.00000000 | 0.00000000
  22 | 0.00000000 | 0.00000000 | 0.00000000 | 0.00000000 | 0.00000000 | 0.00000000
  23 | 0.00000000 | 0.00000000 | 0.00000000 | 0.00000000 | 0.00000000 | 0.00000000
  24 | 0.00000000 | 0.00000000 | 0.00000000 | 0.00000000 | 0.00000000 | 0.00000000
  25 | 0.00000000 | 0.00000000 | 0.00000000 | 0.00000000 | 0.00000000 | 0.00000000
  26 | 0.00000000 | 0.00000000 | 0.00000000 | 0.00000000 | 0.00000000 | 0.00000000
  27 | 0.00000000 | 0.00000000 | 0.00000000 | 0.00000000 | 0.00000000 | 0.00000000
  28 | 0.00000000 | 0.00000000 | 0.00000000 | 0.00000000 | 0.00000000 | 0.00000000
  29 | 0.00000000 | 0.00000000 | 0.00000000 | 0.00000000 | 0.00000000 | 0.00000000
  30 | 0.00000000 | 0.00000000 | 0.00000000 | 0.00000000 | 0.00000000 | 0.00000000
  31 | 0.00000000 | 0.00000000 | 0.00000000 | 0.00000000 | 0.00000000 | 0.00000000
  32 | 0.00000000 | 0.00000000 | 0.00000000 | 0.00000000 | 0.00000000 | 0.00000000
  33 | 0.00000000 | 0.00000000 | 0.00000000 | 0.00000000 | 0.00000000 | 0.00000000
  34 | 0.00000000 | 0.00000000 | 0.00000000 | 0.00000000 | 0.00000000 | 0.00000000
  35 | 0.00000000 | 0.00000000 | 0.00000000 | 0.00000000 | 0.00000000 | 0.00000000
  36 | 0.00000000 | 0.00000000 | 0.00000000 | 0.00000000 | 0.00000000 | 0.00000000
  37 | 0.00000000 | 0.00000000 | 0.00000000 | 0.00000000 | 0.00000000 | 0.00000000
  38 | 0.00000000 | 0.00000000 | 0.00000000 | 0.00000000 | 0.00000000 | 0.00000000
  39 | 0.00000000 | 0.00000000 | 0.00000000 | 0.00000000 | 0.00000000 | 0.00000000
  40 | 0.00000000 | 0.00000000 | 0.00000000 | 0.00000000 | 0.00000000 | 0.00000000
  41 | 0.00000000 | 0.00000000 | 0.00000000 | 0.00000000 | 0.00000000 | 0.00000000
  42 | 0.00000000 | 0.00000000 | 0.00000000 | 0.00000000 | 0.00000000 | 0.00000000
  43 | 0.00000000 | 0.00000000 | 0.00000000 | 0.00000000 | 0.00000000 | 0.00000000
  44 | 0.00000000 | 0.00000000 | 0.00000000 | 0.00000000 | 0.00000000 | 0.00000000
  45 | 0.00000000 | 0.00000000 | 0.00000000 | 0.00000000 | 0.00000000 | 0.00000000
  46 | 0.00000000 | 0.00000000 | 0.00000000 | 0.00000000 | 0.00000000 | 0.00000000
  47 | 0.00000000 | 0.00000000 | 0.00000000 | 0.00000000 | 0.00000000 | 0.00000000
  48 | 0.00000000 | 0.00000000 | 0.00000000 | 0.00000000 | 0.00000000 | 0.00000000
  49 | 0.00000000 | 0.00000000 | 0.00000000 | 0.00000000 | 0.00000000 | 0.00000000
  50 | 0.00000000 | 0.00000000 | 0.00000000 | 0.00000000 | 0.00000000 | 0.00000000
  51 | 0.00000000 | 0.00000000 | 0.00000000 | 0.00000000 | 0.00000000 | 0.00000000
  52 | 0.00033754 | 0.00127607 | 0.00000000 | 0.00583090 | -0.00025767 | 0.00093276
  53 | 0.00000000 | 0.00000000 | 0.00000000 | 0.00000000 | 0.00000000 | 0.00000000
  54 | 0.00004456 | 0.00019425 | 0.00000000 | 0.00089127 | -0.00004604 | 0.00013517
  55 | 0.00004660 | 0.00020312 | 0.00000000 | 0.00093197 | -0.00004814 | 0.00014134
  56 | 0.00018315 | 0.00079833 | 0.00000000 | 0.00366300 | -0.00018923 | 0.00055553
  57 | 0.00021833 | 0.00060656 | 0.00000000 | 0.00259740 | -0.00006459 | 0.00050126
  58 | 0.00047429 | 0.00074350 | 0.00000000 | 0.00260417 | 0.00012749 | 0.00082109
  59 | 0.00074825 | 0.00117773 | 0.00000000 | 0.00429185 | 0.00019891 | 0.00129760
  60 | 0.00032768 | 0.00064806 | 0.00000000 | 0.00239044 | 0.00002540 | 0.00062996
  61 | 0.00064414 | 0.00115772 | 0.00000000 | 0.00484262 | 0.00010413 | 0.00118415
  62 | 0.00123978 | 0.00179543 | 0.00000000 | 0.00644122 | 0.00040231 | 0.00207725
  63 | 0.00194499 | 0.00222681 | 0.00000000 | 0.00697674 | 0.00090631 | 0.00298368
  64 | 0.00173115 | 0.00166150 | 0.00000000 | 0.00628437 | 0.00095615 | 0.00250614
  65 | 0.00206459 | 0.00207041 | 0.00000000 | 0.00755858 | 0.00109886 | 0.00303032
  66 | 0.00347706 | 0.00262317 | 0.00000000 | 0.01144165 | 0.00225350 | 0.00470063
  67 | 0.00351221 | 0.00299139 | 0.00000000 | 0.01191310 | 0.00211690 | 0.00490753
  68 | 0.00425807 | 0.00299989 | 0.00072150 | 0.01212553 | 0.00285879 | 0.00565735
  69 | 0.00528739 | 0.00295122 | 0.00000000 | 0.01095140 | 0.00391081 | 0.00666396
  70 | 0.00655402 | 0.00335864 | 0.00072674 | 0.01281139 | 0.00498740 | 0.00812064
  71 | 0.00705084 | 0.00261280 | 0.00072833 | 0.01278409 | 0.00583212 | 0.00826957
  72 | 0.00877843 | 0.00353449 | 0.00220103 | 0.01823282 | 0.00712979 | 0.01042707
  73 | 0.01066678 | 0.00654042 | 0.00000000 | 0.02826380 | 0.00761604 | 0.01371752
  74 | 0.01292701 | 0.00501612 | 0.00553250 | 0.02173913 | 0.01058727 | 0.01526674
  75 | 0.01318188 | 0.00521856 | 0.00283688 | 0.02173913 | 0.01074771 | 0.01561604
  76 | 0.01537277 | 0.00637870 | 0.00542373 | 0.03393214 | 0.01239747 | 0.01834808
  77 | 0.01819930 | 0.00601052 | 0.00735294 | 0.03205128 | 0.01539573 | 0.02100287
  78 | 0.02114370 | 0.00772091 | 0.00657030 | 0.03553922 | 0.01754233 | 0.02474507
  79 | 0.02410204 | 0.00718324 | 0.00853018 | 0.03698980 | 0.02075146 | 0.02745262
  80 | 0.02546154 | 0.00770673 | 0.01282874 | 0.03917910 | 0.02186678 | 0.02905630
  81 | 0.02738936 | 0.00699824 | 0.01843884 | 0.04379124 | 0.02412507 | 0.03065364
  82 | 0.03239051 | 0.00744007 | 0.01773274 | 0.04573548 | 0.02892014 | 0.03586088
  83 | 0.03625714 | 0.00912718 | 0.02093909 | 0.05648038 | 0.03199982 | 0.04051445
  84 | 0.04072656 | 0.01157271 | 0.02356495 | 0.07040641 | 0.03532854 | 0.04612458
  85 | 0.04368934 | 0.01259953 | 0.02591923 | 0.07312925 | 0.03781237 | 0.04956632
  86 | 0.04564575 | 0.01015355 | 0.03154762 | 0.07179782 | 0.04090969 | 0.05038181
  87 | 0.05216777 | 0.01030013 | 0.03039158 | 0.07122177 | 0.04736334 | 0.05697220
  88 | 0.05443421 | 0.01254958 | 0.03456496 | 0.08024691 | 0.04858053 | 0.06028788
  89 | 0.05907310 | 0.01008878 | 0.03960964 | 0.08688147 | 0.05436725 | 0.06377895
  90 | 0.06284111 | 0.01128594 | 0.04241720 | 0.08458542 | 0.05757685 | 0.06810537
  91 | 0.07433995 | 0.00802182 | 0.05853120 | 0.08691099 | 0.07059822 | 0.07808168
  92 | 0.07209699 | 0.00954552 | 0.05417358 | 0.09121061 | 0.06764454 | 0.07654944
  93 | 0.07416847 | 0.01108299 | 0.05522143 | 0.09483218 | 0.06899888 | 0.07933806
  94 | 0.08751147 | 0.00900406 | 0.07656732 | 0.10020986 | 0.08331158 | 0.09171135
  95 | 0.08674700 | 0.00921496 | 0.07041485 | 0.10465699 | 0.08244874 | 0.09104526
  96 | 0.09413075 | 0.01219102 | 0.07601713 | 0.11857506 | 0.08844432 | 0.09981717
  97 | 0.09426575 | 0.01381116 | 0.07267905 | 0.12844037 | 0.08782362 | 0.10070788
  98 | 0.10483680 | 0.01390333 | 0.07393812 | 0.13738857 | 0.09835167 | 0.11132192
  99 | 0.10668277 | 0.01163984 | 0.08584568 | 0.12748016 | 0.10125344 | 0.11211210
 100 | 0.11204681 | 0.01495880 | 0.09001476 | 0.15022091 | 0.10506937 | 0.11902425
 101 | 0.11741825 | 0.00981596 | 0.09720837 | 0.13598429 | 0.11283966 | 0.12199685
 102 | 0.12109526 | 0.01167534 | 0.10454985 | 0.14292683 | 0.11564937 | 0.12654115
 103 | 0.12943078 | 0.01409473 | 0.09483615 | 0.15512195 | 0.12285638 | 0.13600518
 104 | 0.13799455 | 0.02017866 | 0.09880834 | 0.17629917 | 0.12858234 | 0.14740677
 105 | 0.13868962 | 0.01480910 | 0.10964268 | 0.16852841 | 0.13178201 | 0.14559724
 106 | 0.14335279 | 0.01335542 | 0.12607450 | 0.17434211 | 0.13712323 | 0.14958234
 107 | 0.15555966 | 0.01254238 | 0.13155386 | 0.18143852 | 0.14970935 | 0.16140997
 108 | 0.16042479 | 0.01718954 | 0.12582781 | 0.18410233 | 0.15240684 | 0.16844275
 109 | 0.16765117 | 0.01518621 | 0.13744741 | 0.20728929 | 0.16056765 | 0.17473468
 110 | 0.16640795 | 0.01661030 | 0.12973961 | 0.19919964 | 0.15866018 | 0.17415572
 111 | 0.17153969 | 0.01590856 | 0.13977011 | 0.20601045 | 0.16411925 | 0.17896014
 112 | 0.17649214 | 0.01268120 | 0.15212528 | 0.20424059 | 0.17057707 | 0.18240721
 113 | 0.18453770 | 0.01330563 | 0.16111851 | 0.20947099 | 0.17833137 | 0.19074403
 114 | 0.19031290 | 0.01220432 | 0.17181383 | 0.21346887 | 0.18462027 | 0.19600553
 115 | 0.19364806 | 0.01537230 | 0.16365240 | 0.23653598 | 0.18647775 | 0.20081838
 116 | 0.20030520 | 0.01130968 | 0.18242640 | 0.23172829 | 0.19502987 | 0.20558053
 117 | 0.20742975 | 0.01492394 | 0.17404255 | 0.23477530 | 0.20046857 | 0.21439093
 118 | 0.20727112 | 0.01231545 | 0.18515358 | 0.22870939 | 0.20152665 | 0.21301559
 119 | 0.21621956 | 0.01781967 | 0.18747262 | 0.24390244 | 0.20790769 | 0.22453143
 120 | 0.22149147 | 0.01430832 | 0.18425532 | 0.24424342 | 0.21481745 | 0.22816550
 121 | 0.23321231 | 0.01183084 | 0.21726559 | 0.26142743 | 0.22769389 | 0.23873073
 122 | 0.22668567 | 0.01467048 | 0.19421824 | 0.25299282 | 0.21984272 | 0.23352863
 123 | 0.23044432 | 0.01454904 | 0.20291060 | 0.25485337 | 0.22365801 | 0.23723063
 124 | 0.23902880 | 0.01524784 | 0.20599251 | 0.26650943 | 0.23191654 | 0.24614105
 125 | 0.24147476 | 0.01426987 | 0.21080858 | 0.26599064 | 0.23481867 | 0.24813085
 126 | 0.24908877 | 0.01542405 | 0.22924901 | 0.28829507 | 0.24189432 | 0.25628322
 127 | 0.25439623 | 0.01474096 | 0.22954726 | 0.29020842 | 0.24752040 | 0.26127206
 128 | 0.25997492 | 0.01605177 | 0.23400936 | 0.30581761 | 0.25248767 | 0.26746216
 129 | 0.26247689 | 0.01030790 | 0.24383453 | 0.28171642 | 0.25766883 | 0.26728495
 130 | 0.26457777 | 0.01522673 | 0.23510723 | 0.28917982 | 0.25747535 | 0.27168018
 131 | 0.27341257 | 0.01243586 | 0.25132075 | 0.29558114 | 0.26761194 | 0.27921320
 132 | 0.27867095 | 0.00794581 | 0.25798165 | 0.29134467 | 0.27496468 | 0.28237723
 133 | 0.28590814 | 0.01355783 | 0.26637897 | 0.31803279 | 0.27958417 | 0.29223211
 134 | 0.29336797 | 0.01506874 | 0.26597780 | 0.32632370 | 0.28633925 | 0.30039669
 135 | 0.29101046 | 0.01751332 | 0.25493171 | 0.32618026 | 0.28284148 | 0.29917944
 136 | 0.29433083 | 0.01766708 | 0.26747720 | 0.32258065 | 0.28609013 | 0.30257153
 137 | 0.30614286 | 0.01197396 | 0.28571429 | 0.33367983 | 0.30055769 | 0.31172804
 138 | 0.30754697 | 0.01408142 | 0.28243143 | 0.33044420 | 0.30097878 | 0.31411516
 139 | 0.30519344 | 0.01524497 | 0.27289513 | 0.33565702 | 0.29808251 | 0.31230436
 140 | 0.31690790 | 0.01654743 | 0.29517639 | 0.35195531 | 0.30918946 | 0.32462634
 141 | 0.32507778 | 0.01467637 | 0.29429098 | 0.35026455 | 0.31823208 | 0.33192348
 142 | 0.32611871 | 0.01410864 | 0.29465260 | 0.35699659 | 0.31953782 | 0.33269960
 143 | 0.32739649 | 0.01202919 | 0.30464955 | 0.35312831 | 0.32178555 | 0.33300743
 144 | 0.32717963 | 0.01284888 | 0.30020848 | 0.34832238 | 0.32118635 | 0.33317291
 145 | 0.34070969 | 0.01254830 | 0.32026371 | 0.36136524 | 0.33485661 | 0.34656276
 146 | 0.33932751 | 0.01370243 | 0.31117299 | 0.36212071 | 0.33293610 | 0.34571893
 147 | 0.34085033 | 0.01071399 | 0.32239513 | 0.36348352 | 0.33585286 | 0.34584781
 148 | 0.35177190 | 0.01507893 | 0.32175689 | 0.37466844 | 0.34473842 | 0.35880537
 149 | 0.34611422 | 0.01183808 | 0.31564718 | 0.36696005 | 0.34059242 | 0.35163602
 150 | 0.35622028 | 0.01677715 | 0.32084309 | 0.38734777 | 0.34839468 | 0.36404587
 151 | 0.36074661 | 0.00973438 | 0.33943089 | 0.37622469 | 0.35620607 | 0.36528715
 152 | 0.35856122 | 0.01090717 | 0.33974359 | 0.38071895 | 0.35347363 | 0.36364880
 153 | 0.36799749 | 0.01450550 | 0.34953029 | 0.40236497 | 0.36123150 | 0.37476349
 154 | 0.37120003 | 0.01463122 | 0.34732699 | 0.39974375 | 0.36437538 | 0.37802467
 155 | 0.37199970 | 0.01191744 | 0.33691057 | 0.39242132 | 0.36644089 | 0.37755852
 156 | 0.37764392 | 0.01319486 | 0.35088304 | 0.39993736 | 0.37148927 | 0.38379858
 157 | 0.38738872 | 0.01260314 | 0.36096606 | 0.40562379 | 0.38151007 | 0.39326738
 158 | 0.38614052 | 0.01062469 | 0.35729916 | 0.41013682 | 0.38118470 | 0.39109635
 159 | 0.38996098 | 0.01077705 | 0.37197612 | 0.41327300 | 0.38493409 | 0.39498787
 160 | 0.39032796 | 0.01240790 | 0.36372454 | 0.41630231 | 0.38454037 | 0.39611554
 161 | 0.39911746 | 0.01293452 | 0.37068424 | 0.42417972 | 0.39308423 | 0.40515068
 162 | 0.39608732 | 0.01095992 | 0.38274268 | 0.41713748 | 0.39097514 | 0.40119951
 163 | 0.40028911 | 0.01271445 | 0.37668021 | 0.42264608 | 0.39435853 | 0.40621968
 164 | 0.40733695 | 0.00930932 | 0.39106145 | 0.42914356 | 0.40299468 | 0.41167923
 165 | 0.41034040 | 0.01216206 | 0.38033512 | 0.43050015 | 0.40466749 | 0.41601332
 166 | 0.41335794 | 0.01202504 | 0.38032485 | 0.43270665 | 0.40774894 | 0.41896695
 167 | 0.42058900 | 0.01313604 | 0.39866505 | 0.44016965 | 0.41446178 | 0.42671622
 168 | 0.41354978 | 0.00776128 | 0.39489137 | 0.42692648 | 0.40992958 | 0.41716998
 169 | 0.42486006 | 0.01041300 | 0.39928058 | 0.44134560 | 0.42000298 | 0.42971714
 170 | 0.42833456 | 0.01295026 | 0.40611480 | 0.44906997 | 0.42229399 | 0.43437513
 171 | 0.42883044 | 0.01303492 | 0.40364277 | 0.46422438 | 0.42275038 | 0.43491049
 172 | 0.43243755 | 0.01111416 | 0.40822785 | 0.45081490 | 0.42725342 | 0.43762168
 173 | 0.43615743 | 0.01147834 | 0.41364039 | 0.45723043 | 0.43080343 | 0.44151143
 174 | 0.43309432 | 0.01245330 | 0.40887713 | 0.45520441 | 0.42728555 | 0.43890308
 175 | 0.43920552 | 0.01009545 | 0.42041522 | 0.46097362 | 0.43449656 | 0.44391448
 176 | 0.44136636 | 0.00964131 | 0.42040932 | 0.45654032 | 0.43686923 | 0.44586349
 177 | 0.44729530 | 0.01260391 | 0.42013498 | 0.46718576 | 0.44141629 | 0.45317431
 178 | 0.45320506 | 0.01214352 | 0.42386364 | 0.47221454 | 0.44754079 | 0.45886933
 179 | 0.44988956 | 0.01260309 | 0.41745622 | 0.46991560 | 0.44401093 | 0.45576820
 180 | 0.45384097 | 0.01336507 | 0.42338822 | 0.47324550 | 0.44760692 | 0.46007502
 181 | 0.45749145 | 0.01149458 | 0.43760684 | 0.48306936 | 0.45212988 | 0.46285303
 182 | 0.46268164 | 0.00910081 | 0.44934413 | 0.48259669 | 0.45843662 | 0.46692666
 183 | 0.46208393 | 0.01194288 | 0.43179939 | 0.47726661 | 0.45651325 | 0.46765461
 184 | 0.47352374 | 0.00666474 | 0.46176871 | 0.48373760 | 0.47041502 | 0.47663247
 185 | 0.47226264 | 0.01364896 | 0.45069653 | 0.50590446 | 0.46589617 | 0.47862911
 186 | 0.46832270 | 0.01170956 | 0.44468665 | 0.48761202 | 0.46286085 | 0.47378455
 187 | 0.47562082 | 0.01136011 | 0.44105523 | 0.49295400 | 0.47032197 | 0.48091967
 188 | 0.48116899 | 0.01010388 | 0.46244320 | 0.50735491 | 0.47645610 | 0.48588189
 189 | 0.47729311 | 0.01149764 | 0.44742432 | 0.49371490 | 0.47193010 | 0.48265611
 190 | 0.48793908 | 0.01166816 | 0.46478122 | 0.50850563 | 0.48249654 | 0.49338162
 191 | 0.48477355 | 0.01060109 | 0.46489104 | 0.50143043 | 0.47982874 | 0.48971836
 192 | 0.48988335 | 0.01045177 | 0.47216994 | 0.51210898 | 0.48500819 | 0.49475852
 193 | 0.49134447 | 0.00994778 | 0.46872546 | 0.50713730 | 0.48670439 | 0.49598455
 194 | 0.49414039 | 0.01009884 | 0.47089397 | 0.51244547 | 0.48942984 | 0.49885093
 195 | 0.49405475 | 0.00988669 | 0.48060235 | 0.52039236 | 0.48944316 | 0.49866633
 196 | 0.49903483 | 0.00954182 | 0.46817830 | 0.51228250 | 0.49458411 | 0.50348556
 197 | 0.50595280 | 0.00929006 | 0.48389590 | 0.52581121 | 0.50161951 | 0.51028609
 198 | 0.50202187 | 0.01059517 | 0.48076433 | 0.52476704 | 0.49707981 | 0.50696392
 199 | 0.50335472 | 0.01253144 | 0.48215604 | 0.52757262 | 0.49750950 | 0.50919993
 200 | 0.51243931 | 0.00824700 | 0.49615861 | 0.52658100 | 0.50859255 | 0.51628607
