# MÉDIAS E ESTATÍSTICAS
# Requisição 4: [4,11]
# Modo: CONJUNTO
# ============================================================
# Load | Média | DesvioPadrão | Mínimo | Máximo | IC 95% (inferior) | IC 95% (superior)
# ============================================================
   1 | 0.00000000 | 0.00000000 | 0.00000000 | 0.00000000 | 0.00000000 | 0.00000000
   2 | 0.00000000 | 0.00000000 | 0.00000000 | 0.00000000 | 0.00000000 | 0.00000000
   3 | 0.00000000 | 0.00000000 | 0.00000000 | 0.00000000 | 0.00000000 | 0.00000000
   4 | 0.00000000 | 0.00000000 | 0.00000000 | 0.00000000 | 0.00000000 | 0.00000000
   5 | 0.00000000 | 0.00000000 | 0.00000000 | 0.00000000 | 0.00000000 | 0.00000000
   6 | 0.00000000 | 0.00000000 | 0.00000000 | 0.00000000 | 0.00000000 | 0.00000000
   7 | 0.00000000 | 0.00000000 | 0.00000000 | 0.00000000 | 0.00000000 | 0.00000000
   8 | 0.00000000 | 0.00000000 | 0.00000000 | 0.00000000 | 0.00000000 | 0.00000000
   9 | 0.00000000 | 0.00000000 | 0.00000000 | 0.00000000 | 0.00000000 | 0.00000000
  10 | 0.00000000 | 0.00000000 | 0.00000000 | 0.00000000 | 0.00000000 | 0.00000000
  11 | 0.00000000 | 0.00000000 | 0.00000000 | 0.00000000 | 0.00000000 | 0.00000000
  12 | 0.00000000 | 0.00000000 | 0.00000000 | 0.00000000 | 0.00000000 | 0.00000000
  13 | 0.00000000 | 0.00000000 | 0.00000000 | 0.00000000 | 0.00000000 | 0.00000000
  14 | 0.00000000 | 0.00000000 | 0.00000000 | 0.00000000 | 0.00000000 | 0.00000000
  15 | 0.00000000 | 0.00000000 | 0.00000000 | 0.00000000 | 0.00000000 | 0.00000000
  16 | 0.00000000 | 0.00000000 | 0.00000000 | 0.00000000 | 0.00000000 | 0.00000000
  17 | 0.00000000 | 0.00000000 | 0.00000000 | 0.00000000 | 0.00000000 | 0.00000000
  18 | 0.00000000 | 0.00000000 | 0.00000000 | 0.00000000 | 0.00000000 | 0.00000000
  19 | 0.00000000 | 0.00000000 | 0.00000000 | 0.00000000 | 0.00000000 | 0.00000000
  20 | 0.00000000 | 0.00000000 | 0.00000000 | 0.00000000 | 0.00000000 | 0.00000000
  21 | 0.00000000 | 0.00000000 | 0.00000000 | 0.00000000 | 0.00000000 | 0.00000000
  22 | 0.00000000 | 0.00000000 | 0.00000000 | 0.00000000 | 0.00000000 | 0.00000000
  23 | 0.00000000 | 0.00000000 | 0.00000000 | 0.00000000 | 0.00000000 | 0.00000000
  24 | 0.00000000 | 0.00000000 | 0.00000000 | 0.00000000 | 0.00000000 | 0.00000000
  25 | 0.00000000 | 0.00000000 | 0.00000000 | 0.00000000 | 0.00000000 | 0.00000000
  26 | 0.00000000 | 0.00000000 | 0.00000000 | 0.00000000 | 0.00000000 | 0.00000000
  27 | 0.00000000 | 0.00000000 | 0.00000000 | 0.00000000 | 0.00000000 | 0.00000000
  28 | 0.00000000 | 0.00000000 | 0.00000000 | 0.00000000 | 0.00000000 | 0.00000000
  29 | 0.00000000 | 0.00000000 | 0.00000000 | 0.00000000 | 0.00000000 | 0.00000000
  30 | 0.00000000 | 0.00000000 | 0.00000000 | 0.00000000 | 0.00000000 | 0.00000000
  31 | 0.00000000 | 0.00000000 | 0.00000000 | 0.00000000 | 0.00000000 | 0.00000000
  32 | 0.00000000 | 0.00000000 | 0.00000000 | 0.00000000 | 0.00000000 | 0.00000000
  33 | 0.00000000 | 0.00000000 | 0.00000000 | 0.00000000 | 0.00000000 | 0.00000000
  34 | 0.00000000 | 0.00000000 | 0.00000000 | 0.00000000 | 0.00000000 | 0.00000000
  35 | 0.00000000 | 0.00000000 | 0.00000000 | 0.00000000 | 0.00000000 | 0.00000000
  36 | 0.00000000 | 0.00000000 | 0.00000000 | 0.00000000 | 0.00000000 | 0.00000000
  37 | 0.00000000 | 0.00000000 | 0.00000000 | 0.00000000 | 0.00000000 | 0.00000000
  38 | 0.00000000 | 0.00000000 | 0.00000000 | 0.00000000 | 0.00000000 | 0.00000000
  39 | 0.00000000 | 0.00000000 | 0.00000000 | 0.00000000 | 0.00000000 | 0.00000000
  40 | 0.00000000 | 0.00000000 | 0.00000000 | 0.00000000 | 0.00000000 | 0.00000000
  41 | 0.00000000 | 0.00000000 | 0.00000000 | 0.00000000 | 0.00000000 | 0.00000000
  42 | 0.00000000 | 0.00000000 | 0.00000000 | 0.00000000 | 0.00000000 | 0.00000000
  43 | 0.00000000 | 0.00000000 | 0.00000000 | 0.00000000 | 0.00000000 | 0.00000000
  44 | 0.00000000 | 0.00000000 | 0.00000000 | 0.00000000 | 0.00000000 | 0.00000000
  45 | 0.00000000 | 0.00000000 | 0.00000000 | 0.00000000 | 0.00000000 | 0.00000000
  46 | 0.00000000 | 0.00000000 | 0.00000000 | 0.00000000 | 0.00000000 | 0.00000000
  47 | 0.00000000 | 0.00000000 | 0.00000000 | 0.00000000 | 0.00000000 | 0.00000000
  48 | 0.00000000 | 0.00000000 | 0.00000000 | 0.00000000 | 0.00000000 | 0.00000000
  49 | 0.00000000 | 0.00000000 | 0.00000000 | 0.00000000 | 0.00000000 | 0.00000000
  50 | 0.00000000 | 0.00000000 | 0.00000000 | 0.00000000 | 0.00000000 | 0.00000000
  51 | 0.00000000 | 0.00000000 | 0.00000000 | 0.00000000 | 0.00000000 | 0.00000000
  52 | 0.00004704 | 0.00020503 | 0.00000000 | 0.00094073 | -0.00004860 | 0.00014267
  53 | 0.00000000 | 0.00000000 | 0.00000000 | 0.00000000 | 0.00000000 | 0.00000000
  54 | 0.00009315 | 0.00027957 | 0.00000000 | 0.00095877 | -0.00003726 | 0.00022355
  55 | 0.00008929 | 0.00026794 | 0.00000000 | 0.00091241 | -0.00003569 | 0.00021427
  56 | 0.00017951 | 0.00045947 | 0.00000000 | 0.00181324 | -0.00003480 | 0.00039383
  57 | 0.00004464 | 0.00019459 | 0.00000000 | 0.00089286 | -0.00004612 | 0.00013541
  58 | 0.00021082 | 0.00045176 | 0.00000000 | 0.00168209 | 0.00000010 | 0.00042154
  59 | 0.00054415 | 0.00106769 | 0.00000000 | 0.00419111 | 0.00004613 | 0.00104216
  60 | 0.00073569 | 0.00122847 | 0.00000000 | 0.00402576 | 0.00016268 | 0.00130870
  61 | 0.00056730 | 0.00085076 | 0.00000000 | 0.00240577 | 0.00017047 | 0.00096413
  62 | 0.00119043 | 0.00194844 | 0.00000000 | 0.00799361 | 0.00028159 | 0.00209926
  63 | 0.00206294 | 0.00171025 | 0.00000000 | 0.00545596 | 0.00126521 | 0.00286068
  64 | 0.00260965 | 0.00253132 | 0.00000000 | 0.00933126 | 0.00142893 | 0.00379037
  65 | 0.00287634 | 0.00265061 | 0.00000000 | 0.00843558 | 0.00163998 | 0.00411270
  66 | 0.00325193 | 0.00256553 | 0.00000000 | 0.00896496 | 0.00205526 | 0.00444861
  67 | 0.00392802 | 0.00252778 | 0.00000000 | 0.01033210 | 0.00274896 | 0.00510709
  68 | 0.00469936 | 0.00265873 | 0.00000000 | 0.00900901 | 0.00345921 | 0.00593951
  69 | 0.00542560 | 0.00281271 | 0.00142349 | 0.01243094 | 0.00411363 | 0.00673757
  70 | 0.00542418 | 0.00256230 | 0.00073638 | 0.01231884 | 0.00422901 | 0.00661935
  71 | 0.00660597 | 0.00313330 | 0.00218500 | 0.01479915 | 0.00514446 | 0.00806749
  72 | 0.00793188 | 0.00337575 | 0.00212917 | 0.01328671 | 0.00635728 | 0.00950648
  73 | 0.01041735 | 0.00488286 | 0.00000000 | 0.01797176 | 0.00813977 | 0.01269494
  74 | 0.01327675 | 0.00435636 | 0.00635593 | 0.02129075 | 0.01124476 | 0.01530875
  75 | 0.01355547 | 0.00542744 | 0.00410397 | 0.02338009 | 0.01102387 | 0.01608707
  76 | 0.01505659 | 0.00599434 | 0.00618557 | 0.03028351 | 0.01226057 | 0.01785261
  77 | 0.01766312 | 0.00586398 | 0.00848010 | 0.03198032 | 0.01492790 | 0.02039834
  78 | 0.02335674 | 0.00689489 | 0.00869565 | 0.03701340 | 0.02014066 | 0.02657281
  79 | 0.02444390 | 0.00675138 | 0.00998004 | 0.03481013 | 0.02129476 | 0.02759305
  80 | 0.02634096 | 0.00829056 | 0.01050680 | 0.03657781 | 0.02247388 | 0.03020803
  81 | 0.02910359 | 0.00772562 | 0.01459854 | 0.04214329 | 0.02550002 | 0.03270715
  82 | 0.03526216 | 0.00741475 | 0.02201835 | 0.04873535 | 0.03180359 | 0.03872072
  83 | 0.03426342 | 0.00948229 | 0.01331719 | 0.05365566 | 0.02984046 | 0.03868637
  84 | 0.04082335 | 0.00857804 | 0.02501563 | 0.05807623 | 0.03682218 | 0.04482452
  85 | 0.04161339 | 0.00992191 | 0.02043344 | 0.05678060 | 0.03698538 | 0.04624140
  86 | 0.04635561 | 0.01021872 | 0.03152364 | 0.06500290 | 0.04158915 | 0.05112207
  87 | 0.05168090 | 0.00968862 | 0.02994715 | 0.07709131 | 0.04716170 | 0.05620010
  88 | 0.05437808 | 0.01114677 | 0.03335284 | 0.07444444 | 0.04917874 | 0.05957743
  89 | 0.05937503 | 0.01201961 | 0.03146067 | 0.08483563 | 0.05376856 | 0.06498151
  90 | 0.06313838 | 0.01016378 | 0.04340278 | 0.08871851 | 0.05839755 | 0.06787921
  91 | 0.07164255 | 0.01064335 | 0.05770249 | 0.09555556 | 0.06667803 | 0.07660708
  92 | 0.07164526 | 0.00936567 | 0.05428571 | 0.09070918 | 0.06727670 | 0.07601382
  93 | 0.07791510 | 0.01363194 | 0.05813333 | 0.09913132 | 0.07155657 | 0.08427363
  94 | 0.08690497 | 0.00924111 | 0.07518402 | 0.11548696 | 0.08259451 | 0.09121543
  95 | 0.08879173 | 0.01025935 | 0.07108753 | 0.11648936 | 0.08400632 | 0.09357714
  96 | 0.09540240 | 0.01189430 | 0.07366771 | 0.12715299 | 0.08985437 | 0.10095042
  97 | 0.09421366 | 0.00823170 | 0.07898813 | 0.11827957 | 0.09037404 | 0.09805329
  98 | 0.10388490 | 0.01546350 | 0.07529055 | 0.12674651 | 0.09667204 | 0.11109775
  99 | 0.10789477 | 0.01091845 | 0.08946015 | 0.12660099 | 0.10280192 | 0.11298761
 100 | 0.11539872 | 0.01590909 | 0.09354677 | 0.15498519 | 0.10797803 | 0.12281942
 101 | 0.11942786 | 0.01111917 | 0.10188867 | 0.13801694 | 0.11424139 | 0.12461433
 102 | 0.12041068 | 0.01071456 | 0.10247525 | 0.14544564 | 0.11541294 | 0.12540842
 103 | 0.13030249 | 0.01252756 | 0.10393542 | 0.15565345 | 0.12445909 | 0.13614590
 104 | 0.13590211 | 0.01809468 | 0.10819165 | 0.17911833 | 0.12746196 | 0.14434226
 105 | 0.13800188 | 0.01212692 | 0.11245174 | 0.15828678 | 0.13234536 | 0.14365841
 106 | 0.15060833 | 0.01487173 | 0.12948594 | 0.17217310 | 0.14367151 | 0.15754516
 107 | 0.15393262 | 0.01306923 | 0.13035113 | 0.17988930 | 0.14783656 | 0.16002868
 108 | 0.15608867 | 0.01839642 | 0.11185150 | 0.18561798 | 0.14750778 | 0.16466956
 109 | 0.16698098 | 0.01483861 | 0.14023831 | 0.20273852 | 0.16005960 | 0.17390235
 110 | 0.16613734 | 0.01625347 | 0.12787489 | 0.18898343 | 0.15855601 | 0.17371867
 111 | 0.17583988 | 0.01637527 | 0.14070129 | 0.20181504 | 0.16820174 | 0.18347803
 112 | 0.17999053 | 0.01255157 | 0.15671642 | 0.21080840 | 0.17413593 | 0.18584513
 113 | 0.18331551 | 0.01344304 | 0.15601912 | 0.20444243 | 0.17704509 | 0.18958594
 114 | 0.19286416 | 0.01174219 | 0.17391304 | 0.21394951 | 0.18738709 | 0.19834123
 115 | 0.19339144 | 0.01394279 | 0.17598253 | 0.23602219 | 0.18688792 | 0.19989497
 116 | 0.19984259 | 0.01395509 | 0.17070064 | 0.22655919 | 0.19333333 | 0.20635185
 117 | 0.20624246 | 0.01470114 | 0.17890110 | 0.23613445 | 0.19938520 | 0.21309971
 118 | 0.20284704 | 0.01057344 | 0.18851064 | 0.22827004 | 0.19791512 | 0.20777895
 119 | 0.21712871 | 0.01514448 | 0.19245443 | 0.24052788 | 0.21006467 | 0.22419276
 120 | 0.22661331 | 0.01526891 | 0.19215855 | 0.24807770 | 0.21949122 | 0.23373540
 121 | 0.22984365 | 0.01260791 | 0.20600162 | 0.25426550 | 0.22396277 | 0.23572453
 122 | 0.22797052 | 0.01615574 | 0.19805332 | 0.25320513 | 0.22043478 | 0.23550627
 123 | 0.23325999 | 0.01217738 | 0.20757895 | 0.25370675 | 0.22757993 | 0.23894006
 124 | 0.24074882 | 0.01492037 | 0.21022019 | 0.27224335 | 0.23378931 | 0.24770833
 125 | 0.24087877 | 0.01379199 | 0.20444072 | 0.27368421 | 0.23444558 | 0.24731196
 126 | 0.25108264 | 0.01472568 | 0.22178060 | 0.28215275 | 0.24421393 | 0.25795134
 127 | 0.25499057 | 0.01076852 | 0.23283822 | 0.27202473 | 0.24996766 | 0.26001348
 128 | 0.26126775 | 0.01247249 | 0.24302006 | 0.29423077 | 0.25545004 | 0.26708547
 129 | 0.26390498 | 0.01206612 | 0.24665314 | 0.28895850 | 0.25827681 | 0.26953314
 130 | 0.25842888 | 0.01567235 | 0.22200315 | 0.29966330 | 0.25111861 | 0.26573915
 131 | 0.27439113 | 0.01157000 | 0.24980080 | 0.29622570 | 0.26899437 | 0.27978788
 132 | 0.28086968 | 0.00800634 | 0.26321752 | 0.29327110 | 0.27713518 | 0.28460419
 133 | 0.28533186 | 0.01126266 | 0.26082047 | 0.30871985 | 0.28007846 | 0.29058525
 134 | 0.29462724 | 0.01700790 | 0.26027914 | 0.33114275 | 0.28669401 | 0.30256047
 135 | 0.28962096 | 0.01687450 | 0.26706453 | 0.32897603 | 0.28174996 | 0.29749197
 136 | 0.30123029 | 0.01388998 | 0.28268283 | 0.33749527 | 0.29475140 | 0.30770919
 137 | 0.30579278 | 0.01620885 | 0.26777778 | 0.34103212 | 0.29823226 | 0.31335329
 138 | 0.30824706 | 0.01324058 | 0.28350701 | 0.33128613 | 0.30207108 | 0.31442305
 139 | 0.30508068 | 0.01233002 | 0.27751544 | 0.32525828 | 0.29932941 | 0.31083194
 140 | 0.31573427 | 0.01415867 | 0.28452639 | 0.34265734 | 0.30913004 | 0.32233849
 141 | 0.31980782 | 0.01258729 | 0.30134009 | 0.35365014 | 0.31393656 | 0.32567908
 142 | 0.32610265 | 0.01633462 | 0.28477786 | 0.36113074 | 0.31848346 | 0.33372183
 143 | 0.32830402 | 0.01300847 | 0.30444363 | 0.35952381 | 0.32223630 | 0.33437174
 144 | 0.33034489 | 0.01434265 | 0.30971223 | 0.37030941 | 0.32365486 | 0.33703493
 145 | 0.34133202 | 0.01472995 | 0.31308901 | 0.36144578 | 0.33446133 | 0.34820271
 146 | 0.34047903 | 0.01324443 | 0.32186732 | 0.36241159 | 0.33430125 | 0.34665681
 147 | 0.34157241 | 0.01091305 | 0.31388605 | 0.35949711 | 0.33648209 | 0.34666274
 148 | 0.35021241 | 0.01274254 | 0.32107253 | 0.37132474 | 0.34426873 | 0.35615609
 149 | 0.34815907 | 0.01150214 | 0.32704614 | 0.37446947 | 0.34279396 | 0.35352417
 150 | 0.36208940 | 0.01256309 | 0.33655506 | 0.38292367 | 0.35622942 | 0.36794937
 151 | 0.35963484 | 0.01038388 | 0.34351914 | 0.37650504 | 0.35479134 | 0.36447833
 152 | 0.36408164 | 0.01131977 | 0.34401851 | 0.38436050 | 0.35880160 | 0.36936167
 153 | 0.36431647 | 0.01497222 | 0.33444260 | 0.40130081 | 0.35733277 | 0.37130017
 154 | 0.37380632 | 0.01398682 | 0.34188604 | 0.39682540 | 0.36728226 | 0.38033038
 155 | 0.37882529 | 0.01181935 | 0.35693407 | 0.40057545 | 0.37331223 | 0.38433835
 156 | 0.37746060 | 0.01193261 | 0.35305283 | 0.39777424 | 0.37189471 | 0.38302649
 157 | 0.38482331 | 0.00908317 | 0.36882129 | 0.40424847 | 0.38058652 | 0.38906010
 158 | 0.38982496 | 0.00977041 | 0.36944711 | 0.40649637 | 0.38526761 | 0.39438230
 159 | 0.38928715 | 0.01430820 | 0.36285441 | 0.42487835 | 0.38261318 | 0.39596112
 160 | 0.39352462 | 0.01507960 | 0.37264151 | 0.43170581 | 0.38649083 | 0.40055841
 161 | 0.40302809 | 0.01381225 | 0.37022317 | 0.43380110 | 0.39658545 | 0.40947073
 162 | 0.39820393 | 0.01241574 | 0.36674892 | 0.41697531 | 0.39241268 | 0.40399517
 163 | 0.40058315 | 0.01291382 | 0.37256116 | 0.42436090 | 0.39455958 | 0.40660672
 164 | 0.40140224 | 0.00834304 | 0.38862708 | 0.41943271 | 0.39751068 | 0.40529380
 165 | 0.41207324 | 0.01343147 | 0.37399381 | 0.43546441 | 0.40580821 | 0.41833826
 166 | 0.41348032 | 0.01291979 | 0.38234389 | 0.44555916 | 0.40745397 | 0.41950668
 167 | 0.41667383 | 0.01352547 | 0.39230292 | 0.44016588 | 0.41036496 | 0.42298270
 168 | 0.41713961 | 0.01180289 | 0.39559445 | 0.44080678 | 0.41163423 | 0.42264500
 169 | 0.42846097 | 0.00942197 | 0.41360024 | 0.44802343 | 0.42406615 | 0.43285579
 170 | 0.42923251 | 0.01142955 | 0.40590842 | 0.45066667 | 0.42390127 | 0.43456375
 171 | 0.42929061 | 0.01108720 | 0.41195429 | 0.45378151 | 0.42411905 | 0.43446217
 172 | 0.43202262 | 0.01222705 | 0.41145374 | 0.45470333 | 0.42631938 | 0.43772585
 173 | 0.43539806 | 0.01363619 | 0.39471313 | 0.45824906 | 0.42903754 | 0.44175858
 174 | 0.43815954 | 0.01273266 | 0.40722892 | 0.46005666 | 0.43222047 | 0.44409861
 175 | 0.43947613 | 0.00994919 | 0.42574257 | 0.46366978 | 0.43483540 | 0.44411687
 176 | 0.43908791 | 0.01009214 | 0.42505133 | 0.46169355 | 0.43438049 | 0.44379532
 177 | 0.45056023 | 0.01170891 | 0.42885945 | 0.47017246 | 0.44509868 | 0.45602178
 178 | 0.45081510 | 0.01258622 | 0.41783367 | 0.47547797 | 0.44494434 | 0.45668586
 179 | 0.45520891 | 0.01097440 | 0.43082211 | 0.47404186 | 0.45008997 | 0.46032786
 180 | 0.45446390 | 0.00944408 | 0.43555065 | 0.47791842 | 0.45005876 | 0.45886903
 181 | 0.45796513 | 0.01101652 | 0.43764434 | 0.47982552 | 0.45282654 | 0.46310372
 182 | 0.46147206 | 0.00960377 | 0.44561975 | 0.48991276 | 0.45699244 | 0.46595168
 183 | 0.46154673 | 0.00910323 | 0.43954520 | 0.47232070 | 0.45730059 | 0.46579288
 184 | 0.47207543 | 0.01091552 | 0.45225176 | 0.49420641 | 0.46698396 | 0.47716691
 185 | 0.46994291 | 0.01163830 | 0.44954128 | 0.48674699 | 0.46451429 | 0.47537152
 186 | 0.47363628 | 0.01176548 | 0.45181842 | 0.50317797 | 0.46814835 | 0.47912422
 187 | 0.47287169 | 0.01039439 | 0.44249460 | 0.48741055 | 0.46802328 | 0.47772009
 188 | 0.48074799 | 0.00701671 | 0.46606335 | 0.49525359 | 0.47747509 | 0.48402088
 189 | 0.48222143 | 0.01159769 | 0.45524774 | 0.50199840 | 0.47681176 | 0.48763110
 190 | 0.48495231 | 0.00809233 | 0.46723647 | 0.49762031 | 0.48117769 | 0.48872693
 191 | 0.48375380 | 0.01125282 | 0.46116255 | 0.51207983 | 0.47850499 | 0.48900261
 192 | 0.48937596 | 0.01451895 | 0.45932642 | 0.52067620 | 0.48260368 | 0.49614823
 193 | 0.49185877 | 0.01063150 | 0.47473201 | 0.51754386 | 0.48689977 | 0.49681777
 194 | 0.49381699 | 0.00833614 | 0.47632600 | 0.50863821 | 0.48992865 | 0.49770533
 195 | 0.49561232 | 0.00795889 | 0.48362588 | 0.51517432 | 0.49189995 | 0.49932470
 196 | 0.49630662 | 0.01027086 | 0.47226583 | 0.51422964 | 0.49151584 | 0.50109740
 197 | 0.50523249 | 0.00817454 | 0.48583421 | 0.52738538 | 0.50141953 | 0.50904545
 198 | 0.50011391 | 0.01019613 | 0.48243381 | 0.52560852 | 0.49535799 | 0.50486983
 199 | 0.50831356 | 0.01025301 | 0.47851814 | 0.52942637 | 0.50353110 | 0.51309601
 200 | 0.51058591 | 0.00629981 | 0.49789239 | 0.52592036 | 0.50764740 | 0.51352442
