# TODAS AS PROBABILIDADES (20 SIMULAÇÕES)
# Requisição 2: [2,5]
# Modo: CONJUNTO
# Data: 2026-02-12 20:27:47
# ================================================================================
# Formato: Load | Sim1 | Sim2 | ... | Sim20 | Média | DesvioPadrão
# ================================================================================

Load   1 | 0.00000000 | 0.00000000 | 0.00000000 | 0.00000000 | 0.00000000 | 0.00000000 | 0.00000000 | 0.00000000 | 0.00000000 | 0.00000000 | 0.00000000 | 0.00000000 | 0.00000000 | 0.00000000 | 0.00000000 | 0.00000000 | 0.00000000 | 0.00000000 | 0.00000000 | 0.00000000 | 0.00000000 | 0.00000000
Load   2 | 0.00000000 | 0.00000000 | 0.00000000 | 0.00000000 | 0.00000000 | 0.00000000 | 0.00000000 | 0.00000000 | 0.00000000 | 0.00000000 | 0.00000000 | 0.00000000 | 0.00000000 | 0.00000000 | 0.00000000 | 0.00000000 | 0.00000000 | 0.00000000 | 0.00000000 | 0.00000000 | 0.00000000 | 0.00000000
Load   3 | 0.00000000 | 0.00000000 | 0.00000000 | 0.00000000 | 0.00000000 | 0.00000000 | 0.00000000 | 0.00000000 | 0.00000000 | 0.00000000 | 0.00000000 | 0.00000000 | 0.00000000 | 0.00000000 | 0.00000000 | 0.00000000 | 0.00000000 | 0.00000000 | 0.00000000 | 0.00000000 | 0.00000000 | 0.00000000
Load   4 | 0.00000000 | 0.00000000 | 0.00000000 | 0.00000000 | 0.00000000 | 0.00000000 | 0.00000000 | 0.00000000 | 0.00000000 | 0.00000000 | 0.00000000 | 0.00000000 | 0.00000000 | 0.00000000 | 0.00000000 | 0.00000000 | 0.00000000 | 0.00000000 | 0.00000000 | 0.00000000 | 0.00000000 | 0.00000000
Load   5 | 0.00000000 | 0.00000000 | 0.00000000 | 0.00000000 | 0.00000000 | 0.00000000 | 0.00000000 | 0.00000000 | 0.00000000 | 0.00000000 | 0.00000000 | 0.00000000 | 0.00000000 | 0.00000000 | 0.00000000 | 0.00000000 | 0.00000000 | 0.00000000 | 0.00000000 | 0.00000000 | 0.00000000 | 0.00000000
Load   6 | 0.00000000 | 0.00000000 | 0.00000000 | 0.00000000 | 0.00000000 | 0.00000000 | 0.00000000 | 0.00000000 | 0.00000000 | 0.00000000 | 0.00000000 | 0.00000000 | 0.00000000 | 0.00000000 | 0.00000000 | 0.00000000 | 0.00000000 | 0.00000000 | 0.00000000 | 0.00000000 | 0.00000000 | 0.00000000
Load   7 | 0.00000000 | 0.00000000 | 0.00000000 | 0.00000000 | 0.00000000 | 0.00000000 | 0.00000000 | 0.00000000 | 0.00000000 | 0.00000000 | 0.00000000 | 0.00000000 | 0.00000000 | 0.00000000 | 0.00000000 | 0.00000000 | 0.00000000 | 0.00000000 | 0.00000000 | 0.00000000 | 0.00000000 | 0.00000000
Load   8 | 0.00000000 | 0.00000000 | 0.00000000 | 0.00000000 | 0.00000000 | 0.00000000 | 0.00000000 | 0.00000000 | 0.00000000 | 0.00000000 | 0.00000000 | 0.00000000 | 0.00000000 | 0.00000000 | 0.00000000 | 0.00000000 | 0.00000000 | 0.00000000 | 0.00000000 | 0.00000000 | 0.00000000 | 0.00000000
Load   9 | 0.00000000 | 0.00000000 | 0.00000000 | 0.00000000 | 0.00000000 | 0.00000000 | 0.00000000 | 0.00000000 | 0.00000000 | 0.00000000 | 0.00000000 | 0.00000000 | 0.00000000 | 0.00000000 | 0.00000000 | 0.00000000 | 0.00000000 | 0.00000000 | 0.00000000 | 0.00000000 | 0.00000000 | 0.00000000
Load  10 | 0.00000000 | 0.00000000 | 0.00000000 | 0.00000000 | 0.00000000 | 0.00000000 | 0.00000000 | 0.00000000 | 0.00000000 | 0.00000000 | 0.00000000 | 0.00000000 | 0.00000000 | 0.00000000 | 0.00000000 | 0.00000000 | 0.00000000 | 0.00000000 | 0.00000000 | 0.00000000 | 0.00000000 | 0.00000000
Load  11 | 0.00000000 | 0.00000000 | 0.00000000 | 0.00000000 | 0.00000000 | 0.00000000 | 0.00000000 | 0.00000000 | 0.00000000 | 0.00000000 | 0.00000000 | 0.00000000 | 0.00000000 | 0.00000000 | 0.00000000 | 0.00000000 | 0.00000000 | 0.00000000 | 0.00000000 | 0.00000000 | 0.00000000 | 0.00000000
Load  12 | 0.00000000 | 0.00000000 | 0.00000000 | 0.00000000 | 0.00000000 | 0.00000000 | 0.00000000 | 0.00000000 | 0.00000000 | 0.00000000 | 0.00000000 | 0.00000000 | 0.00000000 | 0.00000000 | 0.00000000 | 0.00000000 | 0.00000000 | 0.00000000 | 0.00000000 | 0.00000000 | 0.00000000 | 0.00000000
Load  13 | 0.00000000 | 0.00000000 | 0.00000000 | 0.00000000 | 0.00000000 | 0.00000000 | 0.00000000 | 0.00000000 | 0.00000000 | 0.00000000 | 0.00000000 | 0.00000000 | 0.00000000 | 0.00000000 | 0.00000000 | 0.00000000 | 0.00000000 | 0.00000000 | 0.00000000 | 0.00000000 | 0.00000000 | 0.00000000
Load  14 | 0.00000000 | 0.00000000 | 0.00000000 | 0.00000000 | 0.00000000 | 0.00000000 | 0.00000000 | 0.00000000 | 0.00000000 | 0.00000000 | 0.00000000 | 0.00000000 | 0.00000000 | 0.00000000 | 0.00000000 | 0.00000000 | 0.00000000 | 0.00000000 | 0.00000000 | 0.00000000 | 0.00000000 | 0.00000000
Load  15 | 0.00000000 | 0.00000000 | 0.00000000 | 0.00000000 | 0.00000000 | 0.00000000 | 0.00000000 | 0.00000000 | 0.00000000 | 0.00000000 | 0.00000000 | 0.00000000 | 0.00000000 | 0.00000000 | 0.00000000 | 0.00000000 | 0.00000000 | 0.00000000 | 0.00000000 | 0.00000000 | 0.00000000 | 0.00000000
Load  16 | 0.00000000 | 0.00000000 | 0.00000000 | 0.00000000 | 0.00000000 | 0.00000000 | 0.00000000 | 0.00000000 | 0.00000000 | 0.00000000 | 0.00000000 | 0.00000000 | 0.00000000 | 0.00000000 | 0.00000000 | 0.00000000 | 0.00000000 | 0.00000000 | 0.00000000 | 0.00000000 | 0.00000000 | 0.00000000
Load  17 | 0.00000000 | 0.00000000 | 0.00000000 | 0.00000000 | 0.00000000 | 0.00000000 | 0.00000000 | 0.00000000 | 0.00000000 | 0.00000000 | 0.00000000 | 0.00000000 | 0.00000000 | 0.00000000 | 0.00000000 | 0.00000000 | 0.00000000 | 0.00000000 | 0.00000000 | 0.00000000 | 0.00000000 | 0.00000000
Load  18 | 0.00000000 | 0.00000000 | 0.00000000 | 0.00000000 | 0.00000000 | 0.00000000 | 0.00000000 | 0.00000000 | 0.00000000 | 0.00000000 | 0.00000000 | 0.00000000 | 0.00000000 | 0.00000000 | 0.00000000 | 0.00000000 | 0.00000000 | 0.00000000 | 0.00000000 | 0.00000000 | 0.00000000 | 0.00000000
Load  19 | 0.00000000 | 0.00000000 | 0.00000000 | 0.00000000 | 0.00000000 | 0.00000000 | 0.00000000 | 0.00000000 | 0.00000000 | 0.00000000 | 0.00000000 | 0.00000000 | 0.00000000 | 0.00000000 | 0.00000000 | 0.00000000 | 0.00000000 | 0.00000000 | 0.00000000 | 0.00000000 | 0.00000000 | 0.00000000
Load  20 | 0.00000000 | 0.00000000 | 0.00000000 | 0.00000000 | 0.00000000 | 0.00000000 | 0.00000000 | 0.00000000 | 0.00000000 | 0.00000000 | 0.00000000 | 0.00000000 | 0.00000000 | 0.00000000 | 0.00000000 | 0.00000000 | 0.00000000 | 0.00000000 | 0.00000000 | 0.00000000 | 0.00000000 | 0.00000000
Load  21 | 0.00000000 | 0.00000000 | 0.00000000 | 0.00000000 | 0.00000000 | 0.00000000 | 0.00000000 | 0.00000000 | 0.00000000 | 0.00000000 | 0.00000000 | 0.00000000 | 0.00000000 | 0.00000000 | 0.00000000 | 0.00000000 | 0.00000000 | 0.00000000 | 0.00000000 | 0.00000000 | 0.00000000 | 0.00000000
Load  22 | 0.00000000 | 0.00000000 | 0.00000000 | 0.00000000 | 0.00000000 | 0.00000000 | 0.00000000 | 0.00000000 | 0.00000000 | 0.00000000 | 0.00000000 | 0.00000000 | 0.00000000 | 0.00000000 | 0.00000000 | 0.00000000 | 0.00000000 | 0.00000000 | 0.00000000 | 0.00000000 | 0.00000000 | 0.00000000
Load  23 | 0.00000000 | 0.00000000 | 0.00000000 | 0.00000000 | 0.00000000 | 0.00000000 | 0.00000000 | 0.00000000 | 0.00000000 | 0.00000000 | 0.00000000 | 0.00000000 | 0.00000000 | 0.00000000 | 0.00000000 | 0.00000000 | 0.00000000 | 0.00000000 | 0.00000000 | 0.00000000 | 0.00000000 | 0.00000000
Load  24 | 0.00000000 | 0.00000000 | 0.00000000 | 0.00000000 | 0.00000000 | 0.00000000 | 0.00000000 | 0.00000000 | 0.00000000 | 0.00000000 | 0.00000000 | 0.00000000 | 0.00000000 | 0.00000000 | 0.00000000 | 0.00000000 | 0.00000000 | 0.00000000 | 0.00000000 | 0.00000000 | 0.00000000 | 0.00000000
Load  25 | 0.00000000 | 0.00000000 | 0.00000000 | 0.00000000 | 0.00000000 | 0.00000000 | 0.00000000 | 0.00000000 | 0.00000000 | 0.00000000 | 0.00000000 | 0.00000000 | 0.00000000 | 0.00000000 | 0.00000000 | 0.00000000 | 0.00000000 | 0.00000000 | 0.00000000 | 0.00000000 | 0.00000000 | 0.00000000
Load  26 | 0.00000000 | 0.00000000 | 0.00000000 | 0.00000000 | 0.00000000 | 0.00000000 | 0.00000000 | 0.00000000 | 0.00000000 | 0.00000000 | 0.00000000 | 0.00000000 | 0.00000000 | 0.00000000 | 0.00000000 | 0.00000000 | 0.00000000 | 0.00000000 | 0.00000000 | 0.00000000 | 0.00000000 | 0.00000000
Load  27 | 0.00000000 | 0.00000000 | 0.00000000 | 0.00000000 | 0.00000000 | 0.00000000 | 0.00000000 | 0.00000000 | 0.00000000 | 0.00000000 | 0.00000000 | 0.00000000 | 0.00000000 | 0.00000000 | 0.00000000 | 0.00000000 | 0.00000000 | 0.00000000 | 0.00000000 | 0.00000000 | 0.00000000 | 0.00000000
Load  28 | 0.00000000 | 0.00000000 | 0.00000000 | 0.00000000 | 0.00000000 | 0.00000000 | 0.00000000 | 0.00000000 | 0.00000000 | 0.00000000 | 0.00000000 | 0.00000000 | 0.00000000 | 0.00000000 | 0.00000000 | 0.00000000 | 0.00000000 | 0.00000000 | 0.00000000 | 0.00000000 | 0.00000000 | 0.00000000
Load  29 | 0.00000000 | 0.00000000 | 0.00000000 | 0.00000000 | 0.00000000 | 0.00000000 | 0.00000000 | 0.00000000 | 0.00000000 | 0.00000000 | 0.00000000 | 0.00000000 | 0.00000000 | 0.00000000 | 0.00000000 | 0.00000000 | 0.00000000 | 0.00000000 | 0.00000000 | 0.00000000 | 0.00000000 | 0.00000000
Load  30 | 0.00000000 | 0.00000000 | 0.00000000 | 0.00000000 | 0.00000000 | 0.00000000 | 0.00000000 | 0.00000000 | 0.00000000 | 0.00000000 | 0.00000000 | 0.00000000 | 0.00000000 | 0.00000000 | 0.00000000 | 0.00000000 | 0.00000000 | 0.00000000 | 0.00000000 | 0.00000000 | 0.00000000 | 0.00000000
Load  31 | 0.00000000 | 0.00000000 | 0.00000000 | 0.00000000 | 0.00000000 | 0.00000000 | 0.00000000 | 0.00000000 | 0.00000000 | 0.00000000 | 0.00000000 | 0.00000000 | 0.00000000 | 0.00000000 | 0.00000000 | 0.00000000 | 0.00000000 | 0.00000000 | 0.00000000 | 0.00000000 | 0.00000000 | 0.00000000
Load  32 | 0.00000000 | 0.00000000 | 0.00000000 | 0.00000000 | 0.00000000 | 0.00000000 | 0.00000000 | 0.00000000 | 0.00000000 | 0.00000000 | 0.00000000 | 0.00000000 | 0.00000000 | 0.00000000 | 0.00000000 | 0.00000000 | 0.00000000 | 0.00000000 | 0.00000000 | 0.00000000 | 0.00000000 | 0.00000000
Load  33 | 0.00000000 | 0.00000000 | 0.00000000 | 0.00000000 | 0.00000000 | 0.00000000 | 0.00000000 | 0.00000000 | 0.00000000 | 0.00000000 | 0.00000000 | 0.00000000 | 0.00000000 | 0.00000000 | 0.00000000 | 0.00000000 | 0.00000000 | 0.00000000 | 0.00000000 | 0.00000000 | 0.00000000 | 0.00000000
Load  34 | 0.00000000 | 0.00000000 | 0.00000000 | 0.00000000 | 0.00000000 | 0.00000000 | 0.00000000 | 0.00000000 | 0.00000000 | 0.00000000 | 0.00000000 | 0.00000000 | 0.00000000 | 0.00000000 | 0.00000000 | 0.00000000 | 0.00000000 | 0.00000000 | 0.00000000 | 0.00000000 | 0.00000000 | 0.00000000
Load  35 | 0.00000000 | 0.00000000 | 0.00000000 | 0.00000000 | 0.00000000 | 0.00000000 | 0.00000000 | 0.00000000 | 0.00000000 | 0.00000000 | 0.00000000 | 0.00000000 | 0.00000000 | 0.00000000 | 0.00000000 | 0.00000000 | 0.00000000 | 0.00000000 | 0.00000000 | 0.00000000 | 0.00000000 | 0.00000000
Load  36 | 0.00000000 | 0.00135501 | 0.00000000 | 0.00000000 | 0.00000000 | 0.00000000 | 0.00000000 | 0.00000000 | 0.00000000 | 0.00000000 | 0.00000000 | 0.00000000 | 0.00000000 | 0.00000000 | 0.00000000 | 0.00000000 | 0.00000000 | 0.00000000 | 0.00000000 | 0.00000000 | 0.00006775 | 0.00029532
Load  37 | 0.00000000 | 0.00000000 | 0.00000000 | 0.00000000 | 0.00000000 | 0.00000000 | 0.00000000 | 0.00000000 | 0.00269906 | 0.00130548 | 0.00000000 | 0.00000000 | 0.00000000 | 0.00000000 | 0.00000000 | 0.00000000 | 0.00000000 | 0.00000000 | 0.00000000 | 0.00817439 | 0.00060895 | 0.00184924
Load  38 | 0.00000000 | 0.00000000 | 0.00130208 | 0.00000000 | 0.00000000 | 0.00000000 | 0.00000000 | 0.00000000 | 0.00000000 | 0.00000000 | 0.00000000 | 0.00000000 | 0.00000000 | 0.00000000 | 0.00000000 | 0.00129702 | 0.00000000 | 0.00000000 | 0.00260078 | 0.00000000 | 0.00025999 | 0.00066294
Load  39 | 0.00000000 | 0.00000000 | 0.00123153 | 0.00254130 | 0.00000000 | 0.00000000 | 0.00000000 | 0.00000000 | 0.00000000 | 0.00132450 | 0.00000000 | 0.00000000 | 0.00000000 | 0.00000000 | 0.00260756 | 0.00125313 | 0.00125313 | 0.00000000 | 0.00000000 | 0.00000000 | 0.00051056 | 0.00085017
Load  40 | 0.00000000 | 0.00128866 | 0.00000000 | 0.00000000 | 0.00000000 | 0.00000000 | 0.00126422 | 0.00261780 | 0.00973236 | 0.00570776 | 0.00000000 | 0.00000000 | 0.00126103 | 0.00000000 | 0.00000000 | 0.00000000 | 0.00000000 | 0.00253807 | 0.00346420 | 0.00907912 | 0.00184766 | 0.00292912
Load  41 | 0.00000000 | 0.00247525 | 0.00000000 | 0.00116686 | 0.00475059 | 0.00119048 | 0.00254453 | 0.00364520 | 0.00000000 | 0.00119332 | 0.00000000 | 0.00000000 | 0.00000000 | 0.00490196 | 0.00000000 | 0.00000000 | 0.00514139 | 0.00375940 | 0.00000000 | 0.00486027 | 0.00178146 | 0.00196731
Load  42 | 0.00000000 | 0.00241255 | 0.00000000 | 0.00238379 | 0.00000000 | 0.00477327 | 0.01010101 | 0.00000000 | 0.00120627 | 0.00000000 | 0.00000000 | 0.00111857 | 0.00120773 | 0.00371747 | 0.00229358 | 0.00000000 | 0.00365408 | 0.00000000 | 0.00121951 | 0.00366748 | 0.00188777 | 0.00241432
Load  43 | 0.00116550 | 0.00000000 | 0.00125628 | 0.00354191 | 0.00935673 | 0.00769231 | 0.00116414 | 0.00219058 | 0.00123001 | 0.00460829 | 0.00564334 | 0.00225734 | 0.00482509 | 0.00000000 | 0.00000000 | 0.00112108 | 0.00472255 | 0.00767544 | 0.00000000 | 0.00456621 | 0.00315084 | 0.00279370
Load  44 | 0.00233372 | 0.00335570 | 0.00000000 | 0.01008969 | 0.00352941 | 0.01253918 | 0.00228571 | 0.00358423 | 0.00114286 | 0.00240964 | 0.00691244 | 0.00545256 | 0.01030928 | 0.00114811 | 0.00582072 | 0.00000000 | 0.00351700 | 0.00894855 | 0.00564334 | 0.00225734 | 0.00456397 | 0.00350117
Load  45 | 0.00000000 | 0.00456621 | 0.00746269 | 0.00220264 | 0.00532481 | 0.00449438 | 0.00340909 | 0.00659341 | 0.01072961 | 0.00000000 | 0.00000000 | 0.01012373 | 0.00430108 | 0.00000000 | 0.00656455 | 0.00447928 | 0.00635593 | 0.00215285 | 0.00439078 | 0.00901917 | 0.00460851 | 0.00320314
Load  46 | 0.00319149 | 0.01181525 | 0.00685714 | 0.02190581 | 0.01607717 | 0.01385681 | 0.00214133 | 0.01377119 | 0.00000000 | 0.01027397 | 0.00937500 | 0.00425985 | 0.00776053 | 0.00550661 | 0.00553710 | 0.00877193 | 0.01804671 | 0.00340136 | 0.00747065 | 0.00760870 | 0.00888143 | 0.00549770
Load  47 | 0.01820020 | 0.01651982 | 0.02111932 | 0.01078749 | 0.01107754 | 0.00652884 | 0.00111732 | 0.01459854 | 0.00574053 | 0.00951374 | 0.00320171 | 0.01059322 | 0.00214362 | 0.00328228 | 0.00660793 | 0.00329670 | 0.00419727 | 0.00949367 | 0.00515996 | 0.01171459 | 0.00874471 | 0.00549676
Load  48 | 0.01549587 | 0.02142162 | 0.00923077 | 0.00215517 | 0.01195652 | 0.00301508 | 0.02277433 | 0.02279793 | 0.01932859 | 0.00901804 | 0.01300000 | 0.01271186 | 0.00637620 | 0.00550661 | 0.01221996 | 0.01199564 | 0.02176166 | 0.00850159 | 0.00207254 | 0.02409639 | 0.01277182 | 0.00706197
Load  49 | 0.02238047 | 0.02077151 | 0.00723888 | 0.02100000 | 0.01884817 | 0.01906578 | 0.01200000 | 0.00838574 | 0.01417004 | 0.01415571 | 0.01958763 | 0.00601202 | 0.03100775 | 0.00626305 | 0.01333333 | 0.01472031 | 0.01718908 | 0.03091787 | 0.02492212 | 0.01235839 | 0.01671639 | 0.00711144
Load  50 | 0.00895522 | 0.02906977 | 0.02106319 | 0.02710843 | 0.01139896 | 0.02691924 | 0.00929752 | 0.01106640 | 0.01434426 | 0.02826511 | 0.01372756 | 0.01195219 | 0.02049180 | 0.01725791 | 0.02279485 | 0.02727273 | 0.03461538 | 0.00103093 | 0.01128205 | 0.02020202 | 0.01840578 | 0.00849599
Load  51 | 0.02859961 | 0.02923387 | 0.02203857 | 0.02380952 | 0.00778210 | 0.02222222 | 0.02279485 | 0.04089581 | 0.01669941 | 0.01054650 | 0.02655678 | 0.04073715 | 0.01996008 | 0.02705314 | 0.01452081 | 0.02891791 | 0.02908726 | 0.02870813 | 0.02288557 | 0.02127660 | 0.02421629 | 0.00813005
Load  52 | 0.02480916 | 0.01785714 | 0.02233010 | 0.03116147 | 0.02194656 | 0.01807802 | 0.01278269 | 0.02106319 | 0.03380282 | 0.02209414 | 0.02826511 | 0.03643725 | 0.02109300 | 0.02901354 | 0.00939850 | 0.03425309 | 0.03228870 | 0.03665414 | 0.01576355 | 0.04580897 | 0.02574506 | 0.00895019
Load  53 | 0.03213242 | 0.01528176 | 0.04961832 | 0.02576336 | 0.02274975 | 0.04382470 | 0.02564103 | 0.03875969 | 0.03289474 | 0.03416436 | 0.03647687 | 0.04071970 | 0.02329916 | 0.03627907 | 0.03286385 | 0.03065134 | 0.04495413 | 0.03663004 | 0.02653248 | 0.07083717 | 0.03500370 | 0.01158771
Load  54 | 0.05640535 | 0.02902622 | 0.03977798 | 0.04347826 | 0.02911738 | 0.04249548 | 0.03571429 | 0.04401914 | 0.03949904 | 0.03571429 | 0.03568243 | 0.03016023 | 0.04304933 | 0.04234234 | 0.02665441 | 0.04503676 | 0.04297994 | 0.04416961 | 0.04054054 | 0.04226619 | 0.03940646 | 0.00684790
Load  55 | 0.05940594 | 0.05065666 | 0.05941423 | 0.04962547 | 0.03577982 | 0.04891304 | 0.03646308 | 0.03293687 | 0.04688909 | 0.05476865 | 0.05370844 | 0.03877367 | 0.04541407 | 0.05086372 | 0.04677268 | 0.04297225 | 0.05877193 | 0.06776716 | 0.05417815 | 0.06691109 | 0.05004930 | 0.00950068
Load  56 | 0.05095541 | 0.05680794 | 0.05777778 | 0.07034728 | 0.04017857 | 0.05215005 | 0.05358765 | 0.06401384 | 0.02733270 | 0.05213675 | 0.06920415 | 0.06192237 | 0.05825243 | 0.06226766 | 0.06306306 | 0.08227848 | 0.04178020 | 0.05366726 | 0.05166375 | 0.05429864 | 0.05618430 | 0.01146716
Load  57 | 0.03574620 | 0.06293706 | 0.03548086 | 0.05917667 | 0.05249788 | 0.04810361 | 0.06060606 | 0.06194690 | 0.09955157 | 0.07646048 | 0.07665198 | 0.06607143 | 0.07933740 | 0.05226481 | 0.09891031 | 0.05344203 | 0.06788512 | 0.08060453 | 0.05506993 | 0.05516637 | 0.06389556 | 0.01698794
Load  58 | 0.07059875 | 0.07867133 | 0.09257715 | 0.09448819 | 0.10717300 | 0.07351713 | 0.05462185 | 0.07057823 | 0.06369983 | 0.09106678 | 0.07074236 | 0.08729473 | 0.09939499 | 0.05393457 | 0.06672598 | 0.08610401 | 0.06103286 | 0.09325562 | 0.06521739 | 0.07124240 | 0.07759686 | 0.01497124
Load  59 | 0.08084359 | 0.08414526 | 0.09013605 | 0.08536585 | 0.07491289 | 0.07794508 | 0.09311741 | 0.07918149 | 0.09643436 | 0.06104901 | 0.09940017 | 0.07605877 | 0.06976744 | 0.07039864 | 0.07056799 | 0.07256637 | 0.07239057 | 0.10728911 | 0.06293103 | 0.11184211 | 0.08181716 | 0.01370462
Load  60 | 0.09382716 | 0.10682005 | 0.08237232 | 0.11138411 | 0.11449753 | 0.06764961 | 0.10202429 | 0.09791332 | 0.06432749 | 0.11303630 | 0.07197290 | 0.11573689 | 0.10016694 | 0.08662742 | 0.09196355 | 0.12777778 | 0.08411215 | 0.10668925 | 0.06922435 | 0.10204082 | 0.09550821 | 0.01750109
Load  61 | 0.09922347 | 0.11689351 | 0.11459192 | 0.08641975 | 0.14063714 | 0.08930008 | 0.12016461 | 0.13054187 | 0.12227806 | 0.10078740 | 0.12478778 | 0.11447261 | 0.10556941 | 0.08738664 | 0.10111465 | 0.10638298 | 0.09083333 | 0.11045030 | 0.14698984 | 0.08188586 | 0.10953556 | 0.01768108
Load  62 | 0.12362205 | 0.08757298 | 0.14485981 | 0.11716418 | 0.12722853 | 0.15336948 | 0.09961390 | 0.13493976 | 0.10262726 | 0.11750205 | 0.08117752 | 0.10154346 | 0.15298805 | 0.08395062 | 0.11803279 | 0.10972569 | 0.10564516 | 0.11038961 | 0.10068847 | 0.13477924 | 0.11537103 | 0.02074797
Load  63 | 0.14470493 | 0.11699605 | 0.13420622 | 0.11769416 | 0.14000000 | 0.13603819 | 0.14603175 | 0.13693271 | 0.14253049 | 0.11508554 | 0.11943794 | 0.13676589 | 0.12957075 | 0.14285714 | 0.13884555 | 0.11075182 | 0.12887439 | 0.16455696 | 0.16082803 | 0.14673046 | 0.13547195 | 0.01409592
Load  64 | 0.13951735 | 0.12704599 | 0.14104596 | 0.16890292 | 0.12981904 | 0.13692308 | 0.13221154 | 0.14938776 | 0.14327700 | 0.14586710 | 0.15328467 | 0.11145038 | 0.09721116 | 0.15957447 | 0.16654220 | 0.12626656 | 0.13553980 | 0.14474708 | 0.11093627 | 0.15612802 | 0.13878392 | 0.01806648
Load  65 | 0.15982076 | 0.15324472 | 0.15963162 | 0.15781601 | 0.15672235 | 0.16015625 | 0.19000000 | 0.16576297 | 0.14534444 | 0.15797665 | 0.14308553 | 0.11760125 | 0.11972371 | 0.13036810 | 0.14811912 | 0.16742424 | 0.14035088 | 0.14881890 | 0.18769968 | 0.15515904 | 0.15324131 | 0.01786323
Load  66 | 0.13833076 | 0.14617691 | 0.17309146 | 0.18306636 | 0.20119225 | 0.15230312 | 0.16653757 | 0.17629407 | 0.15933232 | 0.15809969 | 0.16534810 | 0.18599398 | 0.14329977 | 0.17200938 | 0.16178624 | 0.16310976 | 0.13867488 | 0.17533432 | 0.17311752 | 0.18930958 | 0.16612040 | 0.01665011
Load  67 | 0.18898240 | 0.17942943 | 0.18048423 | 0.19767442 | 0.17906137 | 0.19202363 | 0.14866864 | 0.16865672 | 0.19795758 | 0.14498433 | 0.19719298 | 0.16952950 | 0.18448023 | 0.20865533 | 0.19653614 | 0.18501529 | 0.19405204 | 0.19259259 | 0.14503263 | 0.17062315 | 0.18108163 | 0.01786936
Load  68 | 0.21837456 | 0.20103858 | 0.19773210 | 0.17935578 | 0.19574780 | 0.20438472 | 0.16044776 | 0.21594203 | 0.22527076 | 0.19913420 | 0.19219440 | 0.19247467 | 0.17074981 | 0.19968553 | 0.18361582 | 0.17347670 | 0.18430526 | 0.17040359 | 0.22927558 | 0.21822190 | 0.19559158 | 0.01888527
Load  69 | 0.20109815 | 0.18208517 | 0.21231423 | 0.16918429 | 0.18995633 | 0.24365482 | 0.18038922 | 0.18589273 | 0.22237960 | 0.20863836 | 0.22594752 | 0.22789360 | 0.18722467 | 0.15101427 | 0.21681723 | 0.20609579 | 0.21570066 | 0.22873481 | 0.21843972 | 0.21460507 | 0.20440331 | 0.02253990
Load  70 | 0.21726619 | 0.26416382 | 0.23426573 | 0.20979021 | 0.19969743 | 0.19915552 | 0.22108145 | 0.21444363 | 0.22459133 | 0.21887550 | 0.19517241 | 0.21518987 | 0.20573108 | 0.24067558 | 0.22893258 | 0.19714286 | 0.24643875 | 0.23066577 | 0.21623513 | 0.22136872 | 0.22004418 | 0.01712948
Load  71 | 0.23730044 | 0.22151899 | 0.21241379 | 0.23385940 | 0.25054466 | 0.20732550 | 0.22559172 | 0.20606916 | 0.21145975 | 0.24425887 | 0.19614836 | 0.25865724 | 0.21468144 | 0.29750347 | 0.21678322 | 0.22399445 | 0.22290809 | 0.23844461 | 0.17726253 | 0.25377426 | 0.22752500 | 0.02533736
Load  72 | 0.22343324 | 0.25545996 | 0.24720579 | 0.21839888 | 0.23812899 | 0.26025555 | 0.26643110 | 0.25069832 | 0.21508380 | 0.23590096 | 0.26214921 | 0.25869263 | 0.24349711 | 0.20694444 | 0.26114650 | 0.23464458 | 0.25745257 | 0.26083964 | 0.25477707 | 0.21428571 | 0.24327130 | 0.01833257
Load  73 | 0.23462567 | 0.26063830 | 0.29335912 | 0.24547983 | 0.24060646 | 0.24205544 | 0.28215488 | 0.24867021 | 0.25521558 | 0.24847664 | 0.26118904 | 0.23709993 | 0.27624309 | 0.25172891 | 0.28136331 | 0.26035912 | 0.27897294 | 0.24740125 | 0.22905759 | 0.24011503 | 0.25574062 | 0.01769777
Load  74 | 0.24236517 | 0.27169811 | 0.29281397 | 0.26792963 | 0.25881570 | 0.26045016 | 0.25116589 | 0.27072998 | 0.28656915 | 0.25428376 | 0.24800000 | 0.26845638 | 0.28863172 | 0.26350461 | 0.30171278 | 0.25251847 | 0.28674541 | 0.24341193 | 0.27018012 | 0.25098039 | 0.26654817 | 0.01685562
Load  75 | 0.31313776 | 0.26322931 | 0.24933155 | 0.25994513 | 0.31705770 | 0.28524156 | 0.25581395 | 0.26255861 | 0.28847435 | 0.27528466 | 0.26516701 | 0.31114041 | 0.28608082 | 0.26291391 | 0.26290761 | 0.32211221 | 0.22955145 | 0.27659574 | 0.26515152 | 0.29817708 | 0.27749362 | 0.02415804
Load  76 | 0.29987374 | 0.30052151 | 0.28628231 | 0.31530945 | 0.26765299 | 0.30901015 | 0.30728477 | 0.28686327 | 0.26609724 | 0.31209781 | 0.27105263 | 0.30261438 | 0.27278604 | 0.26205997 | 0.29926520 | 0.28309572 | 0.26141954 | 0.29356568 | 0.29665380 | 0.28206765 | 0.28877869 | 0.01692208
Load  77 | 0.30406714 | 0.31492439 | 0.29009126 | 0.27910053 | 0.32765152 | 0.26671123 | 0.29777178 | 0.31292985 | 0.32584990 | 0.30868167 | 0.29748128 | 0.33716475 | 0.30156658 | 0.34029650 | 0.28783959 | 0.28211921 | 0.32234674 | 0.29297659 | 0.32360406 | 0.28106312 | 0.30471188 | 0.02008056
Load  78 | 0.30090791 | 0.27737226 | 0.30834977 | 0.29788520 | 0.32343651 | 0.31278099 | 0.28897586 | 0.30597015 | 0.34212219 | 0.34478451 | 0.30598958 | 0.32163009 | 0.32378580 | 0.33579584 | 0.30039267 | 0.31875792 | 0.30818827 | 0.32773632 | 0.33769470 | 0.32622739 | 0.31543920 | 0.01748908
Load  79 | 0.34073604 | 0.32535298 | 0.32075472 | 0.34833539 | 0.27602108 | 0.33636916 | 0.32839665 | 0.33001865 | 0.32234432 | 0.31806283 | 0.28438538 | 0.28535670 | 0.30808402 | 0.33333333 | 0.27572816 | 0.32209738 | 0.33042394 | 0.31029987 | 0.34061931 | 0.32876712 | 0.31827435 | 0.02126295
Load  80 | 0.33498146 | 0.33618060 | 0.33273056 | 0.34369173 | 0.33636916 | 0.32496863 | 0.30349933 | 0.31358468 | 0.35692680 | 0.32628399 | 0.29329073 | 0.35790131 | 0.35336538 | 0.36174126 | 0.32188065 | 0.34271420 | 0.31029987 | 0.32258065 | 0.33439288 | 0.33184713 | 0.33196155 | 0.01779101
Load  81 | 0.34782609 | 0.35140187 | 0.34735577 | 0.35068007 | 0.33269841 | 0.33251834 | 0.35034225 | 0.35812500 | 0.34282100 | 0.35953687 | 0.32700822 | 0.34683544 | 0.33623369 | 0.33746130 | 0.34463625 | 0.34866828 | 0.34112710 | 0.33952912 | 0.31951531 | 0.36943069 | 0.34418755 | 0.01132073
Load  82 | 0.33138781 | 0.35642317 | 0.37676706 | 0.35692495 | 0.37153197 | 0.37137681 | 0.33742331 | 0.34341525 | 0.35678705 | 0.37477259 | 0.34140127 | 0.34720497 | 0.33454988 | 0.35110845 | 0.35075988 | 0.33641975 | 0.39037123 | 0.33333333 | 0.36135957 | 0.38928151 | 0.35562999 | 0.01786954
Load  83 | 0.35959975 | 0.40251950 | 0.40486322 | 0.33212560 | 0.35833850 | 0.37071078 | 0.36223862 | 0.36597015 | 0.38484848 | 0.34928527 | 0.37066342 | 0.35862913 | 0.34735577 | 0.38425104 | 0.35542929 | 0.34043849 | 0.35218978 | 0.35318642 | 0.35331781 | 0.40036787 | 0.36531645 | 0.01996449
Load  84 | 0.34842168 | 0.37893462 | 0.38194860 | 0.34744707 | 0.40174419 | 0.37141148 | 0.36620565 | 0.39210998 | 0.36452005 | 0.36953883 | 0.38939671 | 0.39075364 | 0.37300613 | 0.37522550 | 0.41201983 | 0.38313953 | 0.36705027 | 0.36352801 | 0.41601445 | 0.38921801 | 0.37908171 | 0.01790158
Load  85 | 0.40982659 | 0.38185032 | 0.39192399 | 0.36374201 | 0.40740741 | 0.36576788 | 0.42526690 | 0.39147956 | 0.38834391 | 0.40046030 | 0.37218935 | 0.42046127 | 0.38559078 | 0.39711816 | 0.39496782 | 0.41749853 | 0.35508524 | 0.40954626 | 0.39778037 | 0.39138462 | 0.39338456 | 0.01861655
Load  86 | 0.39932508 | 0.41327751 | 0.39178886 | 0.41074426 | 0.40685714 | 0.40082645 | 0.42766935 | 0.37614121 | 0.38949172 | 0.40543667 | 0.41107872 | 0.37210682 | 0.40196645 | 0.38737695 | 0.40973401 | 0.40127389 | 0.41199552 | 0.40551643 | 0.38524590 | 0.39823009 | 0.40030415 | 0.01310681
Load  87 | 0.37732657 | 0.41671372 | 0.39372410 | 0.39054726 | 0.38872226 | 0.41357309 | 0.39334862 | 0.40512224 | 0.42307692 | 0.38292964 | 0.44160178 | 0.42114385 | 0.40847557 | 0.39279685 | 0.39687138 | 0.42065344 | 0.38629983 | 0.40433815 | 0.40812721 | 0.38439306 | 0.40248928 | 0.01621429
Load  88 | 0.42607223 | 0.42105263 | 0.42971429 | 0.39467593 | 0.42571429 | 0.39963834 | 0.42280415 | 0.40787222 | 0.43787630 | 0.42012507 | 0.40382387 | 0.44944444 | 0.43286119 | 0.42600897 | 0.44204104 | 0.42753218 | 0.39698201 | 0.40060241 | 0.39154311 | 0.39838337 | 0.41773840 | 0.01680625
Load  89 | 0.42087156 | 0.42640449 | 0.42898217 | 0.40218015 | 0.43820225 | 0.44705882 | 0.44059406 | 0.42456534 | 0.43707483 | 0.41270750 | 0.43138390 | 0.43118280 | 0.42354299 | 0.45134228 | 0.43577236 | 0.43692661 | 0.43288591 | 0.42028986 | 0.42787153 | 0.42524377 | 0.42975416 | 0.01102435
Load  90 | 0.42991170 | 0.41264559 | 0.43314286 | 0.46085998 | 0.42960490 | 0.46632420 | 0.45693277 | 0.40389016 | 0.46781116 | 0.41152968 | 0.42001070 | 0.46500000 | 0.43111366 | 0.43700787 | 0.43207856 | 0.42354911 | 0.45350649 | 0.40469376 | 0.42281879 | 0.41833333 | 0.43403826 | 0.02029347
Load  91 | 0.45682303 | 0.44025157 | 0.47793727 | 0.45985401 | 0.43435449 | 0.43556281 | 0.42045455 | 0.46195359 | 0.40299335 | 0.43380429 | 0.44589451 | 0.47208402 | 0.46594005 | 0.45474986 | 0.45717464 | 0.47354212 | 0.45316730 | 0.42584270 | 0.44198597 | 0.42889013 | 0.44716301 | 0.01909128
Load  92 | 0.45893452 | 0.45968184 | 0.44976328 | 0.46819196 | 0.47223720 | 0.44390244 | 0.47787144 | 0.44535073 | 0.46666667 | 0.46440307 | 0.47106544 | 0.44761905 | 0.43422520 | 0.44610282 | 0.46321070 | 0.43739748 | 0.43924731 | 0.45270640 | 0.43849658 | 0.44754464 | 0.45423094 | 0.01278668
Load  93 | 0.45135406 | 0.40492170 | 0.44168049 | 0.47006303 | 0.49188312 | 0.45851770 | 0.45738486 | 0.46421053 | 0.45587439 | 0.47269891 | 0.44426049 | 0.45545598 | 0.48610354 | 0.48254848 | 0.43895822 | 0.47337902 | 0.44173729 | 0.46574586 | 0.45503792 | 0.46103183 | 0.45864237 | 0.01897650
Load  94 | 0.44467532 | 0.43265531 | 0.46178344 | 0.46751189 | 0.46701299 | 0.46886447 | 0.50730689 | 0.47567568 | 0.48689727 | 0.46346667 | 0.47052686 | 0.47920043 | 0.46297283 | 0.46578947 | 0.43743017 | 0.45695364 | 0.46858360 | 0.45504386 | 0.47910136 | 0.44975288 | 0.46506025 | 0.01656138
Load  95 | 0.48125000 | 0.49613203 | 0.48541667 | 0.45154744 | 0.44426581 | 0.46627722 | 0.44620426 | 0.46765642 | 0.47541869 | 0.46737401 | 0.47895578 | 0.48216216 | 0.46550788 | 0.47527911 | 0.45624333 | 0.48775404 | 0.48442368 | 0.49254499 | 0.46411483 | 0.49332649 | 0.47309274 | 0.01509323
Load  96 | 0.50203046 | 0.49821520 | 0.50797872 | 0.48385417 | 0.47981604 | 0.51032292 | 0.46722601 | 0.46631854 | 0.47943779 | 0.47308320 | 0.47154047 | 0.51776385 | 0.47823779 | 0.47657431 | 0.47575758 | 0.49871333 | 0.48888889 | 0.49171271 | 0.47474747 | 0.44800000 | 0.48451097 | 0.01684390
Load  97 | 0.46725116 | 0.50051387 | 0.49194805 | 0.50418848 | 0.48469644 | 0.48551502 | 0.50267094 | 0.50355691 | 0.48939319 | 0.48334188 | 0.50853242 | 0.50100604 | 0.52066981 | 0.50552764 | 0.47689076 | 0.48484848 | 0.52416542 | 0.52679474 | 0.48897796 | 0.48643006 | 0.49684596 | 0.01535047
Load  98 | 0.52016129 | 0.49361267 | 0.46446199 | 0.50546720 | 0.47804139 | 0.51472868 | 0.50199402 | 0.49189754 | 0.48161209 | 0.47950617 | 0.47950820 | 0.47807018 | 0.50125565 | 0.47408537 | 0.46903608 | 0.45910687 | 0.50411523 | 0.47441146 | 0.47623862 | 0.48470209 | 0.48660064 | 0.01635762
Load  99 | 0.48962025 | 0.51448551 | 0.52605703 | 0.48768989 | 0.49742268 | 0.50484941 | 0.50866463 | 0.49683210 | 0.46917450 | 0.50255102 | 0.49090909 | 0.48951407 | 0.50100100 | 0.50100604 | 0.48949257 | 0.48393574 | 0.50230415 | 0.49585062 | 0.52262556 | 0.49450549 | 0.49842457 | 0.01284161
Load 100 | 0.46340179 | 0.50122730 | 0.49670218 | 0.46765155 | 0.51341948 | 0.49034553 | 0.51752158 | 0.49554455 | 0.49192735 | 0.48524262 | 0.52587482 | 0.51120858 | 0.51490236 | 0.54673123 | 0.50581689 | 0.49434156 | 0.49491353 | 0.51748606 | 0.50024789 | 0.51890212 | 0.50267045 | 0.01883424
Load 101 | 0.51215953 | 0.53410814 | 0.51007371 | 0.50364254 | 0.52409944 | 0.53158406 | 0.49515059 | 0.52923687 | 0.52818690 | 0.51634944 | 0.52554745 | 0.47567288 | 0.52036660 | 0.53576714 | 0.53527380 | 0.51878173 | 0.53182042 | 0.52119701 | 0.52300000 | 0.52176063 | 0.51968894 | 0.01447631
Load 102 | 0.54312796 | 0.54323308 | 0.51384909 | 0.51311054 | 0.52390340 | 0.51710056 | 0.52681538 | 0.50906344 | 0.52463054 | 0.53171197 | 0.52173913 | 0.54333333 | 0.54462132 | 0.52990196 | 0.50152130 | 0.51700680 | 0.52999017 | 0.51338200 | 0.51183879 | 0.50198610 | 0.52309334 | 0.01314110
Load 103 | 0.53749395 | 0.52845927 | 0.54295533 | 0.50291545 | 0.53500986 | 0.51114413 | 0.53697598 | 0.51841085 | 0.52626552 | 0.53864391 | 0.52986513 | 0.51108921 | 0.51213592 | 0.51228250 | 0.52211127 | 0.53260870 | 0.50602410 | 0.51421801 | 0.51840645 | 0.53783133 | 0.52374234 | 0.01205907
Load 104 | 0.54420522 | 0.53677173 | 0.52551264 | 0.52173913 | 0.53005725 | 0.52561576 | 0.55419416 | 0.52107280 | 0.53320216 | 0.52834800 | 0.54656863 | 0.54516807 | 0.53811881 | 0.53508772 | 0.53214453 | 0.52158979 | 0.55598086 | 0.51957975 | 0.50894632 | 0.50364609 | 0.53137747 | 0.01339483
Load 105 | 0.54730369 | 0.54866828 | 0.54296331 | 0.52722196 | 0.52839269 | 0.54439795 | 0.54600372 | 0.56319703 | 0.52157421 | 0.53979401 | 0.54720526 | 0.53071253 | 0.56123885 | 0.54452690 | 0.54292683 | 0.54960707 | 0.53704578 | 0.55477198 | 0.56220767 | 0.53937381 | 0.54395668 | 0.01114974
Load 106 | 0.55524476 | 0.55350379 | 0.54120482 | 0.55880964 | 0.53510436 | 0.54203324 | 0.52036857 | 0.53713218 | 0.54292237 | 0.52960373 | 0.55560859 | 0.54066761 | 0.55566038 | 0.50297030 | 0.51858824 | 0.56590258 | 0.54789995 | 0.51952381 | 0.56688192 | 0.56975106 | 0.54296909 | 0.01762302
Load 107 | 0.53807339 | 0.56050657 | 0.55250113 | 0.55768333 | 0.55726257 | 0.55250710 | 0.56923077 | 0.55150934 | 0.54679335 | 0.56173121 | 0.54743833 | 0.55161140 | 0.53781513 | 0.54553734 | 0.50598670 | 0.53953257 | 0.54206963 | 0.54694836 | 0.54219708 | 0.54199906 | 0.54744672 | 0.01262529
Load 108 | 0.55203406 | 0.52935737 | 0.55313225 | 0.54443927 | 0.54427956 | 0.54635762 | 0.52162039 | 0.54943503 | 0.57293578 | 0.56128134 | 0.56713701 | 0.57351555 | 0.55354659 | 0.57483146 | 0.54990758 | 0.56402019 | 0.55770965 | 0.55281857 | 0.55192308 | 0.53333333 | 0.55268078 | 0.01388085
Load 109 | 0.55114155 | 0.58804598 | 0.56086357 | 0.55576740 | 0.55933763 | 0.57426179 | 0.55740038 | 0.58654670 | 0.59020045 | 0.54561879 | 0.53603391 | 0.58765210 | 0.56557008 | 0.54570637 | 0.54174229 | 0.55151515 | 0.59416325 | 0.54768650 | 0.55927476 | 0.55931439 | 0.56289215 | 0.01739261
Load 110 | 0.58251561 | 0.57588076 | 0.56235828 | 0.58203483 | 0.53658537 | 0.59322034 | 0.55778192 | 0.57174589 | 0.56368689 | 0.58937416 | 0.56425891 | 0.52344860 | 0.55947535 | 0.55759523 | 0.56577086 | 0.55701357 | 0.58084633 | 0.57181943 | 0.53792135 | 0.53935484 | 0.56363443 | 0.01809365
Load 111 | 0.57878521 | 0.55839926 | 0.58538694 | 0.57401539 | 0.54470803 | 0.55540661 | 0.55595027 | 0.54162936 | 0.58055925 | 0.56381039 | 0.57034728 | 0.56778087 | 0.56289308 | 0.59070796 | 0.59991079 | 0.59808195 | 0.56856492 | 0.56258293 | 0.57819687 | 0.58815672 | 0.57129371 | 0.01590199
Load 112 | 0.55915430 | 0.56978799 | 0.57344247 | 0.56131650 | 0.57027391 | 0.57032317 | 0.54632588 | 0.58901683 | 0.55990888 | 0.57123162 | 0.57434532 | 0.55448276 | 0.59298246 | 0.59595960 | 0.57358826 | 0.57257346 | 0.59955850 | 0.56734694 | 0.56697819 | 0.57070938 | 0.57196532 | 0.01327582
Load 113 | 0.59874044 | 0.56922399 | 0.58750574 | 0.57301870 | 0.60771565 | 0.56998684 | 0.57870792 | 0.57494505 | 0.57673596 | 0.59840202 | 0.56617003 | 0.59358524 | 0.56484642 | 0.57087295 | 0.58303249 | 0.57675244 | 0.56754347 | 0.58599562 | 0.55273698 | 0.58314856 | 0.57898332 | 0.01313290
Load 114 | 0.58759620 | 0.55288889 | 0.57231865 | 0.60026502 | 0.56218215 | 0.59395532 | 0.60394737 | 0.58307488 | 0.56097561 | 0.60730982 | 0.59781659 | 0.59101226 | 0.57445008 | 0.57616761 | 0.59043928 | 0.59876815 | 0.57111012 | 0.60867621 | 0.58303887 | 0.60420240 | 0.58600977 | 0.01610079
Load 115 | 0.60964164 | 0.60529688 | 0.59349241 | 0.59550562 | 0.58272766 | 0.59626009 | 0.59098863 | 0.59623610 | 0.60853199 | 0.59722222 | 0.59588441 | 0.60189573 | 0.58631212 | 0.58552925 | 0.59559776 | 0.59041864 | 0.59607843 | 0.60952786 | 0.59124726 | 0.58828417 | 0.59583394 | 0.00765883
Load 116 | 0.60290350 | 0.61255874 | 0.59941028 | 0.61061190 | 0.57075673 | 0.57310195 | 0.60943644 | 0.58446520 | 0.59190853 | 0.58407833 | 0.57234043 | 0.59180978 | 0.58555799 | 0.57042563 | 0.60138949 | 0.59427313 | 0.55516790 | 0.59585959 | 0.58955546 | 0.60191348 | 0.58987622 | 0.01507846
Load 117 | 0.61531987 | 0.61364588 | 0.59738065 | 0.59176672 | 0.62974009 | 0.59540034 | 0.57118928 | 0.58966695 | 0.58759883 | 0.58737864 | 0.61185058 | 0.55715532 | 0.60109290 | 0.60156895 | 0.59463987 | 0.59595108 | 0.59548611 | 0.58499778 | 0.61283644 | 0.59073523 | 0.59627008 | 0.01564256
Load 118 | 0.58717176 | 0.61033460 | 0.60632911 | 0.58482523 | 0.60000000 | 0.61178947 | 0.62232883 | 0.56313242 | 0.60258065 | 0.59752981 | 0.60884500 | 0.59373659 | 0.59686548 | 0.59857681 | 0.61816616 | 0.60272277 | 0.56542670 | 0.58690068 | 0.57082093 | 0.58464912 | 0.59563661 | 0.01595490
Load 119 | 0.61563922 | 0.58019467 | 0.60718816 | 0.59770586 | 0.61787303 | 0.62778011 | 0.60654362 | 0.60754717 | 0.61163793 | 0.61299790 | 0.60469083 | 0.60479537 | 0.60709705 | 0.62398374 | 0.60821355 | 0.61696870 | 0.60959740 | 0.59562842 | 0.60111159 | 0.60192953 | 0.60795619 | 0.01016184
Load 120 | 0.61851391 | 0.60591767 | 0.60883664 | 0.63090834 | 0.62320623 | 0.59874739 | 0.60779331 | 0.61147812 | 0.64270702 | 0.60793132 | 0.61664511 | 0.62261014 | 0.62515829 | 0.61062317 | 0.61744681 | 0.59709544 | 0.60220059 | 0.60282509 | 0.60129923 | 0.59279430 | 0.61223691 | 0.01214303
Load 121 | 0.59867604 | 0.62526405 | 0.62432320 | 0.61928512 | 0.59880495 | 0.60746079 | 0.64371630 | 0.64552709 | 0.62598262 | 0.61192214 | 0.60301303 | 0.63256956 | 0.62468619 | 0.61771058 | 0.60424628 | 0.62167689 | 0.62210694 | 0.60428689 | 0.61706513 | 0.64974420 | 0.61990340 | 0.01465000
Load 122 | 0.59780220 | 0.60860656 | 0.61168935 | 0.61407973 | 0.61770790 | 0.61092577 | 0.59983396 | 0.61970173 | 0.61070261 | 0.62794543 | 0.62621753 | 0.62418301 | 0.59991674 | 0.61672326 | 0.62495034 | 0.63498738 | 0.61697723 | 0.60351164 | 0.63041667 | 0.60928743 | 0.61530832 | 0.01037782
Load 123 | 0.59943066 | 0.62946058 | 0.62924606 | 0.62632247 | 0.62745098 | 0.61622718 | 0.61649660 | 0.63184864 | 0.59739732 | 0.64668519 | 0.60758966 | 0.60316104 | 0.61865456 | 0.59154334 | 0.63998341 | 0.62426152 | 0.61843687 | 0.61824185 | 0.61961921 | 0.63082584 | 0.61964415 | 0.01391126
Load 124 | 0.61800083 | 0.61891234 | 0.62949039 | 0.62070376 | 0.61811652 | 0.61881590 | 0.61720342 | 0.64885194 | 0.61014851 | 0.64167674 | 0.62320574 | 0.62628760 | 0.62019434 | 0.60814046 | 0.64103570 | 0.62234682 | 0.64632724 | 0.63854947 | 0.64522654 | 0.62267958 | 0.62679569 | 0.01204890
Load 125 | 0.62662338 | 0.63779846 | 0.61516510 | 0.64794465 | 0.63346939 | 0.64984472 | 0.63735834 | 0.62949922 | 0.63728946 | 0.64513588 | 0.65924789 | 0.62251656 | 0.62779553 | 0.61188119 | 0.63658537 | 0.63564603 | 0.63632619 | 0.63811395 | 0.61199365 | 0.62505067 | 0.63326428 | 0.01207909
Load 126 | 0.64331465 | 0.61952191 | 0.64543611 | 0.64406780 | 0.63705482 | 0.64297386 | 0.63120000 | 0.61383749 | 0.63445051 | 0.61857314 | 0.63516746 | 0.65593961 | 0.61011549 | 0.60899514 | 0.64248705 | 0.63329213 | 0.64849188 | 0.64306181 | 0.61382114 | 0.62041782 | 0.63211099 | 0.01384616
Load 127 | 0.65233119 | 0.62277304 | 0.63513514 | 0.61972951 | 0.62009419 | 0.64215494 | 0.65210547 | 0.65502183 | 0.63197172 | 0.64006385 | 0.62916006 | 0.61870504 | 0.62609040 | 0.63527468 | 0.64406100 | 0.64459513 | 0.66068643 | 0.64056940 | 0.64586583 | 0.63411718 | 0.63752530 | 0.01208326
Load 128 | 0.68025078 | 0.62068966 | 0.64146532 | 0.63928013 | 0.66028342 | 0.64808225 | 0.64567527 | 0.63369397 | 0.63744714 | 0.63871224 | 0.63267764 | 0.65893910 | 0.66431095 | 0.63217462 | 0.65117158 | 0.63581184 | 0.65401344 | 0.64587369 | 0.63566191 | 0.62907662 | 0.64426458 | 0.01371999
Load 129 | 0.65673864 | 0.63374327 | 0.66351607 | 0.63732809 | 0.65892373 | 0.64738510 | 0.62861550 | 0.62373541 | 0.64125048 | 0.63546992 | 0.64765861 | 0.65223994 | 0.63891051 | 0.64583333 | 0.64996145 | 0.62133975 | 0.64029052 | 0.62092756 | 0.67237443 | 0.63227308 | 0.64242577 | 0.01369933
Load 130 | 0.64123314 | 0.65205893 | 0.63544501 | 0.64517345 | 0.64161850 | 0.63760944 | 0.65535646 | 0.62921779 | 0.65541059 | 0.64422311 | 0.64939024 | 0.61938257 | 0.64056532 | 0.65170279 | 0.66219839 | 0.64629981 | 0.65096118 | 0.63458529 | 0.63532201 | 0.63200307 | 0.64298785 | 0.01012404
Load 131 | 0.64632768 | 0.64788732 | 0.64324117 | 0.64772300 | 0.64098728 | 0.62989458 | 0.65826120 | 0.64734300 | 0.65206090 | 0.62964396 | 0.64607369 | 0.62675789 | 0.64128257 | 0.64986636 | 0.65185753 | 0.64406780 | 0.63597347 | 0.65347303 | 0.65432580 | 0.64359862 | 0.64453234 | 0.00833382
Load 132 | 0.66727739 | 0.65111027 | 0.66406250 | 0.66578550 | 0.66083650 | 0.65723982 | 0.65488722 | 0.63519637 | 0.64051301 | 0.63695486 | 0.65306872 | 0.62361905 | 0.64097599 | 0.66276089 | 0.65102753 | 0.64111635 | 0.63896405 | 0.67620890 | 0.65578078 | 0.65214096 | 0.65147633 | 0.01275237
Load 133 | 0.66082984 | 0.64110549 | 0.64874816 | 0.64619993 | 0.67020470 | 0.66058533 | 0.66129032 | 0.66568157 | 0.66096140 | 0.63713080 | 0.66591592 | 0.64963235 | 0.65303783 | 0.66114109 | 0.66475754 | 0.67301829 | 0.66641791 | 0.64219845 | 0.65403018 | 0.64710198 | 0.65649945 | 0.01009074
Load 134 | 0.62086701 | 0.66167665 | 0.65447154 | 0.66211849 | 0.64078027 | 0.66973152 | 0.67491688 | 0.66641847 | 0.63353566 | 0.66717499 | 0.65828014 | 0.64101578 | 0.67087199 | 0.65242057 | 0.67293941 | 0.65285554 | 0.67106711 | 0.64802386 | 0.66245695 | 0.65808137 | 0.65698521 | 0.01396465
Load 135 | 0.67473414 | 0.66835260 | 0.67003745 | 0.66740741 | 0.66013564 | 0.66834532 | 0.64191976 | 0.65841770 | 0.65699007 | 0.63944817 | 0.65035755 | 0.65648855 | 0.66075388 | 0.66786744 | 0.66753829 | 0.64491654 | 0.67332123 | 0.65391688 | 0.66100443 | 0.66288309 | 0.66024181 | 0.00986838
Load 136 | 0.64633261 | 0.67344675 | 0.68081248 | 0.67441860 | 0.67902150 | 0.65939850 | 0.65549891 | 0.66312810 | 0.65184627 | 0.64922260 | 0.66901670 | 0.67953955 | 0.66629915 | 0.66925351 | 0.66871166 | 0.67173027 | 0.67704977 | 0.65062389 | 0.68563988 | 0.69395924 | 0.66824750 | 0.01267722
Load 137 | 0.68311127 | 0.66211730 | 0.66326902 | 0.67149059 | 0.65054368 | 0.66678967 | 0.66272401 | 0.66342693 | 0.66900888 | 0.67688331 | 0.66057727 | 0.65725661 | 0.65850986 | 0.66837858 | 0.67099567 | 0.65045045 | 0.67442720 | 0.68204400 | 0.66254545 | 0.67829181 | 0.66664208 | 0.00907583
Load 138 | 0.65881913 | 0.66642229 | 0.67754523 | 0.68115399 | 0.67544484 | 0.66366366 | 0.68796160 | 0.66985999 | 0.67382743 | 0.67160494 | 0.66442001 | 0.67739602 | 0.67947788 | 0.67980121 | 0.66397652 | 0.67262330 | 0.65306122 | 0.67598566 | 0.66800000 | 0.66460531 | 0.67128251 | 0.00826639
Load 139 | 0.65864874 | 0.68541741 | 0.68438061 | 0.67104303 | 0.67784740 | 0.66028369 | 0.67017914 | 0.69143666 | 0.66804836 | 0.64922967 | 0.65539112 | 0.64751498 | 0.66654492 | 0.68353068 | 0.67721980 | 0.67973124 | 0.67253653 | 0.68145743 | 0.67304965 | 0.67640845 | 0.67149498 | 0.01189415
Load 140 | 0.64671745 | 0.66332737 | 0.68085855 | 0.71981004 | 0.67314488 | 0.68098160 | 0.67774936 | 0.67416974 | 0.68559262 | 0.66844920 | 0.67918969 | 0.69978632 | 0.67523880 | 0.68082789 | 0.65895954 | 0.67552249 | 0.68522484 | 0.67499095 | 0.68047550 | 0.66867257 | 0.67748447 | 0.01441461
Load 141 | 0.68042705 | 0.66712095 | 0.67151989 | 0.67463432 | 0.64862033 | 0.70906631 | 0.67067138 | 0.67697344 | 0.68354885 | 0.69773300 | 0.68338109 | 0.66561625 | 0.68186676 | 0.66239316 | 0.67729366 | 0.69230769 | 0.66950355 | 0.67333810 | 0.67665327 | 0.67013266 | 0.67664009 | 0.01274261
Load 142 | 0.66163349 | 0.66666667 | 0.65975697 | 0.67109867 | 0.70375522 | 0.68347530 | 0.68397213 | 0.67602592 | 0.68828452 | 0.67982001 | 0.68096697 | 0.67563583 | 0.68085106 | 0.69565217 | 0.67445152 | 0.70100940 | 0.68167429 | 0.68526031 | 0.69109397 | 0.68943883 | 0.68152616 | 0.01143390
Load 143 | 0.69112932 | 0.66780239 | 0.67907801 | 0.66167336 | 0.69368083 | 0.68373702 | 0.68493151 | 0.68058076 | 0.66963332 | 0.67397260 | 0.67053854 | 0.68268551 | 0.67818182 | 0.65737191 | 0.67493113 | 0.69301533 | 0.68247788 | 0.67654235 | 0.67873624 | 0.67285714 | 0.67767785 | 0.00935139
Load 144 | 0.68271562 | 0.66957105 | 0.69818431 | 0.68939130 | 0.68164535 | 0.69249649 | 0.68213296 | 0.67199444 | 0.68081248 | 0.68880254 | 0.67758007 | 0.69083304 | 0.66792453 | 0.67859601 | 0.68349929 | 0.70298770 | 0.70017271 | 0.69877345 | 0.67985866 | 0.66632514 | 0.68421486 | 0.01059112
Load 145 | 0.68032787 | 0.68360599 | 0.68887408 | 0.68996232 | 0.67916519 | 0.67387513 | 0.69343814 | 0.67258177 | 0.69806188 | 0.68346565 | 0.69327874 | 0.70301783 | 0.67316239 | 0.69325369 | 0.70933056 | 0.66952937 | 0.68360041 | 0.68694463 | 0.70044658 | 0.67566620 | 0.68657942 | 0.01080257
Load 146 | 0.67441860 | 0.65871122 | 0.67094017 | 0.67255717 | 0.68828099 | 0.68997589 | 0.68148914 | 0.67873147 | 0.68539326 | 0.68996854 | 0.68537415 | 0.68229531 | 0.67011782 | 0.69771529 | 0.68874172 | 0.68568569 | 0.69337979 | 0.69172414 | 0.68932723 | 0.68633333 | 0.68305805 | 0.00930901
Load 147 | 0.68933698 | 0.66769547 | 0.70615641 | 0.69588313 | 0.67483138 | 0.71259710 | 0.68912449 | 0.69017887 | 0.71316508 | 0.67676431 | 0.71332209 | 0.70701696 | 0.67014977 | 0.71771772 | 0.70111826 | 0.67439482 | 0.67694416 | 0.70317782 | 0.69331984 | 0.67431507 | 0.69236049 | 0.01596800
Load 148 | 0.69497169 | 0.70541838 | 0.70309278 | 0.69585561 | 0.69020270 | 0.70603589 | 0.68325326 | 0.67727584 | 0.70071018 | 0.71348129 | 0.69632429 | 0.71164384 | 0.68972746 | 0.69207623 | 0.67438738 | 0.69810017 | 0.69371197 | 0.69284995 | 0.66780471 | 0.69874477 | 0.69428342 | 0.01150021
Load 149 | 0.67350370 | 0.70614487 | 0.70974430 | 0.70442359 | 0.70562029 | 0.69487525 | 0.69422043 | 0.67613440 | 0.68174204 | 0.68391562 | 0.68390007 | 0.69511401 | 0.69547325 | 0.69594145 | 0.70906040 | 0.71113275 | 0.69665895 | 0.70163170 | 0.70985823 | 0.69772727 | 0.69634113 | 0.01113938
Load 150 | 0.70039683 | 0.68599196 | 0.69665476 | 0.69475092 | 0.70855438 | 0.70883534 | 0.69786368 | 0.70682196 | 0.70296392 | 0.70596160 | 0.69956939 | 0.68198971 | 0.71481233 | 0.69825854 | 0.70282069 | 0.68892617 | 0.71772069 | 0.69972918 | 0.70149774 | 0.70615954 | 0.70101397 | 0.00864029
Load 151 | 0.70734160 | 0.70265668 | 0.70218487 | 0.70852163 | 0.70128552 | 0.71880091 | 0.68488529 | 0.70347107 | 0.71225937 | 0.69391892 | 0.68314452 | 0.69337017 | 0.69787645 | 0.68874834 | 0.70126836 | 0.72390797 | 0.72093023 | 0.69043760 | 0.70124754 | 0.68768376 | 0.70119704 | 0.01141868
Load 152 | 0.71582855 | 0.72392234 | 0.71857656 | 0.71325696 | 0.70451571 | 0.69530711 | 0.69763456 | 0.70083195 | 0.69310793 | 0.69738962 | 0.70578620 | 0.70774883 | 0.71537190 | 0.70990193 | 0.72121212 | 0.70837438 | 0.70303867 | 0.72167325 | 0.71696185 | 0.69645248 | 0.70834465 | 0.00943721
Load 153 | 0.70974026 | 0.72032787 | 0.71132075 | 0.70632579 | 0.70446515 | 0.70403439 | 0.71595710 | 0.68048700 | 0.70661715 | 0.70595813 | 0.69692058 | 0.70841362 | 0.70419355 | 0.71488673 | 0.71792360 | 0.69703799 | 0.73509507 | 0.70448461 | 0.71381032 | 0.70230263 | 0.70801511 | 0.01058210
Load 154 | 0.69275176 | 0.68701299 | 0.72175597 | 0.68113629 | 0.68766150 | 0.70457433 | 0.68798956 | 0.69762211 | 0.70396197 | 0.69816273 | 0.68886646 | 0.71791444 | 0.69942010 | 0.72499175 | 0.69791667 | 0.71739130 | 0.71369820 | 0.69117153 | 0.70202507 | 0.69921363 | 0.70076192 | 0.01230406
Load 155 | 0.69951378 | 0.72335601 | 0.74036317 | 0.69834983 | 0.69781631 | 0.71884058 | 0.71532616 | 0.71546870 | 0.70547264 | 0.70625595 | 0.71027732 | 0.69810085 | 0.72391445 | 0.72761546 | 0.70871560 | 0.71050975 | 0.70061829 | 0.71844353 | 0.70198891 | 0.71419313 | 0.71175702 | 0.01116288
Load 156 | 0.71388368 | 0.72138986 | 0.71222791 | 0.72072072 | 0.70550780 | 0.71125198 | 0.69967638 | 0.72377850 | 0.73799938 | 0.70656000 | 0.71306818 | 0.71633238 | 0.72271574 | 0.70674300 | 0.70739873 | 0.71808166 | 0.69869281 | 0.73225405 | 0.71503268 | 0.72176656 | 0.71525410 | 0.00976559
Load 157 | 0.73042071 | 0.72023047 | 0.72962963 | 0.68890357 | 0.73715726 | 0.69639907 | 0.70612769 | 0.71596474 | 0.70968770 | 0.71138598 | 0.71211642 | 0.70271980 | 0.72319440 | 0.71102066 | 0.71584000 | 0.71136364 | 0.70821349 | 0.71576308 | 0.72531769 | 0.71823899 | 0.71448475 | 0.01125251
Load 158 | 0.73762220 | 0.71717811 | 0.72148860 | 0.70058140 | 0.71000966 | 0.70682103 | 0.68293471 | 0.70575428 | 0.70887306 | 0.70797546 | 0.73318872 | 0.71401090 | 0.71473952 | 0.71586250 | 0.71532365 | 0.71171750 | 0.72385976 | 0.70822785 | 0.70525637 | 0.72116564 | 0.71312954 | 0.01137913
Load 159 | 0.72557998 | 0.71804511 | 0.70888889 | 0.72275394 | 0.71357254 | 0.73860837 | 0.73739561 | 0.70601266 | 0.71132727 | 0.73347880 | 0.71836228 | 0.71991037 | 0.70850589 | 0.70732494 | 0.71845256 | 0.69893857 | 0.70903865 | 0.72617946 | 0.69665810 | 0.72988506 | 0.71744595 | 0.01166320
Load 160 | 0.71397650 | 0.75161191 | 0.72126902 | 0.71928687 | 0.71442155 | 0.70618557 | 0.69927317 | 0.70830691 | 0.71464174 | 0.72466422 | 0.73282199 | 0.73003802 | 0.71731561 | 0.72924528 | 0.72630257 | 0.72642099 | 0.73425926 | 0.71496063 | 0.73712312 | 0.69828927 | 0.72102071 | 0.01282129
Load 161 | 0.71567436 | 0.72286079 | 0.73711340 | 0.69783734 | 0.71851174 | 0.73028536 | 0.71299188 | 0.72782688 | 0.71650124 | 0.73999370 | 0.71886447 | 0.72381242 | 0.71754548 | 0.71699267 | 0.72103275 | 0.72232529 | 0.73176761 | 0.72057001 | 0.72232416 | 0.71182266 | 0.72133271 | 0.00909459
Load 162 | 0.73235114 | 0.71881737 | 0.72203698 | 0.72210398 | 0.71065675 | 0.72881880 | 0.72902208 | 0.72211838 | 0.73027752 | 0.73520249 | 0.72889561 | 0.71617695 | 0.73101752 | 0.73053152 | 0.72032571 | 0.73199023 | 0.73033033 | 0.72207167 | 0.74007759 | 0.71876886 | 0.72607957 | 0.00705885
Load 163 | 0.71551196 | 0.72098765 | 0.74037874 | 0.71899285 | 0.70991432 | 0.74439324 | 0.73701894 | 0.71570146 | 0.71557352 | 0.71601655 | 0.73107448 | 0.72043702 | 0.72486120 | 0.72301361 | 0.74006116 | 0.72156250 | 0.73627037 | 0.72901003 | 0.71943332 | 0.72180917 | 0.72510110 | 0.00966249
Load 164 | 0.73302752 | 0.72982885 | 0.73826546 | 0.73272613 | 0.72854110 | 0.72891566 | 0.74947241 | 0.72744302 | 0.72632547 | 0.72810219 | 0.71215418 | 0.73228580 | 0.73294407 | 0.74584184 | 0.71290712 | 0.73584906 | 0.69865526 | 0.73427202 | 0.73983990 | 0.72559686 | 0.72964970 | 0.01121444
Load 165 | 0.71769749 | 0.73626698 | 0.72232416 | 0.70027838 | 0.72494734 | 0.72532061 | 0.72502264 | 0.72768949 | 0.73615635 | 0.72869886 | 0.72329511 | 0.73195568 | 0.75589376 | 0.74277108 | 0.74680463 | 0.72952323 | 0.73870870 | 0.73037127 | 0.72813519 | 0.73181818 | 0.73018396 | 0.01117392
Load 166 | 0.73247066 | 0.73851921 | 0.74126936 | 0.71879654 | 0.74453429 | 0.71516456 | 0.72318754 | 0.73032373 | 0.73061600 | 0.71720818 | 0.73187961 | 0.74343675 | 0.74227120 | 0.74918276 | 0.75168969 | 0.72657919 | 0.73485303 | 0.74571766 | 0.74309649 | 0.72178806 | 0.73412923 | 0.01078513
Load 167 | 0.71487240 | 0.73492881 | 0.73149793 | 0.73232908 | 0.74472511 | 0.75015161 | 0.71874081 | 0.73170732 | 0.72721694 | 0.74058451 | 0.74566647 | 0.72679662 | 0.72375367 | 0.71497006 | 0.72612990 | 0.75073833 | 0.74302849 | 0.74420704 | 0.72603568 | 0.73702101 | 0.73325509 | 0.01077853
Load 168 | 0.72182681 | 0.73564214 | 0.74640024 | 0.72043326 | 0.72820204 | 0.71867470 | 0.73425076 | 0.72825138 | 0.73883058 | 0.74254177 | 0.73231302 | 0.75686043 | 0.73273543 | 0.72928010 | 0.71493763 | 0.74821002 | 0.74571686 | 0.74841438 | 0.73004561 | 0.73317661 | 0.73433719 | 0.01086350
Load 169 | 0.72414806 | 0.72994186 | 0.71509378 | 0.74461722 | 0.74453395 | 0.74408983 | 0.76410106 | 0.71807876 | 0.74621100 | 0.74265361 | 0.74316290 | 0.73932124 | 0.72473763 | 0.73672122 | 0.73722189 | 0.75652174 | 0.73541792 | 0.73464590 | 0.71490148 | 0.74092802 | 0.73685245 | 0.01256095
Load 170 | 0.73906531 | 0.73665792 | 0.74464389 | 0.74149660 | 0.74225029 | 0.73586006 | 0.74251671 | 0.73881881 | 0.73052326 | 0.74115983 | 0.73707403 | 0.73232028 | 0.73652174 | 0.74289985 | 0.73726160 | 0.76556332 | 0.76145985 | 0.73713946 | 0.74403341 | 0.71403038 | 0.74006483 | 0.01016188
Load 171 | 0.73904382 | 0.73411765 | 0.74126285 | 0.73928466 | 0.74867413 | 0.74091306 | 0.73750753 | 0.74752187 | 0.73195568 | 0.73848397 | 0.74468696 | 0.73684211 | 0.74308653 | 0.74591867 | 0.74370709 | 0.74793632 | 0.73194685 | 0.73017293 | 0.75059382 | 0.74074074 | 0.74071986 | 0.00574700
Load 172 | 0.74744027 | 0.74755887 | 0.73056380 | 0.74470521 | 0.72936047 | 0.74847339 | 0.72892086 | 0.74080717 | 0.73625454 | 0.73515850 | 0.74254587 | 0.72105263 | 0.73512907 | 0.75230947 | 0.72807534 | 0.73083624 | 0.73546512 | 0.73466981 | 0.74299203 | 0.73082448 | 0.73715716 | 0.00811458
Load 173 | 0.73740501 | 0.73900293 | 0.74635143 | 0.73251499 | 0.73789004 | 0.71457845 | 0.73560584 | 0.72912594 | 0.74984967 | 0.75213675 | 0.75717243 | 0.74957794 | 0.74810937 | 0.73311318 | 0.73757629 | 0.75222765 | 0.73803382 | 0.74168354 | 0.73859041 | 0.74608597 | 0.74083158 | 0.00954928
Load 174 | 0.72952218 | 0.75978598 | 0.73829359 | 0.73685652 | 0.74798619 | 0.75474370 | 0.73228571 | 0.74503123 | 0.73730248 | 0.74942529 | 0.73415191 | 0.75278015 | 0.74364047 | 0.74692443 | 0.74332172 | 0.75215393 | 0.75516055 | 0.73769076 | 0.72954350 | 0.74748635 | 0.74370433 | 0.00871710
Load 175 | 0.75036369 | 0.76403207 | 0.74109195 | 0.75028703 | 0.74155070 | 0.75366999 | 0.74744318 | 0.73092142 | 0.76226950 | 0.74341521 | 0.74904943 | 0.74044097 | 0.73363559 | 0.73114849 | 0.74818472 | 0.74717964 | 0.73808156 | 0.75210450 | 0.74302620 | 0.74053296 | 0.74542144 | 0.00871186
Load 176 | 0.73713491 | 0.75098039 | 0.73940256 | 0.74136430 | 0.72877095 | 0.73677956 | 0.74294582 | 0.74071991 | 0.75169109 | 0.75811548 | 0.75685609 | 0.74207618 | 0.75281516 | 0.74879637 | 0.76468919 | 0.74049347 | 0.74385868 | 0.74694342 | 0.74680974 | 0.76495605 | 0.74680997 | 0.00918181
Load 177 | 0.75695382 | 0.72981878 | 0.73085586 | 0.74644280 | 0.74375897 | 0.75204283 | 0.75307966 | 0.74686788 | 0.75516956 | 0.75641387 | 0.78405594 | 0.76260258 | 0.74971591 | 0.74689266 | 0.73977273 | 0.75342466 | 0.75633362 | 0.74793976 | 0.75637791 | 0.74466292 | 0.75065914 | 0.01121293
Load 178 | 0.76817289 | 0.76189152 | 0.76211214 | 0.76341050 | 0.76405120 | 0.75007232 | 0.75798418 | 0.74880315 | 0.75398435 | 0.74922948 | 0.76129582 | 0.75382476 | 0.76645197 | 0.77706113 | 0.74192650 | 0.76106934 | 0.75049006 | 0.73857508 | 0.74928449 | 0.77621413 | 0.75779525 | 0.01003332
Load 179 | 0.75000000 | 0.74978796 | 0.73752834 | 0.75871534 | 0.75724332 | 0.74714882 | 0.75425384 | 0.77163395 | 0.75152018 | 0.75480769 | 0.74412247 | 0.75568828 | 0.75920759 | 0.74031891 | 0.75511876 | 0.76290367 | 0.75916084 | 0.75872410 | 0.75810885 | 0.74089754 | 0.75334452 | 0.00814469
Load 180 | 0.75779037 | 0.75401662 | 0.75028281 | 0.75691057 | 0.76079186 | 0.75229613 | 0.75295411 | 0.75340481 | 0.74743269 | 0.76598755 | 0.75648536 | 0.73475874 | 0.75487465 | 0.75992174 | 0.74462670 | 0.75779310 | 0.75805999 | 0.74455930 | 0.76334618 | 0.74800110 | 0.75371472 | 0.00712660
Load 181 | 0.75791793 | 0.75347696 | 0.74945355 | 0.73540095 | 0.76247943 | 0.76780272 | 0.76292043 | 0.75195095 | 0.75216058 | 0.76289791 | 0.76575602 | 0.74316324 | 0.74979558 | 0.75878029 | 0.75294763 | 0.74261254 | 0.75605772 | 0.75399272 | 0.75955679 | 0.75047567 | 0.75447998 | 0.00800262
Load 182 | 0.75793758 | 0.76297907 | 0.76048902 | 0.75811688 | 0.76669348 | 0.74875346 | 0.74931954 | 0.77440461 | 0.74895164 | 0.77598909 | 0.75310034 | 0.76221044 | 0.75078684 | 0.75928512 | 0.75847113 | 0.75793541 | 0.74571990 | 0.76468950 | 0.74957794 | 0.76876712 | 0.75870891 | 0.00839650
Load 183 | 0.75525606 | 0.74478595 | 0.75959430 | 0.74572060 | 0.75952764 | 0.75543478 | 0.75218103 | 0.76716738 | 0.77401444 | 0.74959525 | 0.75995779 | 0.75277162 | 0.75675676 | 0.76213184 | 0.76429131 | 0.74853964 | 0.75354031 | 0.75965433 | 0.75759249 | 0.73709315 | 0.75578033 | 0.00815352
Load 184 | 0.76258412 | 0.76243981 | 0.76011236 | 0.78107961 | 0.75465085 | 0.76464179 | 0.75224124 | 0.76960519 | 0.74460432 | 0.74827403 | 0.75550779 | 0.76771760 | 0.76198302 | 0.75805571 | 0.75408957 | 0.77442371 | 0.77202073 | 0.76346414 | 0.75479744 | 0.76871880 | 0.76155059 | 0.00887711
Load 185 | 0.76564215 | 0.75860229 | 0.76832845 | 0.76822987 | 0.74569790 | 0.76119403 | 0.77021960 | 0.75331565 | 0.77472962 | 0.76052211 | 0.77454642 | 0.76364127 | 0.76881575 | 0.77457098 | 0.76986527 | 0.76707907 | 0.75943786 | 0.75748503 | 0.75034751 | 0.76699029 | 0.76396306 | 0.00787432
Load 186 | 0.75505680 | 0.77043011 | 0.75040388 | 0.75973684 | 0.75013041 | 0.74855643 | 0.76750401 | 0.76161837 | 0.77608410 | 0.77117264 | 0.75453351 | 0.77851606 | 0.77754011 | 0.75949367 | 0.75996678 | 0.76762115 | 0.77097383 | 0.75075075 | 0.76656668 | 0.74979973 | 0.76232279 | 0.00969575
Load 187 | 0.77525719 | 0.75803901 | 0.78025478 | 0.75830158 | 0.76079378 | 0.76999463 | 0.75086047 | 0.76594595 | 0.77495953 | 0.75621755 | 0.77774841 | 0.78156258 | 0.77199571 | 0.77950820 | 0.76541555 | 0.76257279 | 0.75766621 | 0.75916511 | 0.76338697 | 0.77662683 | 0.76731364 | 0.00914307
Load 188 | 0.78495791 | 0.76568266 | 0.76635021 | 0.76643129 | 0.76454668 | 0.75374150 | 0.76544531 | 0.76274826 | 0.76595745 | 0.76330570 | 0.76486200 | 0.76189232 | 0.76364120 | 0.77919659 | 0.77367021 | 0.76779935 | 0.78123339 | 0.77023778 | 0.77181745 | 0.76868906 | 0.76811032 | 0.00704383
Load 189 | 0.77476080 | 0.76822576 | 0.77768839 | 0.78661749 | 0.77296588 | 0.74301529 | 0.76850674 | 0.75248821 | 0.76711964 | 0.77283751 | 0.77815880 | 0.76685318 | 0.77200313 | 0.76629735 | 0.75362694 | 0.77269201 | 0.77207063 | 0.75746168 | 0.77364506 | 0.75386227 | 0.76754484 | 0.01026510
Load 190 | 0.76520548 | 0.76372890 | 0.75693703 | 0.76547401 | 0.75856444 | 0.76953748 | 0.75929862 | 0.76595745 | 0.78182779 | 0.76658673 | 0.76569597 | 0.76172905 | 0.77704832 | 0.76664932 | 0.76945245 | 0.77862395 | 0.77572284 | 0.77112861 | 0.77624602 | 0.76492147 | 0.76801680 | 0.00674356
Load 191 | 0.77109067 | 0.76286296 | 0.78596939 | 0.76899305 | 0.77025557 | 0.77225131 | 0.76874507 | 0.77349081 | 0.75745683 | 0.76799790 | 0.77666049 | 0.78129049 | 0.77537741 | 0.77838828 | 0.77154150 | 0.78140507 | 0.78347578 | 0.76891084 | 0.76941054 | 0.78065359 | 0.77331138 | 0.00696164
Load 192 | 0.78711192 | 0.77372075 | 0.77660668 | 0.77851493 | 0.77175963 | 0.77577783 | 0.77021494 | 0.76853759 | 0.75465757 | 0.77374157 | 0.78427788 | 0.77930669 | 0.77137546 | 0.77026302 | 0.75653766 | 0.76900967 | 0.76187990 | 0.77766234 | 0.77196165 | 0.77175914 | 0.77223384 | 0.00780162
Load 193 | 0.77660939 | 0.76936983 | 0.77700973 | 0.78439425 | 0.76382306 | 0.78059623 | 0.78650814 | 0.77867610 | 0.76825397 | 0.78336404 | 0.77948977 | 0.77568627 | 0.76605033 | 0.78289132 | 0.78447607 | 0.77839898 | 0.77198444 | 0.76931330 | 0.76645603 | 0.77140633 | 0.77573788 | 0.00680089
Load 194 | 0.77525773 | 0.78179938 | 0.77427555 | 0.79381979 | 0.76516942 | 0.75286458 | 0.77777778 | 0.77077211 | 0.76228048 | 0.77373790 | 0.77380952 | 0.75489212 | 0.76512362 | 0.77438248 | 0.78205791 | 0.76480793 | 0.77425181 | 0.77315165 | 0.78201220 | 0.77509628 | 0.77236701 | 0.00935002
Load 195 | 0.78855530 | 0.78679681 | 0.78015464 | 0.79211922 | 0.77324263 | 0.78497865 | 0.77685115 | 0.77572016 | 0.75976921 | 0.78717814 | 0.76711271 | 0.77012987 | 0.79510856 | 0.77411826 | 0.78030878 | 0.77429150 | 0.77090433 | 0.77100372 | 0.76730869 | 0.77146563 | 0.77735590 | 0.00906248
Load 196 | 0.77336141 | 0.78389610 | 0.76731518 | 0.78460381 | 0.76753147 | 0.78144016 | 0.78459964 | 0.78325746 | 0.77090909 | 0.77863738 | 0.76320490 | 0.77808917 | 0.76491956 | 0.76722818 | 0.78254132 | 0.77578705 | 0.78164954 | 0.76487399 | 0.78025641 | 0.78601036 | 0.77600561 | 0.00762966
Load 197 | 0.77628579 | 0.77449733 | 0.77188531 | 0.77758097 | 0.78318136 | 0.77702363 | 0.78234704 | 0.77010050 | 0.78379065 | 0.76788875 | 0.76711271 | 0.80052151 | 0.75719557 | 0.76947971 | 0.76814205 | 0.77377559 | 0.78084253 | 0.77650064 | 0.78116202 | 0.77383367 | 0.77565737 | 0.00857835
Load 198 | 0.78468900 | 0.78294381 | 0.77873115 | 0.79040208 | 0.77027366 | 0.77034958 | 0.75230061 | 0.78304049 | 0.78705999 | 0.77012072 | 0.76813506 | 0.77918782 | 0.77439959 | 0.76685393 | 0.78949988 | 0.77659574 | 0.77992376 | 0.78071501 | 0.77697656 | 0.77852004 | 0.77703592 | 0.00876280
Load 199 | 0.78130467 | 0.77474490 | 0.77503737 | 0.76766898 | 0.79528158 | 0.77562189 | 0.79154002 | 0.76686657 | 0.77556173 | 0.79022005 | 0.78082888 | 0.77243270 | 0.78397213 | 0.77142857 | 0.79467005 | 0.78227216 | 0.78100128 | 0.77129493 | 0.80522744 | 0.77554563 | 0.78062608 | 0.00995309
Load 200 | 0.78253253 | 0.78546189 | 0.79402985 | 0.77833627 | 0.79013273 | 0.78448699 | 0.78234399 | 0.78819529 | 0.77240326 | 0.76665822 | 0.78681210 | 0.77467597 | 0.77948202 | 0.77761194 | 0.78027466 | 0.78597786 | 0.77697842 | 0.77110598 | 0.76767935 | 0.77221243 | 0.77986959 | 0.00736171
