# TODAS AS PROBABILIDADES (20 SIMULAÇÕES)
# Requisição 4: [1,4]
# Modo: CONJUNTO
# Data: 2026-02-12 20:27:47
# ================================================================================
# Formato: Load | Sim1 | Sim2 | ... | Sim20 | Média | DesvioPadrão
# ================================================================================

Load   1 | 0.00000000 | 0.00000000 | 0.00000000 | 0.00000000 | 0.00000000 | 0.00000000 | 0.00000000 | 0.00000000 | 0.00000000 | 0.00000000 | 0.00000000 | 0.00000000 | 0.00000000 | 0.00000000 | 0.00000000 | 0.00000000 | 0.00000000 | 0.00000000 | 0.00000000 | 0.00000000 | 0.00000000 | 0.00000000
Load   2 | 0.00000000 | 0.00000000 | 0.00000000 | 0.00000000 | 0.00000000 | 0.00000000 | 0.00000000 | 0.00000000 | 0.00000000 | 0.00000000 | 0.00000000 | 0.00000000 | 0.00000000 | 0.00000000 | 0.00000000 | 0.00000000 | 0.00000000 | 0.00000000 | 0.00000000 | 0.00000000 | 0.00000000 | 0.00000000
Load   3 | 0.00000000 | 0.00000000 | 0.00000000 | 0.00000000 | 0.00000000 | 0.00000000 | 0.00000000 | 0.00000000 | 0.00000000 | 0.00000000 | 0.00000000 | 0.00000000 | 0.00000000 | 0.00000000 | 0.00000000 | 0.00000000 | 0.00000000 | 0.00000000 | 0.00000000 | 0.00000000 | 0.00000000 | 0.00000000
Load   4 | 0.00000000 | 0.00000000 | 0.00000000 | 0.00000000 | 0.00000000 | 0.00000000 | 0.00000000 | 0.00000000 | 0.00000000 | 0.00000000 | 0.00000000 | 0.00000000 | 0.00000000 | 0.00000000 | 0.00000000 | 0.00000000 | 0.00000000 | 0.00000000 | 0.00000000 | 0.00000000 | 0.00000000 | 0.00000000
Load   5 | 0.00000000 | 0.00000000 | 0.00000000 | 0.00000000 | 0.00000000 | 0.00000000 | 0.00000000 | 0.00000000 | 0.00000000 | 0.00000000 | 0.00000000 | 0.00000000 | 0.00000000 | 0.00000000 | 0.00000000 | 0.00000000 | 0.00000000 | 0.00000000 | 0.00000000 | 0.00000000 | 0.00000000 | 0.00000000
Load   6 | 0.00000000 | 0.00000000 | 0.00000000 | 0.00000000 | 0.00000000 | 0.00000000 | 0.00000000 | 0.00000000 | 0.00000000 | 0.00000000 | 0.00000000 | 0.00000000 | 0.00000000 | 0.00000000 | 0.00000000 | 0.00000000 | 0.00000000 | 0.00000000 | 0.00000000 | 0.00000000 | 0.00000000 | 0.00000000
Load   7 | 0.00000000 | 0.00000000 | 0.00000000 | 0.00000000 | 0.00000000 | 0.00000000 | 0.00000000 | 0.00000000 | 0.00000000 | 0.00000000 | 0.00000000 | 0.00000000 | 0.00000000 | 0.00000000 | 0.00000000 | 0.00000000 | 0.00000000 | 0.00000000 | 0.00000000 | 0.00000000 | 0.00000000 | 0.00000000
Load   8 | 0.00000000 | 0.00000000 | 0.00000000 | 0.00000000 | 0.00000000 | 0.00000000 | 0.00000000 | 0.00000000 | 0.00000000 | 0.00000000 | 0.00000000 | 0.00000000 | 0.00000000 | 0.00000000 | 0.00000000 | 0.00000000 | 0.00000000 | 0.00000000 | 0.00000000 | 0.00000000 | 0.00000000 | 0.00000000
Load   9 | 0.00000000 | 0.00000000 | 0.00000000 | 0.00000000 | 0.00000000 | 0.00000000 | 0.00000000 | 0.00000000 | 0.00000000 | 0.00000000 | 0.00000000 | 0.00000000 | 0.00000000 | 0.00000000 | 0.00000000 | 0.00000000 | 0.00000000 | 0.00000000 | 0.00000000 | 0.00000000 | 0.00000000 | 0.00000000
Load  10 | 0.00000000 | 0.00000000 | 0.00000000 | 0.00000000 | 0.00000000 | 0.00000000 | 0.00000000 | 0.00000000 | 0.00000000 | 0.00000000 | 0.00000000 | 0.00000000 | 0.00000000 | 0.00000000 | 0.00000000 | 0.00000000 | 0.00000000 | 0.00000000 | 0.00000000 | 0.00000000 | 0.00000000 | 0.00000000
Load  11 | 0.00000000 | 0.00000000 | 0.00000000 | 0.00000000 | 0.00000000 | 0.00000000 | 0.00000000 | 0.00000000 | 0.00000000 | 0.00000000 | 0.00000000 | 0.00000000 | 0.00000000 | 0.00000000 | 0.00000000 | 0.00000000 | 0.00000000 | 0.00000000 | 0.00000000 | 0.00000000 | 0.00000000 | 0.00000000
Load  12 | 0.00000000 | 0.00000000 | 0.00000000 | 0.00000000 | 0.00000000 | 0.00000000 | 0.00000000 | 0.00000000 | 0.00000000 | 0.00000000 | 0.00000000 | 0.00000000 | 0.00000000 | 0.00000000 | 0.00000000 | 0.00000000 | 0.00000000 | 0.00000000 | 0.00000000 | 0.00000000 | 0.00000000 | 0.00000000
Load  13 | 0.00000000 | 0.00000000 | 0.00000000 | 0.00000000 | 0.00000000 | 0.00000000 | 0.00000000 | 0.00000000 | 0.00000000 | 0.00000000 | 0.00000000 | 0.00000000 | 0.00000000 | 0.00000000 | 0.00000000 | 0.00000000 | 0.00000000 | 0.00000000 | 0.00000000 | 0.00000000 | 0.00000000 | 0.00000000
Load  14 | 0.00000000 | 0.00000000 | 0.00000000 | 0.00000000 | 0.00000000 | 0.00000000 | 0.00000000 | 0.00000000 | 0.00000000 | 0.00000000 | 0.00000000 | 0.00000000 | 0.00000000 | 0.00000000 | 0.00000000 | 0.00000000 | 0.00000000 | 0.00000000 | 0.00000000 | 0.00000000 | 0.00000000 | 0.00000000
Load  15 | 0.00000000 | 0.00000000 | 0.00000000 | 0.00000000 | 0.00000000 | 0.00000000 | 0.00000000 | 0.00000000 | 0.00000000 | 0.00000000 | 0.00000000 | 0.00000000 | 0.00000000 | 0.00000000 | 0.00000000 | 0.00000000 | 0.00000000 | 0.00000000 | 0.00000000 | 0.00000000 | 0.00000000 | 0.00000000
Load  16 | 0.00000000 | 0.00000000 | 0.00000000 | 0.00000000 | 0.00000000 | 0.00000000 | 0.00000000 | 0.00000000 | 0.00000000 | 0.00000000 | 0.00000000 | 0.00000000 | 0.00000000 | 0.00000000 | 0.00000000 | 0.00000000 | 0.00000000 | 0.00000000 | 0.00000000 | 0.00000000 | 0.00000000 | 0.00000000
Load  17 | 0.00000000 | 0.00000000 | 0.00000000 | 0.00000000 | 0.00000000 | 0.00000000 | 0.00000000 | 0.00000000 | 0.00000000 | 0.00000000 | 0.00000000 | 0.00000000 | 0.00000000 | 0.00000000 | 0.00000000 | 0.00000000 | 0.00000000 | 0.00000000 | 0.00000000 | 0.00000000 | 0.00000000 | 0.00000000
Load  18 | 0.00000000 | 0.00000000 | 0.00000000 | 0.00000000 | 0.00000000 | 0.00000000 | 0.00000000 | 0.00000000 | 0.00000000 | 0.00000000 | 0.00000000 | 0.00000000 | 0.00000000 | 0.00000000 | 0.00000000 | 0.00000000 | 0.00000000 | 0.00000000 | 0.00000000 | 0.00000000 | 0.00000000 | 0.00000000
Load  19 | 0.00000000 | 0.00000000 | 0.00000000 | 0.00000000 | 0.00000000 | 0.00000000 | 0.00000000 | 0.00000000 | 0.00000000 | 0.00000000 | 0.00000000 | 0.00000000 | 0.00000000 | 0.00000000 | 0.00000000 | 0.00000000 | 0.00000000 | 0.00000000 | 0.00000000 | 0.00000000 | 0.00000000 | 0.00000000
Load  20 | 0.00000000 | 0.00000000 | 0.00000000 | 0.00000000 | 0.00000000 | 0.00000000 | 0.00000000 | 0.00000000 | 0.00000000 | 0.00000000 | 0.00000000 | 0.00000000 | 0.00000000 | 0.00000000 | 0.00000000 | 0.00000000 | 0.00000000 | 0.00000000 | 0.00000000 | 0.00000000 | 0.00000000 | 0.00000000
Load  21 | 0.00000000 | 0.00000000 | 0.00000000 | 0.00000000 | 0.00000000 | 0.00000000 | 0.00000000 | 0.00000000 | 0.00000000 | 0.00000000 | 0.00000000 | 0.00000000 | 0.00000000 | 0.00000000 | 0.00000000 | 0.00000000 | 0.00000000 | 0.00000000 | 0.00000000 | 0.00000000 | 0.00000000 | 0.00000000
Load  22 | 0.00000000 | 0.00000000 | 0.00000000 | 0.00000000 | 0.00000000 | 0.00000000 | 0.00000000 | 0.00000000 | 0.00000000 | 0.00000000 | 0.00000000 | 0.00000000 | 0.00000000 | 0.00000000 | 0.00000000 | 0.00000000 | 0.00000000 | 0.00000000 | 0.00000000 | 0.00000000 | 0.00000000 | 0.00000000
Load  23 | 0.00000000 | 0.00000000 | 0.00000000 | 0.00000000 | 0.00000000 | 0.00000000 | 0.00000000 | 0.00000000 | 0.00000000 | 0.00000000 | 0.00000000 | 0.00000000 | 0.00000000 | 0.00000000 | 0.00000000 | 0.00000000 | 0.00000000 | 0.00000000 | 0.00000000 | 0.00000000 | 0.00000000 | 0.00000000
Load  24 | 0.00000000 | 0.00000000 | 0.00000000 | 0.00000000 | 0.00000000 | 0.00000000 | 0.00000000 | 0.00000000 | 0.00000000 | 0.00000000 | 0.00000000 | 0.00000000 | 0.00000000 | 0.00000000 | 0.00000000 | 0.00000000 | 0.00000000 | 0.00000000 | 0.00000000 | 0.00000000 | 0.00000000 | 0.00000000
Load  25 | 0.00000000 | 0.00000000 | 0.00000000 | 0.00000000 | 0.00000000 | 0.00000000 | 0.00000000 | 0.00000000 | 0.00000000 | 0.00000000 | 0.00000000 | 0.00000000 | 0.00000000 | 0.00000000 | 0.00000000 | 0.00000000 | 0.00000000 | 0.00000000 | 0.00000000 | 0.00000000 | 0.00000000 | 0.00000000
Load  26 | 0.00000000 | 0.00000000 | 0.00000000 | 0.00000000 | 0.00000000 | 0.00000000 | 0.00000000 | 0.00000000 | 0.00000000 | 0.00000000 | 0.00000000 | 0.00000000 | 0.00000000 | 0.00000000 | 0.00000000 | 0.00000000 | 0.00000000 | 0.00000000 | 0.00000000 | 0.00000000 | 0.00000000 | 0.00000000
Load  27 | 0.00000000 | 0.00000000 | 0.00000000 | 0.00000000 | 0.00000000 | 0.00000000 | 0.00000000 | 0.00000000 | 0.00000000 | 0.00000000 | 0.00000000 | 0.00000000 | 0.00000000 | 0.00000000 | 0.00000000 | 0.00000000 | 0.00000000 | 0.00000000 | 0.00000000 | 0.00000000 | 0.00000000 | 0.00000000
Load  28 | 0.00000000 | 0.00000000 | 0.00000000 | 0.00000000 | 0.00000000 | 0.00000000 | 0.00000000 | 0.00000000 | 0.00000000 | 0.00000000 | 0.00000000 | 0.00000000 | 0.00000000 | 0.00000000 | 0.00000000 | 0.00000000 | 0.00000000 | 0.00000000 | 0.00000000 | 0.00000000 | 0.00000000 | 0.00000000
Load  29 | 0.00000000 | 0.00000000 | 0.00000000 | 0.00000000 | 0.00000000 | 0.00000000 | 0.00000000 | 0.00000000 | 0.00000000 | 0.00000000 | 0.00000000 | 0.00000000 | 0.00000000 | 0.00000000 | 0.00000000 | 0.00000000 | 0.00000000 | 0.00000000 | 0.00000000 | 0.00000000 | 0.00000000 | 0.00000000
Load  30 | 0.00000000 | 0.00000000 | 0.00000000 | 0.00000000 | 0.00000000 | 0.00000000 | 0.00000000 | 0.00000000 | 0.00000000 | 0.00000000 | 0.00000000 | 0.00000000 | 0.00000000 | 0.00000000 | 0.00000000 | 0.00000000 | 0.00000000 | 0.00000000 | 0.00000000 | 0.00000000 | 0.00000000 | 0.00000000
Load  31 | 0.00000000 | 0.00000000 | 0.00000000 | 0.00000000 | 0.00000000 | 0.00000000 | 0.00000000 | 0.00000000 | 0.00000000 | 0.00000000 | 0.00000000 | 0.00000000 | 0.00000000 | 0.00000000 | 0.00000000 | 0.00000000 | 0.00000000 | 0.00000000 | 0.00000000 | 0.00000000 | 0.00000000 | 0.00000000
Load  32 | 0.00000000 | 0.00000000 | 0.00000000 | 0.00000000 | 0.00000000 | 0.00000000 | 0.00000000 | 0.00000000 | 0.00000000 | 0.00000000 | 0.00000000 | 0.00000000 | 0.00000000 | 0.00000000 | 0.00000000 | 0.00000000 | 0.00000000 | 0.00000000 | 0.00000000 | 0.00000000 | 0.00000000 | 0.00000000
Load  33 | 0.00000000 | 0.00000000 | 0.00000000 | 0.00000000 | 0.00000000 | 0.00000000 | 0.00000000 | 0.00000000 | 0.00000000 | 0.00000000 | 0.00000000 | 0.00000000 | 0.00000000 | 0.00000000 | 0.00000000 | 0.00000000 | 0.00000000 | 0.00000000 | 0.00000000 | 0.00000000 | 0.00000000 | 0.00000000
Load  34 | 0.00000000 | 0.00000000 | 0.00000000 | 0.00000000 | 0.00000000 | 0.00000000 | 0.00000000 | 0.00000000 | 0.00000000 | 0.00000000 | 0.00000000 | 0.00000000 | 0.00000000 | 0.00000000 | 0.00000000 | 0.00000000 | 0.00000000 | 0.00000000 | 0.00000000 | 0.00000000 | 0.00000000 | 0.00000000
Load  35 | 0.00000000 | 0.00000000 | 0.00000000 | 0.00000000 | 0.00000000 | 0.00000000 | 0.00000000 | 0.00000000 | 0.00000000 | 0.00000000 | 0.00000000 | 0.00000000 | 0.00000000 | 0.00000000 | 0.00000000 | 0.00000000 | 0.00000000 | 0.00000000 | 0.00000000 | 0.00000000 | 0.00000000 | 0.00000000
Load  36 | 0.00000000 | 0.00000000 | 0.00000000 | 0.00000000 | 0.00000000 | 0.00000000 | 0.00000000 | 0.00000000 | 0.00000000 | 0.00000000 | 0.00000000 | 0.00000000 | 0.00000000 | 0.00000000 | 0.00000000 | 0.00000000 | 0.00000000 | 0.00000000 | 0.00000000 | 0.00000000 | 0.00000000 | 0.00000000
Load  37 | 0.00000000 | 0.00000000 | 0.00000000 | 0.00000000 | 0.00000000 | 0.00000000 | 0.00000000 | 0.00000000 | 0.00000000 | 0.00000000 | 0.00000000 | 0.00000000 | 0.00000000 | 0.00000000 | 0.00000000 | 0.00000000 | 0.00000000 | 0.00000000 | 0.00000000 | 0.00000000 | 0.00000000 | 0.00000000
Load  38 | 0.00000000 | 0.00000000 | 0.00000000 | 0.00000000 | 0.00000000 | 0.00000000 | 0.00000000 | 0.00000000 | 0.00000000 | 0.00000000 | 0.00000000 | 0.00000000 | 0.00000000 | 0.00000000 | 0.00000000 | 0.00000000 | 0.00000000 | 0.00000000 | 0.00000000 | 0.00000000 | 0.00000000 | 0.00000000
Load  39 | 0.00000000 | 0.00000000 | 0.00000000 | 0.00000000 | 0.00000000 | 0.00000000 | 0.00000000 | 0.00000000 | 0.00000000 | 0.00000000 | 0.00000000 | 0.00000000 | 0.00000000 | 0.00000000 | 0.00000000 | 0.00000000 | 0.00000000 | 0.00000000 | 0.00000000 | 0.00000000 | 0.00000000 | 0.00000000
Load  40 | 0.00000000 | 0.00000000 | 0.00000000 | 0.00000000 | 0.00000000 | 0.00000000 | 0.00000000 | 0.00000000 | 0.00000000 | 0.00000000 | 0.00000000 | 0.00000000 | 0.00000000 | 0.00000000 | 0.00000000 | 0.00000000 | 0.00000000 | 0.00000000 | 0.00000000 | 0.00000000 | 0.00000000 | 0.00000000
Load  41 | 0.00000000 | 0.00000000 | 0.00000000 | 0.00000000 | 0.00000000 | 0.00000000 | 0.00000000 | 0.00000000 | 0.00000000 | 0.00000000 | 0.00000000 | 0.00000000 | 0.00000000 | 0.00000000 | 0.00000000 | 0.00000000 | 0.00000000 | 0.00000000 | 0.00000000 | 0.00000000 | 0.00000000 | 0.00000000
Load  42 | 0.00000000 | 0.00000000 | 0.00000000 | 0.00000000 | 0.00000000 | 0.00000000 | 0.00000000 | 0.00000000 | 0.00000000 | 0.00000000 | 0.00000000 | 0.00000000 | 0.00000000 | 0.00000000 | 0.00000000 | 0.00000000 | 0.00000000 | 0.00000000 | 0.00000000 | 0.00000000 | 0.00000000 | 0.00000000
Load  43 | 0.00000000 | 0.00000000 | 0.00000000 | 0.00000000 | 0.00000000 | 0.00000000 | 0.00000000 | 0.00000000 | 0.00000000 | 0.00000000 | 0.00000000 | 0.00000000 | 0.00000000 | 0.00000000 | 0.00000000 | 0.00000000 | 0.00000000 | 0.00000000 | 0.00000000 | 0.00000000 | 0.00000000 | 0.00000000
Load  44 | 0.00000000 | 0.00000000 | 0.00000000 | 0.00000000 | 0.00000000 | 0.00000000 | 0.00000000 | 0.00000000 | 0.00000000 | 0.00000000 | 0.00000000 | 0.00000000 | 0.00000000 | 0.00000000 | 0.00000000 | 0.00000000 | 0.00000000 | 0.00000000 | 0.00000000 | 0.00000000 | 0.00000000 | 0.00000000
Load  45 | 0.00000000 | 0.00000000 | 0.00000000 | 0.00000000 | 0.00000000 | 0.00000000 | 0.00000000 | 0.00109290 | 0.00000000 | 0.00000000 | 0.00000000 | 0.00000000 | 0.00000000 | 0.00000000 | 0.00000000 | 0.00000000 | 0.00000000 | 0.00000000 | 0.00000000 | 0.00000000 | 0.00005464 | 0.00023819
Load  46 | 0.00000000 | 0.00000000 | 0.00000000 | 0.00000000 | 0.00000000 | 0.00000000 | 0.00000000 | 0.00107411 | 0.00000000 | 0.00000000 | 0.00000000 | 0.00000000 | 0.00000000 | 0.00000000 | 0.00000000 | 0.00000000 | 0.00000000 | 0.00000000 | 0.00000000 | 0.00000000 | 0.00005371 | 0.00023410
Load  47 | 0.00208986 | 0.00000000 | 0.00000000 | 0.00000000 | 0.00000000 | 0.00000000 | 0.00000000 | 0.00000000 | 0.00000000 | 0.00000000 | 0.00000000 | 0.00000000 | 0.00000000 | 0.00106838 | 0.00000000 | 0.00000000 | 0.00000000 | 0.00000000 | 0.00000000 | 0.00000000 | 0.00015791 | 0.00050051
Load  48 | 0.00000000 | 0.00000000 | 0.00000000 | 0.00000000 | 0.00000000 | 0.00000000 | 0.00000000 | 0.00000000 | 0.00000000 | 0.00000000 | 0.00000000 | 0.00000000 | 0.00000000 | 0.00000000 | 0.00000000 | 0.00000000 | 0.00000000 | 0.00000000 | 0.00000000 | 0.00000000 | 0.00000000 | 0.00000000
Load  49 | 0.00000000 | 0.00000000 | 0.00000000 | 0.00000000 | 0.00000000 | 0.00000000 | 0.00101010 | 0.00000000 | 0.00697211 | 0.00000000 | 0.00099404 | 0.00099502 | 0.00396040 | 0.00000000 | 0.00000000 | 0.00000000 | 0.00000000 | 0.00212766 | 0.00000000 | 0.00200200 | 0.00090307 | 0.00172508
Load  50 | 0.00000000 | 0.00000000 | 0.00000000 | 0.00101833 | 0.00000000 | 0.00000000 | 0.00195886 | 0.00101112 | 0.00000000 | 0.00000000 | 0.00000000 | 0.00000000 | 0.00000000 | 0.00000000 | 0.00000000 | 0.00000000 | 0.00391773 | 0.00000000 | 0.00000000 | 0.00000000 | 0.00039530 | 0.00095184
Load  51 | 0.00000000 | 0.00285171 | 0.00000000 | 0.00292683 | 0.00099602 | 0.00000000 | 0.00191571 | 0.00199601 | 0.00000000 | 0.00000000 | 0.00000000 | 0.00000000 | 0.00000000 | 0.00000000 | 0.00199402 | 0.00293542 | 0.00199402 | 0.00093197 | 0.00000000 | 0.00191022 | 0.00102260 | 0.00112954
Load  52 | 0.00000000 | 0.00000000 | 0.00190295 | 0.00096432 | 0.00093371 | 0.00000000 | 0.00098717 | 0.00367985 | 0.00099800 | 0.00000000 | 0.00000000 | 0.00000000 | 0.00187441 | 0.00000000 | 0.00000000 | 0.00000000 | 0.00190658 | 0.00193611 | 0.00000000 | 0.00290416 | 0.00090436 | 0.00109335
Load  53 | 0.00000000 | 0.00000000 | 0.00093985 | 0.00180832 | 0.00099900 | 0.00000000 | 0.00000000 | 0.00000000 | 0.00090744 | 0.00462963 | 0.00000000 | 0.00094251 | 0.00289017 | 0.00377358 | 0.00294695 | 0.00000000 | 0.00092937 | 0.00000000 | 0.00198807 | 0.00000000 | 0.00113774 | 0.00138746
Load  54 | 0.00090334 | 0.00189753 | 0.00000000 | 0.00095147 | 0.00090827 | 0.00091743 | 0.00271493 | 0.00625559 | 0.00000000 | 0.00000000 | 0.00000000 | 0.00555556 | 0.00185529 | 0.00000000 | 0.00188324 | 0.00279590 | 0.00263620 | 0.00356189 | 0.00174672 | 0.00090992 | 0.00177466 | 0.00172755
Load  55 | 0.00447628 | 0.00000000 | 0.00176056 | 0.00527241 | 0.00091912 | 0.00260417 | 0.00377715 | 0.00189934 | 0.00174978 | 0.00000000 | 0.00098328 | 0.00000000 | 0.00094340 | 0.00000000 | 0.00088106 | 0.00090992 | 0.00360685 | 0.00271248 | 0.00089286 | 0.00468604 | 0.00190373 | 0.00163703
Load  56 | 0.00000000 | 0.00091491 | 0.00090253 | 0.00000000 | 0.00088417 | 0.00000000 | 0.00000000 | 0.00351185 | 0.00000000 | 0.00543971 | 0.00438596 | 0.00434028 | 0.00000000 | 0.00636943 | 0.00087336 | 0.00000000 | 0.00180180 | 0.00731261 | 0.00176991 | 0.00175593 | 0.00201312 | 0.00229834
Load  57 | 0.00000000 | 0.00000000 | 0.00174216 | 0.00168492 | 0.00000000 | 0.00086806 | 0.00520833 | 0.00184162 | 0.00000000 | 0.00446828 | 0.00175131 | 0.00348736 | 0.00000000 | 0.00356824 | 0.00626118 | 0.00592217 | 0.00430293 | 0.00174672 | 0.00538117 | 0.00185357 | 0.00250440 | 0.00209601
Load  58 | 0.00421941 | 0.00257511 | 0.00085837 | 0.00607639 | 0.00258398 | 0.00250417 | 0.00686695 | 0.00085690 | 0.00591716 | 0.00000000 | 0.00339847 | 0.00449236 | 0.00087413 | 0.00663900 | 0.00000000 | 0.00531444 | 0.00084674 | 0.00337838 | 0.00000000 | 0.00444050 | 0.00309212 | 0.00227357
Load  59 | 0.00874891 | 0.00165837 | 0.00259965 | 0.01023891 | 0.01681416 | 0.00592718 | 0.00173461 | 0.00172117 | 0.00660611 | 0.00839631 | 0.00082034 | 0.00337553 | 0.00256410 | 0.00085324 | 0.00258844 | 0.00167224 | 0.00000000 | 0.00697472 | 0.00320256 | 0.00324939 | 0.00448730 | 0.00402775
Load  60 | 0.00333890 | 0.00765306 | 0.00331400 | 0.00950735 | 0.00778547 | 0.00422297 | 0.01736973 | 0.00659522 | 0.00581879 | 0.00493827 | 0.00665557 | 0.00351185 | 0.00605536 | 0.00413565 | 0.00810373 | 0.00251678 | 0.00079051 | 0.00703606 | 0.00821018 | 0.00261552 | 0.00600875 | 0.00344724
Load  61 | 0.00587248 | 0.00658979 | 0.00162602 | 0.00840336 | 0.01145663 | 0.00583333 | 0.00891410 | 0.00385505 | 0.00906843 | 0.00509771 | 0.01859337 | 0.00740741 | 0.00411862 | 0.00834028 | 0.00501253 | 0.01576763 | 0.00266904 | 0.00392773 | 0.01222494 | 0.01173709 | 0.00782578 | 0.00427056
Load  62 | 0.00404204 | 0.00412541 | 0.00551615 | 0.02034174 | 0.00946372 | 0.00504202 | 0.00318979 | 0.00323625 | 0.01158940 | 0.00243704 | 0.01874491 | 0.00870253 | 0.00971660 | 0.01344538 | 0.00393701 | 0.00403551 | 0.00516796 | 0.00261097 | 0.00844595 | 0.00689127 | 0.00753408 | 0.00502314
Load  63 | 0.00157604 | 0.00776398 | 0.00979653 | 0.00477707 | 0.00925926 | 0.01146789 | 0.00831947 | 0.01412873 | 0.02012882 | 0.01154163 | 0.00901639 | 0.00749064 | 0.01416208 | 0.01933488 | 0.00635425 | 0.00996678 | 0.01386749 | 0.01207729 | 0.01336478 | 0.01260835 | 0.01085012 | 0.00435196
Load  64 | 0.00454545 | 0.01183899 | 0.03088803 | 0.01510334 | 0.01356744 | 0.00896191 | 0.01329163 | 0.00471698 | 0.00636943 | 0.00706991 | 0.00735294 | 0.00157978 | 0.00803213 | 0.01611665 | 0.01866252 | 0.00397141 | 0.00405515 | 0.00566343 | 0.00944882 | 0.01006971 | 0.01006528 | 0.00653739
Load  65 | 0.01428571 | 0.01466276 | 0.01334322 | 0.00308166 | 0.00558659 | 0.01308699 | 0.01382488 | 0.01757188 | 0.00596570 | 0.01239349 | 0.02301411 | 0.00454201 | 0.01811321 | 0.00876494 | 0.00629921 | 0.00400962 | 0.00382555 | 0.00967262 | 0.00606980 | 0.01013250 | 0.01041232 | 0.00542451
Load  66 | 0.01567164 | 0.00615385 | 0.01778809 | 0.01716418 | 0.03021583 | 0.02407825 | 0.01809955 | 0.02210366 | 0.00685976 | 0.01882530 | 0.01524390 | 0.01927354 | 0.02028081 | 0.01273885 | 0.01365706 | 0.00822737 | 0.02252615 | 0.01223242 | 0.01617874 | 0.00988593 | 0.01636024 | 0.00591565
Load  67 | 0.00674663 | 0.01256467 | 0.02238806 | 0.01996928 | 0.02544333 | 0.01875469 | 0.01545595 | 0.01537335 | 0.03230543 | 0.01379310 | 0.02037736 | 0.01743745 | 0.00943396 | 0.01222307 | 0.03115727 | 0.01400147 | 0.01989683 | 0.01065449 | 0.02531646 | 0.00896861 | 0.01761307 | 0.00693714
Load  68 | 0.00813609 | 0.03089888 | 0.01747720 | 0.01564829 | 0.01120239 | 0.02558315 | 0.02836364 | 0.02303816 | 0.02020958 | 0.02191381 | 0.00372024 | 0.01841360 | 0.01327434 | 0.02805049 | 0.02106847 | 0.01264881 | 0.01941050 | 0.04267844 | 0.03470255 | 0.01590909 | 0.02061738 | 0.00908022
Load  69 | 0.02466368 | 0.02121212 | 0.02743682 | 0.01368876 | 0.01946108 | 0.01287554 | 0.01828822 | 0.02812731 | 0.03076923 | 0.01741655 | 0.03034390 | 0.03581871 | 0.02698651 | 0.03113136 | 0.02361111 | 0.02108222 | 0.02998501 | 0.02654232 | 0.01349432 | 0.02272727 | 0.02378310 | 0.00636877
Load  70 | 0.01680672 | 0.02434077 | 0.02510460 | 0.03375527 | 0.01155235 | 0.02573267 | 0.02132196 | 0.01693610 | 0.02099928 | 0.02251935 | 0.02327327 | 0.02358491 | 0.00736377 | 0.03474114 | 0.03118356 | 0.00745156 | 0.02698864 | 0.03244412 | 0.02764340 | 0.04294918 | 0.02383463 | 0.00878858
Load  71 | 0.04152485 | 0.01337087 | 0.02362205 | 0.01387874 | 0.03182461 | 0.02143385 | 0.02532512 | 0.02166065 | 0.03003413 | 0.01811847 | 0.02080344 | 0.03716690 | 0.01399580 | 0.05442177 | 0.03201113 | 0.04566823 | 0.03986014 | 0.01721664 | 0.02145923 | 0.01882845 | 0.02711125 | 0.01128877
Load  72 | 0.03619588 | 0.01945245 | 0.03382950 | 0.02439024 | 0.03477051 | 0.03044983 | 0.03436426 | 0.04232425 | 0.02399435 | 0.02349869 | 0.02532562 | 0.03107735 | 0.02395619 | 0.01788171 | 0.03417015 | 0.04383562 | 0.01923077 | 0.03768116 | 0.03278689 | 0.03211991 | 0.03006677 | 0.00731559
Load  73 | 0.03195105 | 0.03005464 | 0.04108635 | 0.02063274 | 0.02498312 | 0.02657343 | 0.03138075 | 0.03858949 | 0.01864641 | 0.04118839 | 0.04590818 | 0.05017422 | 0.02975779 | 0.02853067 | 0.02642559 | 0.02544170 | 0.03016086 | 0.03086014 | 0.03344710 | 0.02560554 | 0.03156991 | 0.00793616
Load  74 | 0.03512397 | 0.05370496 | 0.04436860 | 0.04137931 | 0.03255485 | 0.03693380 | 0.02766252 | 0.03688239 | 0.03587736 | 0.03898769 | 0.03107345 | 0.05469278 | 0.04413702 | 0.03190767 | 0.02766252 | 0.03477644 | 0.05163043 | 0.03816794 | 0.03026227 | 0.03851444 | 0.03831502 | 0.00779072
Load  75 | 0.02989130 | 0.03486842 | 0.03968770 | 0.04945799 | 0.05188067 | 0.05006676 | 0.04590164 | 0.04874835 | 0.04112406 | 0.04840849 | 0.04654255 | 0.03212577 | 0.03221385 | 0.07425068 | 0.05217966 | 0.03097643 | 0.05319149 | 0.04922280 | 0.04758757 | 0.03079948 | 0.04445628 | 0.01052693
Load  76 | 0.07055805 | 0.02388852 | 0.06575682 | 0.03496974 | 0.03768681 | 0.04211230 | 0.03310345 | 0.03921569 | 0.03364738 | 0.03780965 | 0.03236246 | 0.06037992 | 0.02939118 | 0.08156712 | 0.06860841 | 0.05232558 | 0.02737851 | 0.02839335 | 0.05621487 | 0.05936675 | 0.04573683 | 0.01664846
Load  77 | 0.06242038 | 0.06887755 | 0.04989747 | 0.03803596 | 0.08946701 | 0.05236593 | 0.06451613 | 0.04884668 | 0.04725415 | 0.05301047 | 0.05352480 | 0.05932762 | 0.04128440 | 0.04695767 | 0.05366492 | 0.05750799 | 0.06360202 | 0.04096229 | 0.03883495 | 0.05975842 | 0.05450584 | 0.01179119
Load  78 | 0.05472313 | 0.04805793 | 0.05032258 | 0.07165305 | 0.05321945 | 0.03236682 | 0.05148515 | 0.07306226 | 0.06122449 | 0.04401294 | 0.03989362 | 0.05537874 | 0.04671632 | 0.03139013 | 0.06683323 | 0.06060606 | 0.07351154 | 0.04094293 | 0.05149935 | 0.05060089 | 0.05287503 | 0.01197577
Load  79 | 0.05874840 | 0.06929434 | 0.07463631 | 0.06173594 | 0.04854981 | 0.08082707 | 0.05169113 | 0.04959702 | 0.08206107 | 0.07482562 | 0.05396825 | 0.06146281 | 0.05640051 | 0.04110429 | 0.07240705 | 0.05723473 | 0.06573070 | 0.07268170 | 0.07210031 | 0.07535121 | 0.06402041 | 0.01134986
Load  80 | 0.05612245 | 0.05372946 | 0.06563467 | 0.08238994 | 0.07217125 | 0.05059920 | 0.04661280 | 0.06963614 | 0.09615385 | 0.07803993 | 0.05212969 | 0.05572949 | 0.06295844 | 0.06286455 | 0.06433479 | 0.05562423 | 0.05502239 | 0.06832298 | 0.04888889 | 0.07367150 | 0.06353183 | 0.01228526
Load  81 | 0.06291998 | 0.07607362 | 0.06192520 | 0.05875153 | 0.07813446 | 0.06607370 | 0.06924020 | 0.05808081 | 0.07716241 | 0.10545024 | 0.08739076 | 0.08307880 | 0.09074074 | 0.08457711 | 0.07200000 | 0.08587089 | 0.07184092 | 0.05200501 | 0.05686630 | 0.07007467 | 0.07341287 | 0.01313354
Load  82 | 0.07246377 | 0.07428215 | 0.08021390 | 0.05897114 | 0.07296137 | 0.06341463 | 0.06261624 | 0.05834885 | 0.06565350 | 0.10362998 | 0.09229829 | 0.06650246 | 0.09361702 | 0.07891414 | 0.09030303 | 0.06811146 | 0.09014925 | 0.07643312 | 0.06037736 | 0.05360334 | 0.07414325 | 0.01354730
Load  83 | 0.04750000 | 0.08085612 | 0.06398537 | 0.07473749 | 0.07825568 | 0.08667453 | 0.07151515 | 0.09757473 | 0.10029674 | 0.07592593 | 0.08343410 | 0.07272727 | 0.07105109 | 0.08143939 | 0.08443114 | 0.07156192 | 0.07262905 | 0.09375000 | 0.09629630 | 0.07259528 | 0.07886186 | 0.01219368
Load  84 | 0.08374083 | 0.07652174 | 0.07647402 | 0.07248157 | 0.08847981 | 0.09558824 | 0.07710843 | 0.09622196 | 0.09431605 | 0.07980941 | 0.08741878 | 0.08411215 | 0.04243192 | 0.10040627 | 0.08248655 | 0.07774481 | 0.07961399 | 0.07731305 | 0.08323424 | 0.09184915 | 0.08236765 | 0.01192384
Load  85 | 0.08446545 | 0.08362780 | 0.06290417 | 0.08748552 | 0.10716332 | 0.10124334 | 0.10235768 | 0.08979592 | 0.09438471 | 0.09731935 | 0.08198683 | 0.09033734 | 0.11611785 | 0.08638272 | 0.10006064 | 0.09920182 | 0.11641791 | 0.11162522 | 0.08045292 | 0.11235955 | 0.09528450 | 0.01341988
Load  86 | 0.09854015 | 0.09977578 | 0.08901734 | 0.08444187 | 0.09681299 | 0.10806271 | 0.13172338 | 0.08195788 | 0.09604191 | 0.08860759 | 0.07859238 | 0.09778813 | 0.11525424 | 0.08004779 | 0.09080393 | 0.11842865 | 0.10157618 | 0.09743291 | 0.07751479 | 0.10251799 | 0.09674693 | 0.01368367
Load  87 | 0.10000000 | 0.12646894 | 0.09746251 | 0.06695332 | 0.11811471 | 0.08777969 | 0.12396237 | 0.09726962 | 0.11686880 | 0.08882353 | 0.12773109 | 0.10028653 | 0.08235294 | 0.11032864 | 0.09418605 | 0.08414986 | 0.09903792 | 0.10334873 | 0.10000000 | 0.09499719 | 0.10100612 | 0.01542218
Load  88 | 0.09776536 | 0.10306407 | 0.12984823 | 0.09746479 | 0.10767532 | 0.10271206 | 0.12027891 | 0.12851406 | 0.11352526 | 0.08431604 | 0.09704881 | 0.11859688 | 0.10166667 | 0.11673152 | 0.10960452 | 0.10338785 | 0.12267867 | 0.09745293 | 0.10779436 | 0.13742531 | 0.10987758 | 0.01304431
Load  89 | 0.13393810 | 0.09715243 | 0.11690450 | 0.11536328 | 0.10272071 | 0.09697661 | 0.10022272 | 0.17574786 | 0.10864745 | 0.10314396 | 0.09085714 | 0.10623946 | 0.10541311 | 0.11777778 | 0.13957307 | 0.09937535 | 0.13364596 | 0.07302709 | 0.10502283 | 0.10766629 | 0.11147079 | 0.02105587
Load  90 | 0.13872201 | 0.13045913 | 0.13603950 | 0.13043478 | 0.08748552 | 0.13132999 | 0.13885778 | 0.10154525 | 0.11745335 | 0.11405985 | 0.12257349 | 0.11644592 | 0.12035496 | 0.12270270 | 0.09438202 | 0.13811854 | 0.11639344 | 0.11602806 | 0.08427602 | 0.11298482 | 0.11853236 | 0.01592474
Load  91 | 0.12908497 | 0.10659026 | 0.14622125 | 0.11767926 | 0.11244292 | 0.13982301 | 0.10400867 | 0.14780362 | 0.12018670 | 0.10457886 | 0.12671233 | 0.15904366 | 0.14223670 | 0.12812334 | 0.11761488 | 0.12978369 | 0.12263610 | 0.11916807 | 0.10348584 | 0.10999442 | 0.12436093 | 0.01565793
Load  92 | 0.12619300 | 0.12043597 | 0.09445701 | 0.10107893 | 0.14622125 | 0.14822771 | 0.15050167 | 0.14975042 | 0.12398922 | 0.11861614 | 0.13084633 | 0.13205479 | 0.11826183 | 0.08555556 | 0.12783172 | 0.14458465 | 0.14293277 | 0.13437669 | 0.12581699 | 0.14741244 | 0.12845725 | 0.01812752
Load  93 | 0.13145030 | 0.13029137 | 0.16008316 | 0.10650224 | 0.13411389 | 0.16359918 | 0.12810811 | 0.15092291 | 0.15037194 | 0.17212689 | 0.12370572 | 0.13722478 | 0.11193634 | 0.11774461 | 0.17008639 | 0.14162162 | 0.18114407 | 0.13041183 | 0.12899477 | 0.12875068 | 0.13995954 | 0.02022510
Load  94 | 0.13112948 | 0.15985325 | 0.14093599 | 0.14467409 | 0.13024523 | 0.15380435 | 0.11819681 | 0.18883672 | 0.17010037 | 0.13409338 | 0.14768591 | 0.16412415 | 0.16658176 | 0.13748040 | 0.13267544 | 0.12746667 | 0.12921348 | 0.15254237 | 0.14044351 | 0.15231092 | 0.14611971 | 0.01706417
Load  95 | 0.11542497 | 0.16093171 | 0.13034301 | 0.16839378 | 0.15248796 | 0.14525745 | 0.14049145 | 0.18920258 | 0.12669929 | 0.14457831 | 0.13655244 | 0.13771840 | 0.14640455 | 0.13913967 | 0.17967522 | 0.13556701 | 0.13950954 | 0.14530358 | 0.15663292 | 0.13472893 | 0.14625214 | 0.01724496
Load  96 | 0.18084066 | 0.18369401 | 0.15424974 | 0.17714571 | 0.18121827 | 0.16736842 | 0.13230430 | 0.15930599 | 0.17602041 | 0.12928760 | 0.16964286 | 0.13638730 | 0.15300546 | 0.15100489 | 0.17379958 | 0.15264798 | 0.17944785 | 0.11256281 | 0.14552046 | 0.13071895 | 0.15730866 | 0.02045760
Load  97 | 0.14086770 | 0.16624685 | 0.14218505 | 0.14484536 | 0.17772021 | 0.17132689 | 0.15384615 | 0.14372470 | 0.19100556 | 0.15388522 | 0.18589083 | 0.17296434 | 0.16895459 | 0.19489796 | 0.16576221 | 0.17393509 | 0.15773509 | 0.16074951 | 0.14614205 | 0.14854518 | 0.16306153 | 0.01612644
Load  98 | 0.17683557 | 0.17272727 | 0.17163049 | 0.15865633 | 0.18262227 | 0.17816377 | 0.13913497 | 0.15341488 | 0.16649642 | 0.14366632 | 0.19898990 | 0.18172589 | 0.18582278 | 0.16954315 | 0.15653094 | 0.15938303 | 0.19251600 | 0.15971516 | 0.14901350 | 0.17305752 | 0.16848231 | 0.01562690
Load  99 | 0.20148883 | 0.19623915 | 0.18945720 | 0.19576980 | 0.18045113 | 0.18223350 | 0.15700000 | 0.17617108 | 0.18973561 | 0.15819209 | 0.19840479 | 0.14799375 | 0.16368159 | 0.18287154 | 0.19164990 | 0.16347124 | 0.19085487 | 0.16600791 | 0.17512690 | 0.19573835 | 0.18012696 | 0.01551474
Load 100 | 0.17041965 | 0.17213115 | 0.18612604 | 0.17641129 | 0.17947447 | 0.17384693 | 0.19419324 | 0.18418418 | 0.16859587 | 0.18836141 | 0.18634778 | 0.18164062 | 0.19930417 | 0.18339960 | 0.17769003 | 0.16742310 | 0.20260782 | 0.17302925 | 0.17301906 | 0.21305842 | 0.18256320 | 0.01187808
Load 101 | 0.19008687 | 0.16789759 | 0.17560729 | 0.20324803 | 0.19036027 | 0.18941642 | 0.17393388 | 0.18505859 | 0.13680449 | 0.19204656 | 0.21117099 | 0.20000000 | 0.18489456 | 0.17080437 | 0.21101820 | 0.19155510 | 0.17324778 | 0.16833667 | 0.20089286 | 0.21078193 | 0.18635812 | 0.01790292
Load 102 | 0.19314341 | 0.17971888 | 0.19517003 | 0.21248213 | 0.20342298 | 0.18595642 | 0.22475107 | 0.19890055 | 0.18172432 | 0.23816156 | 0.18037813 | 0.20805044 | 0.17027559 | 0.21250611 | 0.20401174 | 0.20598333 | 0.20873321 | 0.20941402 | 0.19940328 | 0.23754233 | 0.20248648 | 0.01766809
Load 103 | 0.20535280 | 0.18087728 | 0.19299905 | 0.18514947 | 0.20491400 | 0.23245002 | 0.16725441 | 0.18852053 | 0.19761075 | 0.17367089 | 0.16299137 | 0.21082621 | 0.21978022 | 0.24225083 | 0.18903036 | 0.17710372 | 0.18731269 | 0.19604938 | 0.21905697 | 0.22521655 | 0.19792088 | 0.02126145
Load 104 | 0.19854722 | 0.24116816 | 0.18392505 | 0.17638266 | 0.20127326 | 0.21362977 | 0.22160149 | 0.20681265 | 0.24350649 | 0.20000000 | 0.20421156 | 0.18986131 | 0.20725646 | 0.21324952 | 0.19158200 | 0.20788177 | 0.20278712 | 0.21546961 | 0.22845889 | 0.20922330 | 0.20784141 | 0.01658369
Load 105 | 0.19166667 | 0.18496828 | 0.22402597 | 0.22985217 | 0.22718808 | 0.20454545 | 0.20183486 | 0.22049103 | 0.23560209 | 0.25897319 | 0.22232515 | 0.21137835 | 0.21505882 | 0.19555556 | 0.19766877 | 0.19366853 | 0.21256495 | 0.22300802 | 0.24081822 | 0.21010387 | 0.21506490 | 0.01806738
Load 106 | 0.22162689 | 0.22486034 | 0.24954128 | 0.22072937 | 0.23603083 | 0.23876404 | 0.22708236 | 0.19456574 | 0.23173569 | 0.22742317 | 0.21930244 | 0.19691863 | 0.21749190 | 0.24539326 | 0.21491026 | 0.18074656 | 0.21649976 | 0.23333333 | 0.23363165 | 0.19052088 | 0.22105542 | 0.01784955
Load 107 | 0.21391139 | 0.21761905 | 0.23154516 | 0.21755909 | 0.24491682 | 0.22887494 | 0.20064725 | 0.22143865 | 0.21394910 | 0.22837209 | 0.24790308 | 0.19566265 | 0.23331710 | 0.21999066 | 0.20776699 | 0.22503451 | 0.23897059 | 0.23489323 | 0.20669578 | 0.22211853 | 0.22255933 | 0.01363875
Load 108 | 0.23638838 | 0.22691415 | 0.22573154 | 0.21574875 | 0.23098592 | 0.26789734 | 0.22870370 | 0.22954764 | 0.22262608 | 0.25920680 | 0.25526075 | 0.21857411 | 0.23410138 | 0.19362400 | 0.21248279 | 0.26011824 | 0.24535147 | 0.23174031 | 0.20673743 | 0.23073241 | 0.23162366 | 0.01825984
Load 109 | 0.25114995 | 0.22731357 | 0.24285714 | 0.23744721 | 0.21155638 | 0.24841915 | 0.24955752 | 0.24647567 | 0.23172414 | 0.25234899 | 0.22076092 | 0.25339168 | 0.22557407 | 0.22683264 | 0.21933962 | 0.20734542 | 0.25187617 | 0.20885781 | 0.24069821 | 0.24271845 | 0.23481224 | 0.01506449
Load 110 | 0.27085162 | 0.20000000 | 0.25423729 | 0.22735426 | 0.22089277 | 0.23713647 | 0.24780398 | 0.26483614 | 0.24408015 | 0.24640934 | 0.24005364 | 0.23268698 | 0.25650388 | 0.26733977 | 0.24097473 | 0.23383769 | 0.25427543 | 0.22835751 | 0.21665133 | 0.26837910 | 0.24263310 | 0.01828475
Load 111 | 0.25011431 | 0.22958954 | 0.24173369 | 0.24537037 | 0.22154567 | 0.26651584 | 0.24608501 | 0.24116331 | 0.26338894 | 0.23894638 | 0.26947180 | 0.23221661 | 0.25088028 | 0.24131790 | 0.26075731 | 0.24757953 | 0.25263620 | 0.25668203 | 0.26482952 | 0.23281393 | 0.24768191 | 0.01291546
Load 112 | 0.24419643 | 0.26684636 | 0.25688073 | 0.26652542 | 0.26139410 | 0.25102693 | 0.25306122 | 0.24702108 | 0.25066785 | 0.23674753 | 0.26059513 | 0.24292237 | 0.27462947 | 0.27762923 | 0.22500000 | 0.23664480 | 0.24256087 | 0.24976701 | 0.25265957 | 0.24328018 | 0.25200282 | 0.01289614
Load 113 | 0.26495348 | 0.27002700 | 0.25999122 | 0.25203252 | 0.23391034 | 0.27929155 | 0.23949390 | 0.25394677 | 0.20994475 | 0.25608656 | 0.28953037 | 0.23960217 | 0.28978300 | 0.28334786 | 0.27956522 | 0.26707001 | 0.27102377 | 0.27164311 | 0.25943810 | 0.28449744 | 0.26275896 | 0.02009691
Load 114 | 0.23809524 | 0.25407310 | 0.26098191 | 0.27396061 | 0.27583225 | 0.25378297 | 0.26931285 | 0.25878735 | 0.26156665 | 0.25680934 | 0.25331565 | 0.24640288 | 0.26006332 | 0.27457030 | 0.30860404 | 0.26415094 | 0.25844156 | 0.24924144 | 0.28204010 | 0.24606643 | 0.26230495 | 0.01518919
Load 115 | 0.28571429 | 0.24553571 | 0.28968421 | 0.25582399 | 0.26378287 | 0.25021758 | 0.26672614 | 0.30101180 | 0.24715661 | 0.24574754 | 0.24771838 | 0.25371789 | 0.27693639 | 0.26678216 | 0.26889995 | 0.29068755 | 0.27492314 | 0.29057254 | 0.25129983 | 0.25796727 | 0.26654529 | 0.01717381
Load 116 | 0.31180496 | 0.28433431 | 0.28997407 | 0.24880591 | 0.26239200 | 0.29082083 | 0.24585016 | 0.25086806 | 0.28956373 | 0.29973707 | 0.27944970 | 0.26329555 | 0.28577624 | 0.28427948 | 0.26265686 | 0.25716806 | 0.28717512 | 0.26754386 | 0.29302518 | 0.28862328 | 0.27715722 | 0.01798340
Load 117 | 0.27708243 | 0.28783383 | 0.29271410 | 0.29812890 | 0.27919632 | 0.27059844 | 0.31778426 | 0.30091583 | 0.27682403 | 0.27165869 | 0.25622318 | 0.31395349 | 0.26109890 | 0.29099609 | 0.30987089 | 0.32453483 | 0.27735369 | 0.30017376 | 0.26427962 | 0.27352298 | 0.28723721 | 0.01913308
Load 118 | 0.27479605 | 0.28421934 | 0.30148992 | 0.30500631 | 0.27630453 | 0.32162505 | 0.29058032 | 0.27307692 | 0.30203046 | 0.31839522 | 0.27893175 | 0.27715356 | 0.28127660 | 0.28498074 | 0.28291194 | 0.27793934 | 0.29634354 | 0.27831990 | 0.26709677 | 0.29672696 | 0.28846026 | 0.01471535
Load 119 | 0.27917164 | 0.25905411 | 0.31904369 | 0.26702034 | 0.25935374 | 0.27066723 | 0.30879260 | 0.29200513 | 0.29606625 | 0.30508475 | 0.30179241 | 0.31963087 | 0.28309919 | 0.31744716 | 0.32380952 | 0.25807823 | 0.30572161 | 0.32284430 | 0.35198040 | 0.32392638 | 0.29822948 | 0.02581190
Load 120 | 0.28965225 | 0.30126376 | 0.31069959 | 0.32255390 | 0.27291495 | 0.28511530 | 0.28217187 | 0.30621610 | 0.34295747 | 0.32453608 | 0.31244847 | 0.27392041 | 0.30052230 | 0.29946524 | 0.28997063 | 0.28507341 | 0.30753481 | 0.30366057 | 0.29432014 | 0.30632911 | 0.30056632 | 0.01700878
Load 121 | 0.32621441 | 0.31347461 | 0.29767828 | 0.29218107 | 0.28565292 | 0.31426269 | 0.27507163 | 0.30500631 | 0.27833753 | 0.30146461 | 0.32112332 | 0.29573421 | 0.32487521 | 0.32468585 | 0.28973105 | 0.27667343 | 0.31470231 | 0.33065488 | 0.28861284 | 0.32189542 | 0.30390163 | 0.01769899
Load 122 | 0.29236423 | 0.30548830 | 0.33594976 | 0.32251521 | 0.33306089 | 0.32501040 | 0.29508873 | 0.28762542 | 0.29685586 | 0.31678773 | 0.32993331 | 0.34164990 | 0.33938660 | 0.30020877 | 0.34069530 | 0.30875576 | 0.30984788 | 0.29839391 | 0.31134021 | 0.33519776 | 0.31630780 | 0.01751892
Load 123 | 0.33890215 | 0.33222037 | 0.31785428 | 0.28640974 | 0.30601534 | 0.31935882 | 0.29629630 | 0.29236138 | 0.32274920 | 0.29411765 | 0.30502885 | 0.32762138 | 0.29954300 | 0.31034483 | 0.30506431 | 0.35642771 | 0.34033105 | 0.31499593 | 0.33658934 | 0.31821862 | 0.31602251 | 0.01814260
Load 124 | 0.30266445 | 0.32469636 | 0.33108644 | 0.32261953 | 0.32670115 | 0.31583199 | 0.30554398 | 0.31862745 | 0.35636364 | 0.30256822 | 0.32751784 | 0.32201987 | 0.31835206 | 0.33844292 | 0.33439490 | 0.28229082 | 0.33693046 | 0.33374283 | 0.33871603 | 0.30107973 | 0.32200953 | 0.01656401
Load 125 | 0.31827350 | 0.30235440 | 0.31024590 | 0.30290953 | 0.30594679 | 0.30797546 | 0.31819946 | 0.34275184 | 0.33540856 | 0.31943903 | 0.31547619 | 0.33760513 | 0.27784628 | 0.33346488 | 0.30195312 | 0.35241082 | 0.29248366 | 0.34214559 | 0.33791209 | 0.33333333 | 0.31940678 | 0.01898188
Load 126 | 0.33716323 | 0.32827869 | 0.34328358 | 0.33476061 | 0.33587174 | 0.33450980 | 0.30844030 | 0.33164063 | 0.32631161 | 0.33811802 | 0.34242181 | 0.32524462 | 0.33519108 | 0.35722725 | 0.34972463 | 0.31099518 | 0.31855309 | 0.31397600 | 0.33781646 | 0.36026542 | 0.33348969 | 0.01354989
Load 127 | 0.30581537 | 0.36324786 | 0.33207405 | 0.35158057 | 0.32801913 | 0.33039140 | 0.34524745 | 0.33013205 | 0.36335404 | 0.30772277 | 0.38020031 | 0.34957132 | 0.31825525 | 0.32780563 | 0.33427419 | 0.32451093 | 0.34223211 | 0.32757235 | 0.32094325 | 0.33979798 | 0.33613740 | 0.01827585
Load 128 | 0.31139338 | 0.35553804 | 0.34010946 | 0.32901752 | 0.33124756 | 0.34034113 | 0.32605304 | 0.33122029 | 0.33716323 | 0.34523342 | 0.31996916 | 0.35446463 | 0.32189482 | 0.33511859 | 0.35009671 | 0.34043377 | 0.29620563 | 0.34688129 | 0.33479824 | 0.32725832 | 0.33372191 | 0.01413293
Load 129 | 0.35216206 | 0.34407319 | 0.35282727 | 0.36104606 | 0.37901991 | 0.36995774 | 0.34984639 | 0.33307148 | 0.37626737 | 0.35692308 | 0.31572860 | 0.33243555 | 0.35974223 | 0.32587859 | 0.36557060 | 0.32206759 | 0.34234930 | 0.35550370 | 0.35766990 | 0.34122288 | 0.34966817 | 0.01708760
Load 130 | 0.35992293 | 0.33162864 | 0.33374283 | 0.35738069 | 0.34607726 | 0.32864949 | 0.34478809 | 0.37006319 | 0.34915773 | 0.34844961 | 0.35672966 | 0.37523882 | 0.36683417 | 0.34108833 | 0.34260731 | 0.35787089 | 0.36069935 | 0.35719784 | 0.38525207 | 0.37257100 | 0.35429750 | 0.01478099
Load 131 | 0.35007728 | 0.36584426 | 0.37217069 | 0.34110008 | 0.35421500 | 0.37389973 | 0.33927188 | 0.35794356 | 0.35114208 | 0.36503552 | 0.34769463 | 0.37318008 | 0.35714286 | 0.32764637 | 0.36907057 | 0.33779528 | 0.36583522 | 0.33205227 | 0.35676089 | 0.34802260 | 0.35429504 | 0.01355700
Load 132 | 0.38583549 | 0.37890045 | 0.32639152 | 0.33936826 | 0.36675665 | 0.35383447 | 0.35071456 | 0.37585943 | 0.37192852 | 0.37622642 | 0.36555556 | 0.31969407 | 0.36094225 | 0.37955390 | 0.37107881 | 0.37713870 | 0.37883436 | 0.36971047 | 0.36570561 | 0.36167040 | 0.36378499 | 0.01740673
Load 133 | 0.35380007 | 0.32046784 | 0.39407920 | 0.37120061 | 0.36495238 | 0.38044280 | 0.34561337 | 0.35882134 | 0.38377358 | 0.35931700 | 0.35220838 | 0.38333333 | 0.34612462 | 0.33954678 | 0.33594918 | 0.34792368 | 0.38127341 | 0.35483871 | 0.37385237 | 0.37324744 | 0.36103830 | 0.01853353
Load 134 | 0.35275955 | 0.35545557 | 0.33913043 | 0.37831858 | 0.35385211 | 0.36915716 | 0.35246205 | 0.36413241 | 0.35282947 | 0.35804841 | 0.35122307 | 0.39132047 | 0.33752860 | 0.37665281 | 0.37818182 | 0.38913043 | 0.38765706 | 0.39128843 | 0.32872504 | 0.35374907 | 0.36308013 | 0.01828351
Load 135 | 0.40306681 | 0.36615163 | 0.34907063 | 0.37518797 | 0.39015563 | 0.33133433 | 0.39069938 | 0.35276861 | 0.35703704 | 0.39778598 | 0.37385237 | 0.37622683 | 0.36546334 | 0.36536354 | 0.33981308 | 0.35412027 | 0.37997054 | 0.38435878 | 0.36861584 | 0.37387048 | 0.36974565 | 0.01833063
Load 136 | 0.35829493 | 0.37164179 | 0.38027108 | 0.34444028 | 0.32880962 | 0.37108793 | 0.39236754 | 0.40007388 | 0.36446552 | 0.39776536 | 0.37103906 | 0.38234208 | 0.39392857 | 0.38757950 | 0.37255612 | 0.40138534 | 0.37987013 | 0.38072727 | 0.35995663 | 0.37117117 | 0.37548869 | 0.01808513
Load 137 | 0.37209302 | 0.38005780 | 0.40028439 | 0.36103152 | 0.38279256 | 0.38360286 | 0.38377987 | 0.38730385 | 0.37800815 | 0.37897043 | 0.38032787 | 0.39022584 | 0.37275449 | 0.37740030 | 0.36818521 | 0.38987435 | 0.39339555 | 0.35845519 | 0.38617021 | 0.39033457 | 0.38075240 | 0.01026016
Load 138 | 0.39727989 | 0.36613442 | 0.38464392 | 0.41322878 | 0.38286527 | 0.38714390 | 0.37735849 | 0.36994857 | 0.38480922 | 0.36626855 | 0.37774524 | 0.37752161 | 0.40572879 | 0.37727760 | 0.39345429 | 0.40143113 | 0.39948263 | 0.36759190 | 0.38608760 | 0.39653903 | 0.38562704 | 0.01328021
Load 139 | 0.37940965 | 0.37023593 | 0.39451857 | 0.39532374 | 0.41214058 | 0.39250000 | 0.39409042 | 0.40385301 | 0.39735099 | 0.39651416 | 0.39970172 | 0.39783002 | 0.36486969 | 0.37394185 | 0.38076369 | 0.38005678 | 0.38758571 | 0.38088445 | 0.39154616 | 0.39399487 | 0.38935560 | 0.01157815
Load 140 | 0.39704291 | 0.40119340 | 0.39604317 | 0.36578483 | 0.40323147 | 0.40138787 | 0.38267950 | 0.37410072 | 0.40129340 | 0.41867250 | 0.38770344 | 0.40021731 | 0.38512035 | 0.39260563 | 0.41866112 | 0.41672474 | 0.39407245 | 0.38998920 | 0.37486650 | 0.42965517 | 0.39655228 | 0.01580191
Load 141 | 0.40375753 | 0.40007025 | 0.41341377 | 0.37961336 | 0.43067001 | 0.39382239 | 0.38926413 | 0.40381282 | 0.43827783 | 0.37953681 | 0.39929078 | 0.41655076 | 0.42022792 | 0.39927798 | 0.41473684 | 0.39117043 | 0.42330854 | 0.42209829 | 0.38910506 | 0.38820102 | 0.40481033 | 0.01644418
Load 142 | 0.40985325 | 0.41687703 | 0.41124780 | 0.40812721 | 0.40056517 | 0.41471922 | 0.41584158 | 0.39812477 | 0.40968540 | 0.38245739 | 0.39542367 | 0.42548818 | 0.41415193 | 0.40710480 | 0.41535714 | 0.40846561 | 0.42253033 | 0.42732659 | 0.40156084 | 0.38175313 | 0.40833305 | 0.01199434
Load 143 | 0.40673845 | 0.41353111 | 0.39985353 | 0.41039236 | 0.39200000 | 0.39443478 | 0.41430038 | 0.41184718 | 0.39517241 | 0.40948727 | 0.38873140 | 0.39298124 | 0.40999291 | 0.42912011 | 0.38651197 | 0.40069444 | 0.37549982 | 0.41935484 | 0.43041058 | 0.38801262 | 0.40345337 | 0.01414392
Load 144 | 0.40812113 | 0.42788626 | 0.42177590 | 0.42231348 | 0.40762042 | 0.40937073 | 0.40945946 | 0.41375661 | 0.39929453 | 0.38776928 | 0.42901129 | 0.42380952 | 0.43540007 | 0.40099010 | 0.41152679 | 0.41226576 | 0.40136752 | 0.41226868 | 0.40860215 | 0.42358390 | 0.41330968 | 0.01134905
Load 145 | 0.38792799 | 0.40705238 | 0.43554359 | 0.40807942 | 0.43031123 | 0.40653549 | 0.44096306 | 0.43228454 | 0.42501704 | 0.43953006 | 0.39964093 | 0.42438856 | 0.40157480 | 0.43082484 | 0.40446304 | 0.39201960 | 0.41053342 | 0.41107561 | 0.42151062 | 0.43394935 | 0.41716128 | 0.01578639
Load 146 | 0.43024423 | 0.42912416 | 0.41515255 | 0.44351755 | 0.43056501 | 0.43869667 | 0.42619127 | 0.43031951 | 0.43731294 | 0.43921828 | 0.42508475 | 0.42965517 | 0.39561587 | 0.42711519 | 0.40533981 | 0.42704749 | 0.41548822 | 0.38055264 | 0.44489520 | 0.43857868 | 0.42548576 | 0.01582443
Load 147 | 0.43745751 | 0.40457470 | 0.41297935 | 0.41099123 | 0.45006887 | 0.39939638 | 0.41419919 | 0.44607190 | 0.41808294 | 0.42512733 | 0.39251701 | 0.41182537 | 0.42331288 | 0.43235894 | 0.40300546 | 0.41360357 | 0.44105691 | 0.41534837 | 0.44764487 | 0.42081129 | 0.42102170 | 0.01623237
Load 148 | 0.41495902 | 0.43915704 | 0.40393596 | 0.44882411 | 0.43782473 | 0.45241332 | 0.41240627 | 0.39629121 | 0.43591455 | 0.42178487 | 0.44045677 | 0.42847503 | 0.44484689 | 0.42989691 | 0.43840702 | 0.40169205 | 0.43843031 | 0.43831933 | 0.41756032 | 0.41371237 | 0.42776540 | 0.01600033
Load 149 | 0.45248416 | 0.39352171 | 0.42251611 | 0.40775401 | 0.39404959 | 0.43989432 | 0.44695184 | 0.43834197 | 0.45545881 | 0.44193217 | 0.45024631 | 0.45460441 | 0.42374051 | 0.44246299 | 0.41247082 | 0.45607540 | 0.45588729 | 0.42983651 | 0.43946932 | 0.44819747 | 0.43529478 | 0.01956042
Load 150 | 0.42473822 | 0.42393509 | 0.43488372 | 0.44372442 | 0.43935399 | 0.43427230 | 0.40993996 | 0.41955403 | 0.44340879 | 0.43505021 | 0.43479718 | 0.44823151 | 0.41638907 | 0.41787942 | 0.41849477 | 0.43460490 | 0.42274247 | 0.44106090 | 0.42969518 | 0.43622537 | 0.43044908 | 0.01036876
Load 151 | 0.42244224 | 0.44176707 | 0.44376212 | 0.44986807 | 0.43994691 | 0.43628719 | 0.47118644 | 0.43389831 | 0.44541779 | 0.45738452 | 0.44318182 | 0.44946092 | 0.44145357 | 0.42415069 | 0.46295060 | 0.42267366 | 0.45170828 | 0.45303867 | 0.43778502 | 0.44188411 | 0.44351240 | 0.01230204
Load 152 | 0.41982701 | 0.43638805 | 0.44296393 | 0.42952795 | 0.47056921 | 0.45235772 | 0.42144237 | 0.44578707 | 0.44985299 | 0.42429398 | 0.44451939 | 0.43099435 | 0.42463479 | 0.47318008 | 0.42384330 | 0.45924262 | 0.42905635 | 0.46540881 | 0.43029316 | 0.43938879 | 0.44067860 | 0.01622942
Load 153 | 0.46817895 | 0.42595020 | 0.46163849 | 0.42954767 | 0.42356792 | 0.44811933 | 0.46517491 | 0.47043277 | 0.43997425 | 0.44168572 | 0.43716931 | 0.41865214 | 0.45032680 | 0.44396694 | 0.44048398 | 0.45793149 | 0.43967480 | 0.42956579 | 0.44560405 | 0.43656474 | 0.44371051 | 0.01458142
Load 154 | 0.45034191 | 0.44009293 | 0.43750000 | 0.49133704 | 0.46569579 | 0.44827586 | 0.48065041 | 0.43927987 | 0.45889289 | 0.45968791 | 0.46775777 | 0.43891856 | 0.45895765 | 0.42797158 | 0.46470207 | 0.43260591 | 0.43326693 | 0.43929658 | 0.44988647 | 0.45840184 | 0.45217600 | 0.01632897
Load 155 | 0.46011487 | 0.44607364 | 0.41846447 | 0.42885441 | 0.45641685 | 0.45781200 | 0.45738370 | 0.44145622 | 0.45520422 | 0.45534264 | 0.45821042 | 0.45981854 | 0.44547490 | 0.44856771 | 0.46277097 | 0.45463259 | 0.46143959 | 0.45191380 | 0.43885350 | 0.43548911 | 0.44971471 | 0.01158298
Load 156 | 0.45036243 | 0.46345306 | 0.46945955 | 0.44998349 | 0.45235834 | 0.44787031 | 0.43069467 | 0.44141252 | 0.44292528 | 0.45301905 | 0.43877882 | 0.45194085 | 0.45025674 | 0.49554424 | 0.43609023 | 0.46301103 | 0.44533762 | 0.43926998 | 0.44527444 | 0.44382392 | 0.45054333 | 0.01384509
Load 157 | 0.42787046 | 0.47121071 | 0.44655505 | 0.47094125 | 0.46890704 | 0.45763821 | 0.44163424 | 0.45933926 | 0.46756152 | 0.47166825 | 0.45924453 | 0.44749596 | 0.43126422 | 0.46149049 | 0.47899938 | 0.44867285 | 0.45919689 | 0.46246736 | 0.46764614 | 0.46059432 | 0.45801991 | 0.01329613
Load 158 | 0.44922118 | 0.44363980 | 0.46388079 | 0.45694087 | 0.45720721 | 0.42816456 | 0.48136143 | 0.44995203 | 0.47596154 | 0.45679409 | 0.45477953 | 0.44437401 | 0.46512346 | 0.46244569 | 0.46873121 | 0.47391858 | 0.47028916 | 0.48896938 | 0.44286177 | 0.47283832 | 0.46037273 | 0.01453676
Load 159 | 0.48224761 | 0.44528540 | 0.47203232 | 0.46337528 | 0.45603338 | 0.47854276 | 0.45804416 | 0.46173228 | 0.48625793 | 0.46277097 | 0.47098976 | 0.44049118 | 0.47812201 | 0.49176763 | 0.47872010 | 0.47091144 | 0.45990783 | 0.47181563 | 0.48112604 | 0.46754845 | 0.46888611 | 0.01285166
Load 160 | 0.47842640 | 0.43303303 | 0.47098976 | 0.45080446 | 0.47274992 | 0.45439845 | 0.48423353 | 0.48084054 | 0.45765878 | 0.47596899 | 0.46677472 | 0.45942610 | 0.47737003 | 0.47865169 | 0.46153846 | 0.47272727 | 0.47322267 | 0.44682896 | 0.43779981 | 0.48971446 | 0.46615790 | 0.01512283
Load 161 | 0.48572335 | 0.48658036 | 0.45998102 | 0.50827206 | 0.47764416 | 0.47101679 | 0.48680905 | 0.46446230 | 0.48103234 | 0.49298780 | 0.47016781 | 0.50235627 | 0.50460688 | 0.47058824 | 0.48624694 | 0.48781250 | 0.46555521 | 0.44325684 | 0.48525799 | 0.46822430 | 0.47992911 | 0.01570899
Load 162 | 0.46456447 | 0.48659601 | 0.45001567 | 0.46443121 | 0.48851270 | 0.48613678 | 0.47184406 | 0.46824179 | 0.47376738 | 0.45403023 | 0.46908978 | 0.47744129 | 0.47021277 | 0.47935921 | 0.47199236 | 0.46703635 | 0.48609394 | 0.49299635 | 0.46343750 | 0.50306373 | 0.47444318 | 0.01284537
Load 163 | 0.49735779 | 0.47138462 | 0.48150323 | 0.45502318 | 0.49355828 | 0.47080072 | 0.49116931 | 0.48974049 | 0.46846011 | 0.48995740 | 0.47242424 | 0.48992674 | 0.48226060 | 0.46522411 | 0.49922863 | 0.49185367 | 0.48409021 | 0.47695990 | 0.46345976 | 0.49282443 | 0.48136037 | 0.01232608
Load 164 | 0.47412982 | 0.48815310 | 0.48095238 | 0.47322239 | 0.48565324 | 0.44767442 | 0.48580060 | 0.49083690 | 0.46931853 | 0.48980204 | 0.48466646 | 0.49213206 | 0.49805214 | 0.48312883 | 0.48641050 | 0.44863861 | 0.49648855 | 0.48666871 | 0.48383234 | 0.48318420 | 0.48143729 | 0.01306724
Load 165 | 0.48841302 | 0.50582263 | 0.46938151 | 0.48730499 | 0.51291401 | 0.48002497 | 0.48712511 | 0.50685748 | 0.48273755 | 0.49433512 | 0.50105390 | 0.48204045 | 0.48848061 | 0.49281437 | 0.50906433 | 0.48787879 | 0.49714114 | 0.48623579 | 0.50198595 | 0.50167122 | 0.49316415 | 0.01091402
Load 166 | 0.50302297 | 0.49238124 | 0.46460440 | 0.49669073 | 0.49862847 | 0.48370703 | 0.49258699 | 0.50552969 | 0.47647768 | 0.49847188 | 0.51304864 | 0.50151332 | 0.48929209 | 0.47444609 | 0.47892126 | 0.49020789 | 0.49400553 | 0.48534689 | 0.47531993 | 0.51397146 | 0.49140871 | 0.01284262
Load 167 | 0.49328959 | 0.50464489 | 0.47337642 | 0.49717009 | 0.46319297 | 0.49341913 | 0.50108326 | 0.49625861 | 0.51293357 | 0.49821429 | 0.50387828 | 0.50401666 | 0.51164197 | 0.48357502 | 0.47486731 | 0.47511312 | 0.48110070 | 0.51668143 | 0.50901984 | 0.47635830 | 0.49349177 | 0.01497202
Load 168 | 0.49593251 | 0.50136737 | 0.50165414 | 0.51318581 | 0.49834487 | 0.47366819 | 0.47986779 | 0.49046154 | 0.49271562 | 0.49913991 | 0.49838283 | 0.48897272 | 0.50613318 | 0.49095760 | 0.50746269 | 0.52405603 | 0.47699614 | 0.48222289 | 0.51430274 | 0.47357604 | 0.49547003 | 0.01352179
Load 169 | 0.52449823 | 0.51474057 | 0.50469839 | 0.49287584 | 0.47660819 | 0.48625480 | 0.48310023 | 0.51480166 | 0.48088235 | 0.50472534 | 0.52532562 | 0.49911713 | 0.53004808 | 0.50045496 | 0.49954669 | 0.49245502 | 0.49530241 | 0.50875111 | 0.50262544 | 0.48086124 | 0.50088366 | 0.01512861
Load 170 | 0.48516632 | 0.52362670 | 0.47668548 | 0.49160035 | 0.49402024 | 0.48652695 | 0.49883382 | 0.48925870 | 0.50136157 | 0.49790920 | 0.48903829 | 0.50763359 | 0.49970554 | 0.49381261 | 0.51568455 | 0.50131310 | 0.50869565 | 0.48241955 | 0.51471025 | 0.48795718 | 0.49729798 | 0.01182633
Load 171 | 0.51960193 | 0.51346655 | 0.50044630 | 0.49813165 | 0.49257642 | 0.50116347 | 0.51701687 | 0.52367122 | 0.52751905 | 0.52002305 | 0.50058207 | 0.49677797 | 0.51530758 | 0.49985393 | 0.49684994 | 0.51405975 | 0.53670134 | 0.50609938 | 0.48178714 | 0.50356837 | 0.50826020 | 0.01313495
Load 172 | 0.51739745 | 0.52241021 | 0.49735760 | 0.52941176 | 0.51799187 | 0.48832574 | 0.50726322 | 0.49686099 | 0.50144592 | 0.49502050 | 0.49985061 | 0.51392180 | 0.51586167 | 0.50411581 | 0.51345934 | 0.53382789 | 0.49422222 | 0.50439367 | 0.49820144 | 0.50583090 | 0.50785853 | 0.01197718
Load 173 | 0.50029709 | 0.52327906 | 0.51486831 | 0.50709220 | 0.52601156 | 0.53808425 | 0.50735727 | 0.50193510 | 0.51241084 | 0.53122351 | 0.51036049 | 0.51348250 | 0.50396011 | 0.50462161 | 0.52171327 | 0.51961916 | 0.53373356 | 0.52243590 | 0.49925440 | 0.49970536 | 0.51457228 | 0.01162899
Load 174 | 0.51820250 | 0.50813369 | 0.52633102 | 0.52968300 | 0.48995408 | 0.52912621 | 0.53462525 | 0.52712736 | 0.52271437 | 0.50967550 | 0.50044313 | 0.50929900 | 0.51956458 | 0.49646643 | 0.51408046 | 0.52805090 | 0.50145603 | 0.54475265 | 0.50858307 | 0.52401620 | 0.51711427 | 0.01365640
Load 175 | 0.52701556 | 0.50288351 | 0.50588565 | 0.51900503 | 0.53403141 | 0.53507014 | 0.54478038 | 0.53394973 | 0.51705360 | 0.52807371 | 0.52020636 | 0.53713953 | 0.52484743 | 0.53399766 | 0.51062624 | 0.50527859 | 0.53771705 | 0.50867375 | 0.52971429 | 0.52128884 | 0.52386192 | 0.01205541
Load 176 | 0.54012954 | 0.52510402 | 0.53998866 | 0.51713216 | 0.55314961 | 0.52507042 | 0.54325843 | 0.51404330 | 0.49957350 | 0.50599053 | 0.52788732 | 0.52492918 | 0.52422783 | 0.49050633 | 0.51550169 | 0.53201693 | 0.54589099 | 0.52244425 | 0.52170284 | 0.50560184 | 0.52370747 | 0.01565900
Load 177 | 0.53635851 | 0.52802529 | 0.53314204 | 0.51272016 | 0.53497110 | 0.54434590 | 0.53085714 | 0.52547771 | 0.51479620 | 0.52162401 | 0.48522238 | 0.52752165 | 0.50621927 | 0.56416737 | 0.50258028 | 0.51623097 | 0.52239214 | 0.52541405 | 0.51699717 | 0.51734104 | 0.52332022 | 0.01597997
Load 178 | 0.52012128 | 0.52332485 | 0.50963126 | 0.53288364 | 0.51541480 | 0.52152040 | 0.50473802 | 0.52962754 | 0.52501374 | 0.53541550 | 0.53204952 | 0.52466741 | 0.51147174 | 0.51675293 | 0.51883657 | 0.51621695 | 0.51349096 | 0.53874228 | 0.52358226 | 0.52400662 | 0.52187541 | 0.00870171
Load 179 | 0.52051650 | 0.51466441 | 0.53370629 | 0.54267083 | 0.53381575 | 0.54125874 | 0.50555397 | 0.50436497 | 0.52430168 | 0.52761905 | 0.52253521 | 0.52020896 | 0.50286205 | 0.54150526 | 0.51142204 | 0.52672390 | 0.52548578 | 0.49829739 | 0.54353133 | 0.52225932 | 0.52316517 | 0.01349829
Load 180 | 0.52477416 | 0.52447552 | 0.50369528 | 0.54045129 | 0.52477974 | 0.53174157 | 0.54448498 | 0.50677201 | 0.54206371 | 0.55617663 | 0.53951191 | 0.53713818 | 0.54342629 | 0.53874964 | 0.51101199 | 0.52288883 | 0.52472758 | 0.55491803 | 0.52770816 | 0.53136326 | 0.53154294 | 0.01394087
Load 181 | 0.55728468 | 0.54234436 | 0.54955442 | 0.53695837 | 0.52549457 | 0.54397655 | 0.50661886 | 0.53157452 | 0.52044711 | 0.51745323 | 0.52077029 | 0.53436620 | 0.51706485 | 0.53989580 | 0.52707182 | 0.54432095 | 0.54176805 | 0.53197354 | 0.52936401 | 0.52986941 | 0.53240858 | 0.01214712
Load 182 | 0.53973870 | 0.51237142 | 0.52754821 | 0.53005618 | 0.54726920 | 0.53300943 | 0.55954936 | 0.54530657 | 0.52461322 | 0.51951780 | 0.54884896 | 0.52069536 | 0.53769124 | 0.52902519 | 0.53406842 | 0.54500276 | 0.52191781 | 0.54140815 | 0.53631132 | 0.51461518 | 0.53342822 | 0.01213630
Load 183 | 0.55715449 | 0.53998897 | 0.54152203 | 0.53327787 | 0.54313887 | 0.54150841 | 0.53769950 | 0.54012599 | 0.51249321 | 0.55029746 | 0.53671562 | 0.53173749 | 0.52543305 | 0.51229508 | 0.54060639 | 0.55628775 | 0.55175316 | 0.54239606 | 0.53719008 | 0.55131723 | 0.53914694 | 0.01185675
Load 184 | 0.54946852 | 0.55848346 | 0.53805408 | 0.55039179 | 0.51831299 | 0.56192035 | 0.55674157 | 0.53123303 | 0.51965670 | 0.56501881 | 0.53774871 | 0.53625541 | 0.53799726 | 0.53766161 | 0.52847318 | 0.53835801 | 0.53543743 | 0.53975241 | 0.55466593 | 0.53271028 | 0.54141708 | 0.01285283
Load 185 | 0.53102292 | 0.54923939 | 0.55414365 | 0.55411141 | 0.53572399 | 0.54525978 | 0.53243540 | 0.54364090 | 0.53986577 | 0.55329405 | 0.54421412 | 0.54105889 | 0.56925498 | 0.54140845 | 0.52949171 | 0.55495251 | 0.52269563 | 0.53306452 | 0.53716496 | 0.54716981 | 0.54296064 | 0.01072545
Load 186 | 0.54220158 | 0.53846154 | 0.56123536 | 0.54836895 | 0.54689600 | 0.58938622 | 0.55062602 | 0.57555132 | 0.52288113 | 0.54108858 | 0.56114130 | 0.51206289 | 0.55230890 | 0.54898785 | 0.57438795 | 0.55027566 | 0.54487179 | 0.56741882 | 0.54052632 | 0.56636461 | 0.55175214 | 0.01752467
Load 187 | 0.54086538 | 0.54339306 | 0.54348401 | 0.55663957 | 0.55942568 | 0.52835188 | 0.55529226 | 0.56561086 | 0.52672368 | 0.55000000 | 0.54245409 | 0.55419441 | 0.55391121 | 0.55570398 | 0.53856383 | 0.56824288 | 0.55579115 | 0.52802990 | 0.55346081 | 0.55555556 | 0.54878471 | 0.01161915
Load 188 | 0.52958501 | 0.55119592 | 0.55208614 | 0.53449686 | 0.54368421 | 0.56225218 | 0.53839979 | 0.53668590 | 0.55642226 | 0.54108108 | 0.56138934 | 0.56677266 | 0.54782834 | 0.55483536 | 0.54236835 | 0.54795618 | 0.55196484 | 0.55273592 | 0.55887752 | 0.53526415 | 0.54829410 | 0.01009005
Load 189 | 0.54602347 | 0.53604088 | 0.55453109 | 0.55243644 | 0.54105492 | 0.56711676 | 0.55140678 | 0.54528096 | 0.55485564 | 0.54807947 | 0.54550279 | 0.55708609 | 0.57012359 | 0.56851155 | 0.56416531 | 0.56205770 | 0.54484189 | 0.55194631 | 0.53072626 | 0.55275995 | 0.55222739 | 0.01033448
Load 190 | 0.55603778 | 0.57177097 | 0.56648452 | 0.55485399 | 0.56510417 | 0.54868914 | 0.55570187 | 0.56006160 | 0.57900102 | 0.54044118 | 0.55033557 | 0.57116741 | 0.54654575 | 0.56569343 | 0.56091239 | 0.54237288 | 0.54059829 | 0.55194124 | 0.54297189 | 0.57227825 | 0.55714817 | 0.01140472
Load 191 | 0.57354470 | 0.57213157 | 0.54799165 | 0.56998940 | 0.56664128 | 0.55906906 | 0.54790576 | 0.55461518 | 0.58820500 | 0.55958005 | 0.55160700 | 0.54243542 | 0.56770970 | 0.54369190 | 0.56402439 | 0.54609929 | 0.54970915 | 0.55975834 | 0.56306546 | 0.56753980 | 0.55976571 | 0.01156599
Load 192 | 0.55971480 | 0.55345241 | 0.58147773 | 0.58106355 | 0.56864754 | 0.56385974 | 0.56186770 | 0.57481940 | 0.57638165 | 0.52534442 | 0.56285274 | 0.56847682 | 0.52844037 | 0.54069923 | 0.56508264 | 0.56410923 | 0.55803109 | 0.55265142 | 0.57512953 | 0.56093830 | 0.56115202 | 0.01497069
Load 193 | 0.57700367 | 0.56418832 | 0.56631471 | 0.55799788 | 0.57284855 | 0.55469169 | 0.56490508 | 0.54307891 | 0.56113990 | 0.56010638 | 0.55972333 | 0.55296950 | 0.56869929 | 0.55593577 | 0.53725490 | 0.55256410 | 0.56507115 | 0.56973372 | 0.56250000 | 0.57920040 | 0.56129636 | 0.01007868
Load 194 | 0.56633049 | 0.54704196 | 0.56288344 | 0.56721728 | 0.56696774 | 0.56575487 | 0.56677775 | 0.54972592 | 0.55142633 | 0.54677378 | 0.54069767 | 0.56218240 | 0.57431383 | 0.55692143 | 0.56987066 | 0.58532110 | 0.56174778 | 0.57121097 | 0.54493654 | 0.56989522 | 0.56139986 | 0.01116839
Load 195 | 0.56696652 | 0.57040451 | 0.58033206 | 0.56324161 | 0.56424724 | 0.56976744 | 0.57491021 | 0.57420986 | 0.58074615 | 0.55312500 | 0.54584491 | 0.57039031 | 0.54460581 | 0.57242757 | 0.55764282 | 0.55364693 | 0.55981595 | 0.58589744 | 0.58389436 | 0.56709957 | 0.56696081 | 0.01154274
Load 196 | 0.56274057 | 0.55114928 | 0.57812500 | 0.56498741 | 0.57196063 | 0.56126778 | 0.57027095 | 0.56857216 | 0.56930185 | 0.55950500 | 0.56463975 | 0.56404261 | 0.56840475 | 0.58486239 | 0.57411588 | 0.58210078 | 0.56867168 | 0.58478803 | 0.55028220 | 0.57048346 | 0.56851361 | 0.00924215
Load 197 | 0.58754082 | 0.57651613 | 0.56074284 | 0.56756757 | 0.58503569 | 0.58390281 | 0.57352185 | 0.58002561 | 0.57412605 | 0.57114077 | 0.55534958 | 0.54824561 | 0.59489872 | 0.56369757 | 0.58830635 | 0.56969246 | 0.57780056 | 0.58631027 | 0.58306827 | 0.57430730 | 0.57508984 | 0.01156115
Load 198 | 0.57456472 | 0.58621535 | 0.57682556 | 0.56889564 | 0.59232494 | 0.57424203 | 0.59346598 | 0.58917836 | 0.58865611 | 0.56493840 | 0.58251928 | 0.56758143 | 0.58691952 | 0.56772038 | 0.58010766 | 0.58684739 | 0.57570510 | 0.56031424 | 0.58099570 | 0.56564634 | 0.57818321 | 0.00976495
Load 199 | 0.57445734 | 0.57288481 | 0.58517390 | 0.57927591 | 0.56061356 | 0.58091818 | 0.60215619 | 0.58830908 | 0.58343634 | 0.56082938 | 0.58709042 | 0.58084733 | 0.57615729 | 0.58534161 | 0.56273292 | 0.57245658 | 0.60195122 | 0.58252920 | 0.58667335 | 0.58234552 | 0.58030901 | 0.01097794
Load 200 | 0.57822961 | 0.57065083 | 0.55663513 | 0.57290896 | 0.58151093 | 0.58797327 | 0.57079318 | 0.57489155 | 0.58935644 | 0.58664260 | 0.57192460 | 0.57792208 | 0.59616784 | 0.57192118 | 0.58706593 | 0.59810047 | 0.56735219 | 0.58716265 | 0.58727774 | 0.57264957 | 0.57935684 | 0.01019527
