# TODAS AS PROBABILIDADES (20 SIMULAÇÕES)
# Requisição 3: [0,3]
# Modo: CONJUNTO
# Data: 2026-02-12 20:27:47
# ================================================================================
# Formato: Load | Sim1 | Sim2 | ... | Sim20 | Média | DesvioPadrão
# ================================================================================

Load   1 | 0.00000000 | 0.00000000 | 0.00000000 | 0.00000000 | 0.00000000 | 0.00000000 | 0.00000000 | 0.00000000 | 0.00000000 | 0.00000000 | 0.00000000 | 0.00000000 | 0.00000000 | 0.00000000 | 0.00000000 | 0.00000000 | 0.00000000 | 0.00000000 | 0.00000000 | 0.00000000 | 0.00000000 | 0.00000000
Load   2 | 0.00000000 | 0.00000000 | 0.00000000 | 0.00000000 | 0.00000000 | 0.00000000 | 0.00000000 | 0.00000000 | 0.00000000 | 0.00000000 | 0.00000000 | 0.00000000 | 0.00000000 | 0.00000000 | 0.00000000 | 0.00000000 | 0.00000000 | 0.00000000 | 0.00000000 | 0.00000000 | 0.00000000 | 0.00000000
Load   3 | 0.00000000 | 0.00000000 | 0.00000000 | 0.00000000 | 0.00000000 | 0.00000000 | 0.00000000 | 0.00000000 | 0.00000000 | 0.00000000 | 0.00000000 | 0.00000000 | 0.00000000 | 0.00000000 | 0.00000000 | 0.00000000 | 0.00000000 | 0.00000000 | 0.00000000 | 0.00000000 | 0.00000000 | 0.00000000
Load   4 | 0.00000000 | 0.00000000 | 0.00000000 | 0.00000000 | 0.00000000 | 0.00000000 | 0.00000000 | 0.00000000 | 0.00000000 | 0.00000000 | 0.00000000 | 0.00000000 | 0.00000000 | 0.00000000 | 0.00000000 | 0.00000000 | 0.00000000 | 0.00000000 | 0.00000000 | 0.00000000 | 0.00000000 | 0.00000000
Load   5 | 0.00000000 | 0.00000000 | 0.00000000 | 0.00000000 | 0.00000000 | 0.00000000 | 0.00000000 | 0.00000000 | 0.00000000 | 0.00000000 | 0.00000000 | 0.00000000 | 0.00000000 | 0.00000000 | 0.00000000 | 0.00000000 | 0.00000000 | 0.00000000 | 0.00000000 | 0.00000000 | 0.00000000 | 0.00000000
Load   6 | 0.00000000 | 0.00000000 | 0.00000000 | 0.00000000 | 0.00000000 | 0.00000000 | 0.00000000 | 0.00000000 | 0.00000000 | 0.00000000 | 0.00000000 | 0.00000000 | 0.00000000 | 0.00000000 | 0.00000000 | 0.00000000 | 0.00000000 | 0.00000000 | 0.00000000 | 0.00000000 | 0.00000000 | 0.00000000
Load   7 | 0.00000000 | 0.00000000 | 0.00000000 | 0.00000000 | 0.00000000 | 0.00000000 | 0.00000000 | 0.00000000 | 0.00000000 | 0.00000000 | 0.00000000 | 0.00000000 | 0.00000000 | 0.00000000 | 0.00000000 | 0.00000000 | 0.00000000 | 0.00000000 | 0.00000000 | 0.00000000 | 0.00000000 | 0.00000000
Load   8 | 0.00000000 | 0.00000000 | 0.00000000 | 0.00000000 | 0.00000000 | 0.00000000 | 0.00000000 | 0.00000000 | 0.00000000 | 0.00000000 | 0.00000000 | 0.00000000 | 0.00000000 | 0.00000000 | 0.00000000 | 0.00000000 | 0.00000000 | 0.00000000 | 0.00000000 | 0.00000000 | 0.00000000 | 0.00000000
Load   9 | 0.00000000 | 0.00000000 | 0.00000000 | 0.00000000 | 0.00000000 | 0.00000000 | 0.00000000 | 0.00000000 | 0.00000000 | 0.00000000 | 0.00000000 | 0.00000000 | 0.00000000 | 0.00000000 | 0.00000000 | 0.00000000 | 0.00000000 | 0.00000000 | 0.00000000 | 0.00000000 | 0.00000000 | 0.00000000
Load  10 | 0.00000000 | 0.00000000 | 0.00000000 | 0.00000000 | 0.00000000 | 0.00000000 | 0.00000000 | 0.00000000 | 0.00000000 | 0.00000000 | 0.00000000 | 0.00000000 | 0.00000000 | 0.00000000 | 0.00000000 | 0.00000000 | 0.00000000 | 0.00000000 | 0.00000000 | 0.00000000 | 0.00000000 | 0.00000000
Load  11 | 0.00000000 | 0.00000000 | 0.00000000 | 0.00000000 | 0.00000000 | 0.00000000 | 0.00000000 | 0.00000000 | 0.00000000 | 0.00000000 | 0.00000000 | 0.00000000 | 0.00000000 | 0.00000000 | 0.00000000 | 0.00000000 | 0.00000000 | 0.00000000 | 0.00000000 | 0.00000000 | 0.00000000 | 0.00000000
Load  12 | 0.00000000 | 0.00000000 | 0.00000000 | 0.00000000 | 0.00000000 | 0.00000000 | 0.00000000 | 0.00000000 | 0.00000000 | 0.00000000 | 0.00000000 | 0.00000000 | 0.00000000 | 0.00000000 | 0.00000000 | 0.00000000 | 0.00000000 | 0.00000000 | 0.00000000 | 0.00000000 | 0.00000000 | 0.00000000
Load  13 | 0.00000000 | 0.00000000 | 0.00000000 | 0.00000000 | 0.00000000 | 0.00000000 | 0.00000000 | 0.00000000 | 0.00000000 | 0.00000000 | 0.00000000 | 0.00000000 | 0.00000000 | 0.00000000 | 0.00000000 | 0.00000000 | 0.00000000 | 0.00000000 | 0.00000000 | 0.00000000 | 0.00000000 | 0.00000000
Load  14 | 0.00000000 | 0.00000000 | 0.00000000 | 0.00000000 | 0.00000000 | 0.00000000 | 0.00000000 | 0.00000000 | 0.00000000 | 0.00000000 | 0.00000000 | 0.00000000 | 0.00000000 | 0.00000000 | 0.00000000 | 0.00000000 | 0.00000000 | 0.00000000 | 0.00000000 | 0.00000000 | 0.00000000 | 0.00000000
Load  15 | 0.00000000 | 0.00000000 | 0.00000000 | 0.00000000 | 0.00000000 | 0.00000000 | 0.00000000 | 0.00000000 | 0.00000000 | 0.00000000 | 0.00000000 | 0.00000000 | 0.00000000 | 0.00000000 | 0.00000000 | 0.00000000 | 0.00000000 | 0.00000000 | 0.00000000 | 0.00000000 | 0.00000000 | 0.00000000
Load  16 | 0.00000000 | 0.00000000 | 0.00000000 | 0.00000000 | 0.00000000 | 0.00000000 | 0.00000000 | 0.00000000 | 0.00000000 | 0.00000000 | 0.00000000 | 0.00000000 | 0.00000000 | 0.00000000 | 0.00000000 | 0.00000000 | 0.00000000 | 0.00000000 | 0.00000000 | 0.00000000 | 0.00000000 | 0.00000000
Load  17 | 0.00000000 | 0.00000000 | 0.00000000 | 0.00000000 | 0.00000000 | 0.00000000 | 0.00000000 | 0.00000000 | 0.00000000 | 0.00000000 | 0.00000000 | 0.00000000 | 0.00000000 | 0.00000000 | 0.00000000 | 0.00000000 | 0.00000000 | 0.00000000 | 0.00000000 | 0.00000000 | 0.00000000 | 0.00000000
Load  18 | 0.00000000 | 0.00000000 | 0.00000000 | 0.00000000 | 0.00000000 | 0.00000000 | 0.00000000 | 0.00000000 | 0.00000000 | 0.00000000 | 0.00000000 | 0.00000000 | 0.00000000 | 0.00000000 | 0.00000000 | 0.00000000 | 0.00000000 | 0.00000000 | 0.00000000 | 0.00000000 | 0.00000000 | 0.00000000
Load  19 | 0.00000000 | 0.00000000 | 0.00000000 | 0.00000000 | 0.00000000 | 0.00000000 | 0.00000000 | 0.00000000 | 0.00000000 | 0.00000000 | 0.00000000 | 0.00000000 | 0.00000000 | 0.00000000 | 0.00000000 | 0.00000000 | 0.00000000 | 0.00000000 | 0.00000000 | 0.00000000 | 0.00000000 | 0.00000000
Load  20 | 0.00000000 | 0.00000000 | 0.00000000 | 0.00000000 | 0.00000000 | 0.00000000 | 0.00000000 | 0.00000000 | 0.00000000 | 0.00000000 | 0.00000000 | 0.00000000 | 0.00000000 | 0.00000000 | 0.00000000 | 0.00000000 | 0.00000000 | 0.00000000 | 0.00000000 | 0.00000000 | 0.00000000 | 0.00000000
Load  21 | 0.00000000 | 0.00000000 | 0.00000000 | 0.00000000 | 0.00000000 | 0.00000000 | 0.00000000 | 0.00000000 | 0.00000000 | 0.00000000 | 0.00000000 | 0.00000000 | 0.00000000 | 0.00000000 | 0.00000000 | 0.00000000 | 0.00000000 | 0.00000000 | 0.00000000 | 0.00000000 | 0.00000000 | 0.00000000
Load  22 | 0.00000000 | 0.00000000 | 0.00000000 | 0.00000000 | 0.00000000 | 0.00000000 | 0.00000000 | 0.00000000 | 0.00000000 | 0.00000000 | 0.00000000 | 0.00000000 | 0.00000000 | 0.00000000 | 0.00000000 | 0.00000000 | 0.00000000 | 0.00000000 | 0.00000000 | 0.00000000 | 0.00000000 | 0.00000000
Load  23 | 0.00000000 | 0.00000000 | 0.00000000 | 0.00000000 | 0.00000000 | 0.00000000 | 0.00000000 | 0.00000000 | 0.00000000 | 0.00000000 | 0.00000000 | 0.00000000 | 0.00000000 | 0.00000000 | 0.00000000 | 0.00000000 | 0.00000000 | 0.00000000 | 0.00000000 | 0.00000000 | 0.00000000 | 0.00000000
Load  24 | 0.00000000 | 0.00000000 | 0.00000000 | 0.00000000 | 0.00000000 | 0.00000000 | 0.00000000 | 0.00000000 | 0.00000000 | 0.00000000 | 0.00000000 | 0.00000000 | 0.00000000 | 0.00000000 | 0.00000000 | 0.00000000 | 0.00000000 | 0.00000000 | 0.00000000 | 0.00000000 | 0.00000000 | 0.00000000
Load  25 | 0.00000000 | 0.00000000 | 0.00000000 | 0.00000000 | 0.00000000 | 0.00000000 | 0.00000000 | 0.00000000 | 0.00000000 | 0.00000000 | 0.00000000 | 0.00000000 | 0.00000000 | 0.00000000 | 0.00000000 | 0.00000000 | 0.00000000 | 0.00000000 | 0.00000000 | 0.00000000 | 0.00000000 | 0.00000000
Load  26 | 0.00000000 | 0.00000000 | 0.00000000 | 0.00000000 | 0.00000000 | 0.00000000 | 0.00000000 | 0.00000000 | 0.00000000 | 0.00000000 | 0.00000000 | 0.00000000 | 0.00000000 | 0.00000000 | 0.00000000 | 0.00000000 | 0.00000000 | 0.00000000 | 0.00000000 | 0.00000000 | 0.00000000 | 0.00000000
Load  27 | 0.00000000 | 0.00000000 | 0.00000000 | 0.00000000 | 0.00000000 | 0.00000000 | 0.00000000 | 0.00000000 | 0.00000000 | 0.00000000 | 0.00000000 | 0.00000000 | 0.00000000 | 0.00000000 | 0.00000000 | 0.00000000 | 0.00000000 | 0.00000000 | 0.00000000 | 0.00000000 | 0.00000000 | 0.00000000
Load  28 | 0.00000000 | 0.00000000 | 0.00000000 | 0.00000000 | 0.00000000 | 0.00000000 | 0.00000000 | 0.00000000 | 0.00000000 | 0.00000000 | 0.00000000 | 0.00000000 | 0.00000000 | 0.00000000 | 0.00000000 | 0.00000000 | 0.00000000 | 0.00000000 | 0.00000000 | 0.00000000 | 0.00000000 | 0.00000000
Load  29 | 0.00000000 | 0.00000000 | 0.00000000 | 0.00000000 | 0.00000000 | 0.00000000 | 0.00000000 | 0.00000000 | 0.00000000 | 0.00000000 | 0.00000000 | 0.00000000 | 0.00000000 | 0.00000000 | 0.00000000 | 0.00000000 | 0.00000000 | 0.00000000 | 0.00000000 | 0.00000000 | 0.00000000 | 0.00000000
Load  30 | 0.00000000 | 0.00000000 | 0.00000000 | 0.00000000 | 0.00000000 | 0.00000000 | 0.00000000 | 0.00000000 | 0.00000000 | 0.00000000 | 0.00000000 | 0.00000000 | 0.00000000 | 0.00000000 | 0.00000000 | 0.00000000 | 0.00000000 | 0.00000000 | 0.00000000 | 0.00000000 | 0.00000000 | 0.00000000
Load  31 | 0.00000000 | 0.00000000 | 0.00000000 | 0.00000000 | 0.00000000 | 0.00000000 | 0.00000000 | 0.00000000 | 0.00000000 | 0.00000000 | 0.00000000 | 0.00000000 | 0.00000000 | 0.00000000 | 0.00000000 | 0.00000000 | 0.00000000 | 0.00000000 | 0.00000000 | 0.00000000 | 0.00000000 | 0.00000000
Load  32 | 0.00000000 | 0.00000000 | 0.00000000 | 0.00000000 | 0.00000000 | 0.00000000 | 0.00000000 | 0.00000000 | 0.00000000 | 0.00000000 | 0.00000000 | 0.00000000 | 0.00000000 | 0.00000000 | 0.00000000 | 0.00000000 | 0.00000000 | 0.00000000 | 0.00000000 | 0.00000000 | 0.00000000 | 0.00000000
Load  33 | 0.00000000 | 0.00000000 | 0.00000000 | 0.00000000 | 0.00000000 | 0.00000000 | 0.00000000 | 0.00000000 | 0.00000000 | 0.00000000 | 0.00000000 | 0.00000000 | 0.00000000 | 0.00000000 | 0.00000000 | 0.00000000 | 0.00000000 | 0.00000000 | 0.00000000 | 0.00000000 | 0.00000000 | 0.00000000
Load  34 | 0.00000000 | 0.00000000 | 0.00000000 | 0.00000000 | 0.00000000 | 0.00000000 | 0.00000000 | 0.00000000 | 0.00000000 | 0.00000000 | 0.00000000 | 0.00000000 | 0.00000000 | 0.00000000 | 0.00000000 | 0.00000000 | 0.00000000 | 0.00000000 | 0.00000000 | 0.00000000 | 0.00000000 | 0.00000000
Load  35 | 0.00000000 | 0.00000000 | 0.00000000 | 0.00000000 | 0.00000000 | 0.00000000 | 0.00000000 | 0.00000000 | 0.00000000 | 0.00000000 | 0.00000000 | 0.00000000 | 0.00000000 | 0.00000000 | 0.00000000 | 0.00000000 | 0.00000000 | 0.00000000 | 0.00000000 | 0.00000000 | 0.00000000 | 0.00000000
Load  36 | 0.00000000 | 0.00000000 | 0.00000000 | 0.00000000 | 0.00000000 | 0.00000000 | 0.00000000 | 0.00000000 | 0.00000000 | 0.00000000 | 0.00000000 | 0.00000000 | 0.00000000 | 0.00000000 | 0.00000000 | 0.00000000 | 0.00000000 | 0.00000000 | 0.00000000 | 0.00000000 | 0.00000000 | 0.00000000
Load  37 | 0.00000000 | 0.00000000 | 0.00000000 | 0.00000000 | 0.00000000 | 0.00000000 | 0.00000000 | 0.00000000 | 0.00000000 | 0.00000000 | 0.00000000 | 0.00000000 | 0.00000000 | 0.00000000 | 0.00000000 | 0.00000000 | 0.00000000 | 0.00000000 | 0.00000000 | 0.00000000 | 0.00000000 | 0.00000000
Load  38 | 0.00000000 | 0.00000000 | 0.00000000 | 0.00000000 | 0.00000000 | 0.00000000 | 0.00000000 | 0.00000000 | 0.00000000 | 0.00000000 | 0.00000000 | 0.00000000 | 0.00000000 | 0.00000000 | 0.00000000 | 0.00000000 | 0.00000000 | 0.00000000 | 0.00000000 | 0.00000000 | 0.00000000 | 0.00000000
Load  39 | 0.00000000 | 0.00000000 | 0.00000000 | 0.00000000 | 0.00000000 | 0.00000000 | 0.00000000 | 0.00000000 | 0.00000000 | 0.00000000 | 0.00000000 | 0.00000000 | 0.00000000 | 0.00000000 | 0.00000000 | 0.00000000 | 0.00000000 | 0.00000000 | 0.00000000 | 0.00000000 | 0.00000000 | 0.00000000
Load  40 | 0.00000000 | 0.00000000 | 0.00000000 | 0.00000000 | 0.00000000 | 0.00000000 | 0.00000000 | 0.00000000 | 0.00000000 | 0.00000000 | 0.00000000 | 0.00000000 | 0.00000000 | 0.00000000 | 0.00000000 | 0.00000000 | 0.00000000 | 0.00000000 | 0.00000000 | 0.00000000 | 0.00000000 | 0.00000000
Load  41 | 0.00000000 | 0.00000000 | 0.00000000 | 0.00000000 | 0.00000000 | 0.00000000 | 0.00000000 | 0.00000000 | 0.00000000 | 0.00000000 | 0.00000000 | 0.00000000 | 0.00000000 | 0.00000000 | 0.00000000 | 0.00000000 | 0.00000000 | 0.00000000 | 0.00000000 | 0.00000000 | 0.00000000 | 0.00000000
Load  42 | 0.00000000 | 0.00000000 | 0.00000000 | 0.00000000 | 0.00000000 | 0.00000000 | 0.00000000 | 0.00000000 | 0.00000000 | 0.00000000 | 0.00000000 | 0.00000000 | 0.00000000 | 0.00000000 | 0.00000000 | 0.00000000 | 0.00000000 | 0.00000000 | 0.00000000 | 0.00000000 | 0.00000000 | 0.00000000
Load  43 | 0.00000000 | 0.00000000 | 0.00000000 | 0.00000000 | 0.00000000 | 0.00000000 | 0.00000000 | 0.00000000 | 0.00000000 | 0.00000000 | 0.00000000 | 0.00000000 | 0.00000000 | 0.00000000 | 0.00000000 | 0.00000000 | 0.00000000 | 0.00000000 | 0.00000000 | 0.00000000 | 0.00000000 | 0.00000000
Load  44 | 0.00000000 | 0.00000000 | 0.00000000 | 0.00000000 | 0.00000000 | 0.00000000 | 0.00000000 | 0.00000000 | 0.00000000 | 0.00000000 | 0.00000000 | 0.00000000 | 0.00000000 | 0.00000000 | 0.00000000 | 0.00000000 | 0.00000000 | 0.00000000 | 0.00000000 | 0.00000000 | 0.00000000 | 0.00000000
Load  45 | 0.00000000 | 0.00000000 | 0.00000000 | 0.00000000 | 0.00000000 | 0.00000000 | 0.00000000 | 0.00000000 | 0.00000000 | 0.00000000 | 0.00000000 | 0.00000000 | 0.00000000 | 0.00000000 | 0.00000000 | 0.00000000 | 0.00000000 | 0.00000000 | 0.00000000 | 0.00000000 | 0.00000000 | 0.00000000
Load  46 | 0.00000000 | 0.00000000 | 0.00000000 | 0.00000000 | 0.00000000 | 0.00000000 | 0.00000000 | 0.00000000 | 0.00000000 | 0.00000000 | 0.00000000 | 0.00000000 | 0.00000000 | 0.00000000 | 0.00000000 | 0.00000000 | 0.00000000 | 0.00000000 | 0.00000000 | 0.00000000 | 0.00000000 | 0.00000000
Load  47 | 0.00000000 | 0.00000000 | 0.00000000 | 0.00000000 | 0.00000000 | 0.00000000 | 0.00000000 | 0.00000000 | 0.00000000 | 0.00000000 | 0.00000000 | 0.00000000 | 0.00000000 | 0.00000000 | 0.00000000 | 0.00000000 | 0.00000000 | 0.00000000 | 0.00000000 | 0.00000000 | 0.00000000 | 0.00000000
Load  48 | 0.00000000 | 0.00000000 | 0.00000000 | 0.00000000 | 0.00000000 | 0.00000000 | 0.00000000 | 0.00000000 | 0.00000000 | 0.00000000 | 0.00000000 | 0.00000000 | 0.00000000 | 0.00000000 | 0.00000000 | 0.00000000 | 0.00000000 | 0.00000000 | 0.00000000 | 0.00000000 | 0.00000000 | 0.00000000
Load  49 | 0.00000000 | 0.00000000 | 0.00000000 | 0.00000000 | 0.00000000 | 0.00000000 | 0.00000000 | 0.00000000 | 0.00000000 | 0.00000000 | 0.00000000 | 0.00000000 | 0.00000000 | 0.00000000 | 0.00000000 | 0.00000000 | 0.00000000 | 0.00206612 | 0.00000000 | 0.00000000 | 0.00010331 | 0.00045030
Load  50 | 0.00000000 | 0.00000000 | 0.00000000 | 0.00000000 | 0.00000000 | 0.00000000 | 0.00000000 | 0.00000000 | 0.00000000 | 0.00000000 | 0.00000000 | 0.00000000 | 0.00000000 | 0.00000000 | 0.00000000 | 0.00000000 | 0.00000000 | 0.00000000 | 0.00000000 | 0.00000000 | 0.00000000 | 0.00000000
Load  51 | 0.00000000 | 0.00000000 | 0.00000000 | 0.00000000 | 0.00000000 | 0.00000000 | 0.00000000 | 0.00000000 | 0.00000000 | 0.00000000 | 0.00000000 | 0.00000000 | 0.00000000 | 0.00000000 | 0.00000000 | 0.00000000 | 0.00000000 | 0.00000000 | 0.00000000 | 0.00000000 | 0.00000000 | 0.00000000
Load  52 | 0.00000000 | 0.00000000 | 0.00000000 | 0.00000000 | 0.00000000 | 0.00000000 | 0.00000000 | 0.00000000 | 0.00000000 | 0.00000000 | 0.00000000 | 0.00000000 | 0.00000000 | 0.00000000 | 0.00000000 | 0.00000000 | 0.00000000 | 0.00000000 | 0.00000000 | 0.00000000 | 0.00000000 | 0.00000000
Load  53 | 0.00000000 | 0.00000000 | 0.00000000 | 0.00000000 | 0.00000000 | 0.00000000 | 0.00000000 | 0.00000000 | 0.00000000 | 0.00000000 | 0.00000000 | 0.00000000 | 0.00000000 | 0.00000000 | 0.00000000 | 0.00000000 | 0.00000000 | 0.00000000 | 0.00000000 | 0.00000000 | 0.00000000 | 0.00000000
Load  54 | 0.00000000 | 0.00000000 | 0.00000000 | 0.00000000 | 0.00000000 | 0.00000000 | 0.00000000 | 0.00000000 | 0.00000000 | 0.00000000 | 0.00000000 | 0.00093545 | 0.00000000 | 0.00000000 | 0.00000000 | 0.00000000 | 0.00280374 | 0.00000000 | 0.00000000 | 0.00278552 | 0.00032624 | 0.00084754
Load  55 | 0.00000000 | 0.00000000 | 0.00000000 | 0.00000000 | 0.00000000 | 0.00000000 | 0.00259067 | 0.00000000 | 0.00000000 | 0.00000000 | 0.00000000 | 0.00000000 | 0.00000000 | 0.00000000 | 0.00000000 | 0.00177148 | 0.00000000 | 0.00000000 | 0.00000000 | 0.00000000 | 0.00021811 | 0.00066702
Load  56 | 0.00000000 | 0.00000000 | 0.00000000 | 0.00000000 | 0.00000000 | 0.00000000 | 0.00000000 | 0.00000000 | 0.00000000 | 0.00000000 | 0.00000000 | 0.00000000 | 0.00000000 | 0.00000000 | 0.00000000 | 0.00000000 | 0.00000000 | 0.00000000 | 0.00000000 | 0.00000000 | 0.00000000 | 0.00000000
Load  57 | 0.00000000 | 0.00000000 | 0.00000000 | 0.00000000 | 0.00000000 | 0.00000000 | 0.00000000 | 0.00000000 | 0.00000000 | 0.00000000 | 0.00000000 | 0.00000000 | 0.00000000 | 0.00000000 | 0.00000000 | 0.00000000 | 0.00000000 | 0.00000000 | 0.00000000 | 0.00000000 | 0.00000000 | 0.00000000
Load  58 | 0.00000000 | 0.00000000 | 0.00000000 | 0.00000000 | 0.00000000 | 0.00000000 | 0.00000000 | 0.00000000 | 0.00000000 | 0.00000000 | 0.00000000 | 0.00000000 | 0.00000000 | 0.00000000 | 0.00000000 | 0.00000000 | 0.00000000 | 0.00000000 | 0.00000000 | 0.00000000 | 0.00000000 | 0.00000000
Load  59 | 0.00251889 | 0.00000000 | 0.00000000 | 0.00165017 | 0.00000000 | 0.00000000 | 0.00000000 | 0.00000000 | 0.00000000 | 0.00000000 | 0.00165700 | 0.00000000 | 0.00000000 | 0.00000000 | 0.00000000 | 0.00000000 | 0.00000000 | 0.00000000 | 0.00000000 | 0.00000000 | 0.00029130 | 0.00071121
Load  60 | 0.00000000 | 0.00086133 | 0.00000000 | 0.00238284 | 0.00000000 | 0.00082645 | 0.00000000 | 0.00084175 | 0.00000000 | 0.00402253 | 0.00000000 | 0.00000000 | 0.00000000 | 0.00000000 | 0.00000000 | 0.00000000 | 0.00000000 | 0.00000000 | 0.00000000 | 0.00000000 | 0.00044674 | 0.00100001
Load  61 | 0.00000000 | 0.00000000 | 0.00000000 | 0.00000000 | 0.00160514 | 0.00000000 | 0.00083403 | 0.00000000 | 0.00000000 | 0.00000000 | 0.00000000 | 0.00084746 | 0.00000000 | 0.00000000 | 0.00082850 | 0.00000000 | 0.00000000 | 0.00259291 | 0.00080386 | 0.00082169 | 0.00041668 | 0.00068003
Load  62 | 0.00000000 | 0.00000000 | 0.00000000 | 0.00000000 | 0.00079808 | 0.00000000 | 0.00000000 | 0.00000000 | 0.00000000 | 0.00000000 | 0.00079428 | 0.00000000 | 0.00000000 | 0.00000000 | 0.00000000 | 0.00000000 | 0.00000000 | 0.00077700 | 0.00000000 | 0.00000000 | 0.00011847 | 0.00028203
Load  63 | 0.00000000 | 0.00000000 | 0.00077101 | 0.00000000 | 0.00155039 | 0.00000000 | 0.00000000 | 0.00077580 | 0.00316957 | 0.00000000 | 0.00000000 | 0.00000000 | 0.00080906 | 0.00157604 | 0.00077580 | 0.00000000 | 0.00156986 | 0.00235110 | 0.00078864 | 0.00000000 | 0.00070686 | 0.00089464
Load  64 | 0.00000000 | 0.00229885 | 0.00690184 | 0.00000000 | 0.00000000 | 0.00484653 | 0.00000000 | 0.00000000 | 0.00000000 | 0.00000000 | 0.00000000 | 0.00152439 | 0.00000000 | 0.00000000 | 0.00000000 | 0.00000000 | 0.00078864 | 0.00323363 | 0.00076923 | 0.00000000 | 0.00101816 | 0.00186641
Load  65 | 0.00076394 | 0.00079681 | 0.00152555 | 0.00078493 | 0.00000000 | 0.00238474 | 0.00383436 | 0.00074850 | 0.00000000 | 0.00080972 | 0.00444115 | 0.00158730 | 0.00385802 | 0.00000000 | 0.00000000 | 0.00075930 | 0.00000000 | 0.00000000 | 0.00000000 | 0.00078125 | 0.00115378 | 0.00136853
Load  66 | 0.00000000 | 0.00317712 | 0.00220103 | 0.00365764 | 0.00000000 | 0.00443459 | 0.00228311 | 0.00000000 | 0.00076628 | 0.00377644 | 0.00150263 | 0.00221566 | 0.00223048 | 0.00158730 | 0.00000000 | 0.00000000 | 0.00076161 | 0.00000000 | 0.00000000 | 0.00075930 | 0.00146766 | 0.00142796
Load  67 | 0.00231125 | 0.00000000 | 0.00148038 | 0.00360750 | 0.00077220 | 0.00226929 | 0.00074239 | 0.00075188 | 0.00230947 | 0.00289436 | 0.00076220 | 0.00000000 | 0.00074794 | 0.00077160 | 0.00149365 | 0.00153022 | 0.00144613 | 0.00000000 | 0.00000000 | 0.00074129 | 0.00123159 | 0.00099332
Load  68 | 0.00072516 | 0.00606520 | 0.00000000 | 0.00000000 | 0.00000000 | 0.00000000 | 0.00453858 | 0.00075758 | 0.00142755 | 0.00073692 | 0.00000000 | 0.00074738 | 0.00073368 | 0.00146199 | 0.00212014 | 0.00000000 | 0.00290276 | 0.00213523 | 0.00286738 | 0.00229008 | 0.00147548 | 0.00160789
Load  69 | 0.00149142 | 0.00145138 | 0.00071788 | 0.00000000 | 0.00000000 | 0.00071531 | 0.00353857 | 0.00495400 | 0.00498931 | 0.00623701 | 0.00285714 | 0.00428878 | 0.00149477 | 0.00986610 | 0.00144613 | 0.00378788 | 0.00203528 | 0.00449102 | 0.00217077 | 0.00071531 | 0.00286240 | 0.00239222
Load  70 | 0.00000000 | 0.00294985 | 0.00070126 | 0.00438276 | 0.00000000 | 0.00279916 | 0.00285103 | 0.00139179 | 0.00000000 | 0.00143472 | 0.00000000 | 0.00430416 | 0.00000000 | 0.00203252 | 0.00351370 | 0.00000000 | 0.00292612 | 0.00354862 | 0.00284293 | 0.00136986 | 0.00185242 | 0.00151407
Load  71 | 0.00219459 | 0.00210379 | 0.00141343 | 0.00000000 | 0.00424328 | 0.00137552 | 0.00213068 | 0.00693963 | 0.00565371 | 0.00000000 | 0.00000000 | 0.00430725 | 0.00000000 | 0.00436047 | 0.00071531 | 0.00767620 | 0.00352113 | 0.00071480 | 0.00419580 | 0.00070225 | 0.00261239 | 0.00231643
Load  72 | 0.00272665 | 0.00139567 | 0.00074019 | 0.00000000 | 0.00279330 | 0.00358166 | 0.00679348 | 0.01163587 | 0.00206897 | 0.00427350 | 0.00400802 | 0.00468855 | 0.00341763 | 0.00072098 | 0.00427046 | 0.00139179 | 0.00276434 | 0.00674764 | 0.00676590 | 0.00000000 | 0.00353923 | 0.00277035
Load  73 | 0.00689655 | 0.00269724 | 0.00201342 | 0.00411523 | 0.00825877 | 0.00756534 | 0.00608931 | 0.00139665 | 0.00486111 | 0.00468855 | 0.01049180 | 0.00207756 | 0.00835073 | 0.00070972 | 0.00544588 | 0.00276052 | 0.01185495 | 0.00342936 | 0.00206612 | 0.00703730 | 0.00514031 | 0.00304516
Load  74 | 0.00482426 | 0.01058201 | 0.01950235 | 0.00277778 | 0.00414079 | 0.00711514 | 0.00000000 | 0.00338753 | 0.00072674 | 0.00542373 | 0.00411241 | 0.01448321 | 0.01230349 | 0.00343171 | 0.00213220 | 0.00389610 | 0.00743746 | 0.01384083 | 0.00264201 | 0.00403226 | 0.00633960 | 0.00504167
Load  75 | 0.00336022 | 0.01344086 | 0.00337382 | 0.00814111 | 0.00201072 | 0.01213756 | 0.00529101 | 0.00462657 | 0.00345304 | 0.00784314 | 0.00581395 | 0.00261438 | 0.00259403 | 0.00193299 | 0.00197628 | 0.00324044 | 0.00718954 | 0.00636132 | 0.01023192 | 0.00408998 | 0.00548614 | 0.00332369
Load  76 | 0.01603206 | 0.00394477 | 0.00652316 | 0.00660939 | 0.00549451 | 0.02056555 | 0.00814664 | 0.00130634 | 0.01524188 | 0.00801068 | 0.00602007 | 0.01861361 | 0.00522193 | 0.01317440 | 0.00738255 | 0.01115486 | 0.00593276 | 0.00389610 | 0.00410959 | 0.00334896 | 0.00853649 | 0.00529168
Load  77 | 0.00720839 | 0.00771208 | 0.00196464 | 0.00335796 | 0.01511335 | 0.00675219 | 0.01859230 | 0.00957243 | 0.00789474 | 0.00576923 | 0.01157556 | 0.01123596 | 0.00976562 | 0.00772201 | 0.00611413 | 0.00900322 | 0.01623377 | 0.01326260 | 0.00724161 | 0.01036269 | 0.00932272 | 0.00405072
Load  78 | 0.00914435 | 0.00573248 | 0.01601537 | 0.00819672 | 0.00821745 | 0.00263331 | 0.01411909 | 0.00578778 | 0.01418002 | 0.00568182 | 0.00720839 | 0.00390371 | 0.00760938 | 0.00320924 | 0.01291156 | 0.00939850 | 0.02391726 | 0.01076716 | 0.00766773 | 0.00925926 | 0.00927803 | 0.00490980
Load  79 | 0.01418877 | 0.00761905 | 0.01058531 | 0.01309758 | 0.01340140 | 0.01978973 | 0.00513809 | 0.00623830 | 0.00950570 | 0.00915192 | 0.00901481 | 0.01474359 | 0.01666667 | 0.01483871 | 0.01507538 | 0.01191223 | 0.01929060 | 0.01638270 | 0.01572327 | 0.01270648 | 0.01275351 | 0.00397213
Load  80 | 0.01554726 | 0.00777706 | 0.01594114 | 0.02033493 | 0.01191223 | 0.01166360 | 0.00569620 | 0.00912647 | 0.02035780 | 0.00871189 | 0.00697970 | 0.01535509 | 0.00975293 | 0.01267351 | 0.01125000 | 0.02559181 | 0.01245330 | 0.01510384 | 0.00646831 | 0.01475108 | 0.01287241 | 0.00502120
Load  81 | 0.01644529 | 0.01110462 | 0.01501877 | 0.01113294 | 0.01955990 | 0.00683230 | 0.01528117 | 0.00880503 | 0.02179177 | 0.02066869 | 0.01734820 | 0.00771208 | 0.01361753 | 0.00932256 | 0.02268547 | 0.01620948 | 0.00881612 | 0.01546698 | 0.01042945 | 0.01481005 | 0.01415292 | 0.00466249
Load  82 | 0.01559688 | 0.01236858 | 0.02543424 | 0.00703325 | 0.01448363 | 0.01150895 | 0.00975015 | 0.01393095 | 0.01528117 | 0.01755448 | 0.01102088 | 0.01556886 | 0.02123673 | 0.01507841 | 0.01685731 | 0.01434810 | 0.01532115 | 0.01510574 | 0.00562852 | 0.02171137 | 0.01474097 | 0.00457143
Load  83 | 0.02232951 | 0.02308627 | 0.01748907 | 0.02060606 | 0.01798561 | 0.02087060 | 0.01458080 | 0.02408188 | 0.01396973 | 0.00970285 | 0.02268657 | 0.00961538 | 0.00742574 | 0.00748596 | 0.02585194 | 0.01431127 | 0.01992754 | 0.01606922 | 0.01985981 | 0.01885645 | 0.01733961 | 0.00541513
Load  84 | 0.01354680 | 0.01576713 | 0.01245330 | 0.02290076 | 0.02554961 | 0.02378121 | 0.02322811 | 0.02237927 | 0.02158273 | 0.02505828 | 0.01989150 | 0.01466993 | 0.01000000 | 0.02415459 | 0.01557992 | 0.01014925 | 0.01652893 | 0.01434549 | 0.01968974 | 0.01727116 | 0.01842639 | 0.00489128
Load  85 | 0.01006513 | 0.01855288 | 0.01695942 | 0.03220242 | 0.02633154 | 0.03283410 | 0.03097082 | 0.02630041 | 0.02662037 | 0.01859384 | 0.02346880 | 0.02440442 | 0.03049853 | 0.01252236 | 0.02021953 | 0.02725118 | 0.03014184 | 0.03251569 | 0.01935484 | 0.03374055 | 0.02467743 | 0.00682256
Load  86 | 0.03526012 | 0.02598870 | 0.02040816 | 0.02304965 | 0.02852349 | 0.02767962 | 0.02976190 | 0.01850781 | 0.02228916 | 0.02935995 | 0.02068966 | 0.02203390 | 0.03997648 | 0.01499700 | 0.02010645 | 0.01904212 | 0.02144928 | 0.02598121 | 0.01679664 | 0.03255283 | 0.02472271 | 0.00628276
Load  87 | 0.01848642 | 0.04043716 | 0.03626943 | 0.01944444 | 0.03920516 | 0.02853815 | 0.02671973 | 0.03139810 | 0.03056517 | 0.01278327 | 0.02634468 | 0.02287390 | 0.02069781 | 0.03532764 | 0.02450408 | 0.01875378 | 0.01780586 | 0.02476083 | 0.02350176 | 0.01441441 | 0.02564159 | 0.00776419
Load  88 | 0.03558926 | 0.01621309 | 0.03116147 | 0.02538950 | 0.03038829 | 0.02779420 | 0.02356902 | 0.04514073 | 0.02168950 | 0.03475336 | 0.04647160 | 0.02312139 | 0.02753368 | 0.03942461 | 0.03160920 | 0.02733485 | 0.03382187 | 0.02662037 | 0.03206191 | 0.04401806 | 0.03118530 | 0.00785211
Load  89 | 0.03922652 | 0.02242152 | 0.04366812 | 0.04098361 | 0.04157428 | 0.02319005 | 0.01918605 | 0.04919845 | 0.03619910 | 0.03153153 | 0.03049482 | 0.01878201 | 0.03438557 | 0.02689779 | 0.03829322 | 0.03211268 | 0.03308431 | 0.02055197 | 0.04258850 | 0.03235124 | 0.03283607 | 0.00862193
Load  90 | 0.02631579 | 0.03775680 | 0.04994451 | 0.02538071 | 0.03087100 | 0.04607509 | 0.03253425 | 0.03745928 | 0.02768166 | 0.03405918 | 0.02463054 | 0.03780069 | 0.03956422 | 0.04785479 | 0.03450226 | 0.03309432 | 0.04493151 | 0.03116147 | 0.02521008 | 0.03013699 | 0.03484826 | 0.00755939
Load  91 | 0.04628099 | 0.02981778 | 0.05151354 | 0.02776266 | 0.03047091 | 0.03389831 | 0.03658537 | 0.04947917 | 0.04120444 | 0.02952646 | 0.02941176 | 0.04263566 | 0.04565702 | 0.05627010 | 0.03780822 | 0.04917127 | 0.03736264 | 0.02660152 | 0.03202650 | 0.03310198 | 0.03832931 | 0.00869666
Load  92 | 0.05349576 | 0.02740492 | 0.02783843 | 0.03126777 | 0.04728641 | 0.04637527 | 0.04903017 | 0.05065963 | 0.04810262 | 0.05307856 | 0.04295813 | 0.05068120 | 0.03856749 | 0.02151163 | 0.04420485 | 0.04471983 | 0.03822715 | 0.04385027 | 0.04242424 | 0.04900377 | 0.04253440 | 0.00887032
Load  93 | 0.03707803 | 0.03608529 | 0.04208311 | 0.03848268 | 0.03552492 | 0.04874214 | 0.04913607 | 0.04540710 | 0.04834472 | 0.05654281 | 0.03139968 | 0.05113636 | 0.04352679 | 0.04356955 | 0.06763285 | 0.05090138 | 0.05023304 | 0.03817603 | 0.05375754 | 0.04305177 | 0.04554059 | 0.00831023
Load  94 | 0.04424307 | 0.05540757 | 0.05026738 | 0.05243037 | 0.04428787 | 0.04910243 | 0.04139434 | 0.05985552 | 0.04892473 | 0.04896627 | 0.04056902 | 0.05310200 | 0.05917160 | 0.04297521 | 0.03444564 | 0.04973822 | 0.03784085 | 0.05197505 | 0.04826464 | 0.05346744 | 0.04832146 | 0.00655621
Load  95 | 0.04014791 | 0.06164730 | 0.04738562 | 0.06108374 | 0.03905013 | 0.05065963 | 0.04965663 | 0.03985122 | 0.03422854 | 0.06095041 | 0.05179704 | 0.06020245 | 0.03903743 | 0.05291288 | 0.06389610 | 0.04864566 | 0.04382260 | 0.06407563 | 0.05054152 | 0.06502360 | 0.05123080 | 0.00953261
Load  96 | 0.06111697 | 0.08029925 | 0.04688332 | 0.06034038 | 0.05366357 | 0.05156724 | 0.04454927 | 0.04081633 | 0.06295150 | 0.05770222 | 0.07204030 | 0.04075067 | 0.05514316 | 0.04543108 | 0.05123054 | 0.05873099 | 0.06214977 | 0.04193548 | 0.05290456 | 0.04186290 | 0.05410347 | 0.01039757
Load  97 | 0.04209446 | 0.06711759 | 0.04987147 | 0.06090578 | 0.05606996 | 0.06977964 | 0.07692308 | 0.05968639 | 0.06029106 | 0.06906907 | 0.05289929 | 0.06173444 | 0.05263158 | 0.06827515 | 0.05455508 | 0.07846235 | 0.06141732 | 0.05655391 | 0.05541035 | 0.04162162 | 0.05976848 | 0.00967712
Load  98 | 0.07427447 | 0.07294833 | 0.05521783 | 0.05572917 | 0.05547074 | 0.08113695 | 0.05061983 | 0.04632153 | 0.05276907 | 0.04970915 | 0.06445013 | 0.07545220 | 0.05980740 | 0.06202723 | 0.06368421 | 0.05214724 | 0.07696254 | 0.06278714 | 0.04119464 | 0.07535322 | 0.06140315 | 0.01117258
Load  99 | 0.07570332 | 0.06879362 | 0.08778813 | 0.06889564 | 0.07807808 | 0.05541035 | 0.05368791 | 0.06935237 | 0.07099698 | 0.06862258 | 0.07527926 | 0.04751958 | 0.03659794 | 0.07117794 | 0.05364372 | 0.05677749 | 0.06330366 | 0.08540218 | 0.07983830 | 0.07189216 | 0.06693806 | 0.01262289
Load 100 | 0.06370656 | 0.06857425 | 0.08135422 | 0.06533946 | 0.06408346 | 0.07661290 | 0.07295466 | 0.07554479 | 0.08316222 | 0.05422886 | 0.07506297 | 0.06425293 | 0.09014364 | 0.05353319 | 0.07309796 | 0.05273834 | 0.09134848 | 0.05420754 | 0.06752577 | 0.08208955 | 0.07047809 | 0.01146402
Load 101 | 0.07022750 | 0.07289628 | 0.05855628 | 0.08320877 | 0.08603190 | 0.08529854 | 0.07543323 | 0.07960688 | 0.05478036 | 0.05575448 | 0.08248423 | 0.07370015 | 0.06102362 | 0.08517034 | 0.07922272 | 0.07662651 | 0.06112469 | 0.06750630 | 0.06637168 | 0.09823091 | 0.07366277 | 0.01139600
Load 102 | 0.09354226 | 0.07050952 | 0.08505408 | 0.08602151 | 0.07160253 | 0.06872510 | 0.08337519 | 0.08500244 | 0.07929293 | 0.09042033 | 0.05464481 | 0.08228801 | 0.05693069 | 0.09181259 | 0.08429119 | 0.07818533 | 0.06776283 | 0.07808564 | 0.09350885 | 0.09027778 | 0.07956668 | 0.01108545
Load 103 | 0.10607477 | 0.07756505 | 0.11019417 | 0.07458292 | 0.10585480 | 0.08923375 | 0.07688564 | 0.07208073 | 0.06862258 | 0.06169793 | 0.05748865 | 0.08858268 | 0.10182158 | 0.10155148 | 0.06835443 | 0.08659491 | 0.06580211 | 0.10354746 | 0.09103774 | 0.10280819 | 0.08551908 | 0.01644156
Load 104 | 0.08065290 | 0.10647280 | 0.07426679 | 0.08459658 | 0.11203320 | 0.09225621 | 0.10447036 | 0.08630665 | 0.09985667 | 0.09315589 | 0.08729433 | 0.08184882 | 0.09164678 | 0.08521657 | 0.09206799 | 0.07452509 | 0.08925234 | 0.09138505 | 0.09348997 | 0.09956501 | 0.09101800 | 0.00970741
Load 105 | 0.08325359 | 0.09609044 | 0.10320115 | 0.08580858 | 0.08341143 | 0.08955224 | 0.10512007 | 0.09261084 | 0.08929406 | 0.12437128 | 0.09414634 | 0.08582449 | 0.10334928 | 0.06209150 | 0.08278146 | 0.11434016 | 0.09722222 | 0.10236967 | 0.09937888 | 0.08919302 | 0.09417054 | 0.01287935
Load 106 | 0.09261807 | 0.08636149 | 0.12460639 | 0.11387257 | 0.10276143 | 0.10702652 | 0.08595989 | 0.08433735 | 0.09956289 | 0.09142319 | 0.07946386 | 0.07234043 | 0.10331384 | 0.11282772 | 0.08736496 | 0.07329843 | 0.12283169 | 0.09568480 | 0.10115473 | 0.08725158 | 0.09620309 | 0.01459792
Load 107 | 0.08985642 | 0.08568782 | 0.10589875 | 0.10650069 | 0.11475410 | 0.10746129 | 0.09784644 | 0.09330820 | 0.07488152 | 0.09534884 | 0.11228716 | 0.09818875 | 0.09657040 | 0.10482759 | 0.07071666 | 0.10603899 | 0.11165919 | 0.12190651 | 0.09805735 | 0.08297362 | 0.09873851 | 0.01288625
Load 108 | 0.10736053 | 0.10484623 | 0.10370370 | 0.09952607 | 0.11397059 | 0.11584554 | 0.10275229 | 0.12419503 | 0.10738559 | 0.11296882 | 0.12572707 | 0.09734513 | 0.10083256 | 0.08944954 | 0.07891094 | 0.10268270 | 0.11386593 | 0.10317085 | 0.08642555 | 0.10149673 | 0.10462307 | 0.01128677
Load 109 | 0.10886541 | 0.10696173 | 0.10080454 | 0.11806798 | 0.10757717 | 0.12068966 | 0.12928638 | 0.11360575 | 0.10897436 | 0.11469534 | 0.10105167 | 0.12586445 | 0.10336976 | 0.09681946 | 0.07990544 | 0.10742278 | 0.11520947 | 0.10762752 | 0.10794672 | 0.10436347 | 0.10895545 | 0.01048109
Load 110 | 0.15166297 | 0.10499537 | 0.11086075 | 0.12045455 | 0.10424188 | 0.11307902 | 0.09385265 | 0.11920223 | 0.11076512 | 0.11095636 | 0.12211982 | 0.11031067 | 0.13449508 | 0.12030755 | 0.11273391 | 0.12029746 | 0.10900901 | 0.09920075 | 0.10155535 | 0.12477314 | 0.11474368 | 0.01261806
Load 111 | 0.12764977 | 0.12148685 | 0.10973370 | 0.10041077 | 0.10085547 | 0.12982456 | 0.09439928 | 0.09734513 | 0.11811371 | 0.11565836 | 0.10964513 | 0.09959803 | 0.13375796 | 0.11644767 | 0.12092816 | 0.12561909 | 0.12559344 | 0.11288181 | 0.12024486 | 0.10127157 | 0.11407327 | 0.01160171
Load 112 | 0.10641201 | 0.14193548 | 0.14158899 | 0.11429872 | 0.15020116 | 0.13056903 | 0.11849842 | 0.10366399 | 0.13956522 | 0.12613784 | 0.12400706 | 0.10424188 | 0.14101996 | 0.13759432 | 0.10831810 | 0.11683696 | 0.12788632 | 0.10979499 | 0.10913816 | 0.09330254 | 0.12225056 | 0.01570957
Load 113 | 0.11834580 | 0.14242160 | 0.15245250 | 0.12362516 | 0.10324074 | 0.12272121 | 0.12225154 | 0.11939655 | 0.10733696 | 0.12918871 | 0.15660542 | 0.11964286 | 0.12639246 | 0.12698413 | 0.15744316 | 0.12971800 | 0.12813853 | 0.13398839 | 0.14586919 | 0.13371080 | 0.12997369 | 0.01443268
Load 114 | 0.11365639 | 0.14155844 | 0.14540705 | 0.13018535 | 0.14081359 | 0.14397906 | 0.13812886 | 0.13882863 | 0.12289780 | 0.12726449 | 0.12699135 | 0.13898601 | 0.13105287 | 0.14514039 | 0.15104835 | 0.14776632 | 0.14298602 | 0.13652327 | 0.13910422 | 0.13420479 | 0.13682616 | 0.00897513
Load 115 | 0.15155385 | 0.10122560 | 0.15083085 | 0.13474870 | 0.13700441 | 0.12010559 | 0.13202614 | 0.15925766 | 0.13785653 | 0.12743363 | 0.12455516 | 0.12137203 | 0.15728844 | 0.14586015 | 0.10631673 | 0.15142364 | 0.14759536 | 0.14805195 | 0.14404919 | 0.12794613 | 0.13632509 | 0.01578210
Load 116 | 0.13669065 | 0.15961622 | 0.13506815 | 0.11877224 | 0.12773403 | 0.15265866 | 0.13318584 | 0.13333333 | 0.15829146 | 0.15391156 | 0.14231419 | 0.11459695 | 0.14818062 | 0.14112028 | 0.14874945 | 0.14666085 | 0.13525118 | 0.12533452 | 0.15767106 | 0.15407470 | 0.14116080 | 0.01296376
Load 117 | 0.15505913 | 0.15071973 | 0.17086482 | 0.15858844 | 0.15541126 | 0.14782609 | 0.15510719 | 0.13002566 | 0.13959391 | 0.14645405 | 0.13911906 | 0.16619605 | 0.14297659 | 0.17007086 | 0.16800677 | 0.17335474 | 0.13289760 | 0.14158918 | 0.13200883 | 0.15416494 | 0.15150174 | 0.01318495
Load 118 | 0.13722944 | 0.14543926 | 0.16567797 | 0.16073620 | 0.15561016 | 0.16352201 | 0.18474227 | 0.13156771 | 0.14273577 | 0.15010571 | 0.13791613 | 0.16645327 | 0.12978443 | 0.15274864 | 0.17242833 | 0.13973425 | 0.16410049 | 0.14363713 | 0.15031847 | 0.14478683 | 0.15196372 | 0.01412385
Load 119 | 0.16051502 | 0.13257741 | 0.15634218 | 0.13479759 | 0.12676056 | 0.14165261 | 0.16053512 | 0.14054726 | 0.14518258 | 0.17678869 | 0.16972664 | 0.17893871 | 0.15244161 | 0.17805907 | 0.17472119 | 0.15042373 | 0.16456229 | 0.15883306 | 0.18664455 | 0.15217391 | 0.15711119 | 0.01657380
Load 120 | 0.14273613 | 0.16382114 | 0.18790850 | 0.17152104 | 0.14333473 | 0.14593496 | 0.16584565 | 0.14477549 | 0.21720346 | 0.16994267 | 0.18089016 | 0.16926230 | 0.15058416 | 0.14698492 | 0.16853933 | 0.15897017 | 0.16500000 | 0.14347079 | 0.15428806 | 0.13756836 | 0.16142910 | 0.01868724
Load 121 | 0.16292602 | 0.18541409 | 0.16418545 | 0.16072943 | 0.18104150 | 0.16472010 | 0.16596990 | 0.16461916 | 0.15170407 | 0.14432548 | 0.16555740 | 0.15789474 | 0.17883212 | 0.19326025 | 0.16307054 | 0.15046102 | 0.16825924 | 0.16306156 | 0.14237856 | 0.17297517 | 0.16506929 | 0.01254619
Load 122 | 0.19051447 | 0.16457286 | 0.17170445 | 0.17767107 | 0.19594320 | 0.17142857 | 0.15953150 | 0.17440913 | 0.16809816 | 0.18439425 | 0.19894007 | 0.17615512 | 0.17048770 | 0.16003185 | 0.19313131 | 0.18136439 | 0.17223868 | 0.17744543 | 0.12873370 | 0.17231638 | 0.17445562 | 0.01506299
Load 123 | 0.18432990 | 0.20583717 | 0.16639073 | 0.16328222 | 0.15358932 | 0.18488419 | 0.17242833 | 0.15406620 | 0.16830065 | 0.18729773 | 0.15810756 | 0.17438148 | 0.17529081 | 0.15810921 | 0.16219614 | 0.18272691 | 0.19944156 | 0.14740234 | 0.16376165 | 0.18315018 | 0.17224872 | 0.01523416
Load 124 | 0.16605765 | 0.17708333 | 0.21377389 | 0.18864971 | 0.16531932 | 0.19778918 | 0.18233618 | 0.18647459 | 0.21044241 | 0.17551020 | 0.18953991 | 0.16558966 | 0.15928854 | 0.19841897 | 0.19789638 | 0.16981908 | 0.19333069 | 0.16746032 | 0.19149781 | 0.15491803 | 0.18255979 | 0.01643270
Load 125 | 0.18913638 | 0.14029975 | 0.17661193 | 0.19755601 | 0.19675456 | 0.18460330 | 0.16591376 | 0.18433544 | 0.17356042 | 0.19105691 | 0.17354369 | 0.17566510 | 0.15406162 | 0.17848882 | 0.16584767 | 0.18819334 | 0.19796557 | 0.18424343 | 0.16721044 | 0.17309988 | 0.17790740 | 0.01436919
Load 126 | 0.20818575 | 0.17110854 | 0.18001555 | 0.21020900 | 0.19487179 | 0.20302548 | 0.18539326 | 0.19646969 | 0.20031299 | 0.16426625 | 0.18312102 | 0.17592593 | 0.19705198 | 0.23885848 | 0.21711315 | 0.19887731 | 0.19132550 | 0.16573482 | 0.18059406 | 0.19189511 | 0.19271778 | 0.01768031
Load 127 | 0.18222222 | 0.20473970 | 0.20693780 | 0.19853225 | 0.17909270 | 0.22640000 | 0.22102748 | 0.21870229 | 0.19253209 | 0.17439934 | 0.19601838 | 0.21671827 | 0.19003115 | 0.19377304 | 0.20398946 | 0.17289348 | 0.20309320 | 0.19959839 | 0.19062623 | 0.18601016 | 0.19786688 | 0.01485339
Load 128 | 0.19247877 | 0.19767005 | 0.20792849 | 0.18537152 | 0.19607057 | 0.21655551 | 0.18381180 | 0.18904526 | 0.18859470 | 0.20676253 | 0.18676586 | 0.18848369 | 0.20125539 | 0.20530303 | 0.19464627 | 0.18131652 | 0.16867939 | 0.17353407 | 0.19162141 | 0.17245557 | 0.19141752 | 0.01212146
Load 129 | 0.20116505 | 0.19529139 | 0.18290258 | 0.21181339 | 0.20409741 | 0.21939954 | 0.20401972 | 0.17892253 | 0.21674491 | 0.18364074 | 0.19119397 | 0.18271507 | 0.20107034 | 0.19146526 | 0.17107309 | 0.18350434 | 0.20280811 | 0.21176471 | 0.20627451 | 0.17603722 | 0.19579519 | 0.01382465
Load 130 | 0.21244310 | 0.21475221 | 0.20710737 | 0.20459952 | 0.22127817 | 0.17946708 | 0.20497630 | 0.20595145 | 0.21900038 | 0.20962199 | 0.21313321 | 0.20860053 | 0.22481808 | 0.22437358 | 0.19067635 | 0.18870843 | 0.22192817 | 0.22375794 | 0.21357742 | 0.20878694 | 0.20987791 | 0.01195520
Load 131 | 0.19674671 | 0.23205469 | 0.23409091 | 0.21689060 | 0.21328803 | 0.19315589 | 0.18627842 | 0.21644042 | 0.21977186 | 0.20513775 | 0.17286392 | 0.20859375 | 0.22645064 | 0.19492503 | 0.19946909 | 0.21404044 | 0.21537887 | 0.21483771 | 0.19931663 | 0.21019345 | 0.20849624 | 0.01489164
Load 132 | 0.23186772 | 0.22081313 | 0.21962617 | 0.19915741 | 0.19207317 | 0.20105224 | 0.19984627 | 0.21148036 | 0.20327103 | 0.19175972 | 0.18869427 | 0.20604183 | 0.21357742 | 0.23929099 | 0.24131693 | 0.21646796 | 0.21504157 | 0.23115385 | 0.21314590 | 0.22860447 | 0.21321412 | 0.01528940
Load 133 | 0.21730915 | 0.19374523 | 0.22610294 | 0.20797931 | 0.21352177 | 0.22993098 | 0.21704545 | 0.20560748 | 0.21847451 | 0.20221811 | 0.21119880 | 0.21246674 | 0.20734507 | 0.19515057 | 0.22929217 | 0.22148148 | 0.22044960 | 0.19493477 | 0.21955720 | 0.21641791 | 0.21301146 | 0.01053181
Load 134 | 0.20326409 | 0.21433878 | 0.19726027 | 0.20628978 | 0.21635884 | 0.23813141 | 0.22139117 | 0.21609195 | 0.22670690 | 0.20761246 | 0.20734908 | 0.23724490 | 0.21307692 | 0.22476708 | 0.21957574 | 0.25128018 | 0.22633745 | 0.23178558 | 0.19961686 | 0.20296465 | 0.21807220 | 0.01394987
Load 135 | 0.24492017 | 0.24157095 | 0.20616204 | 0.22218073 | 0.24724872 | 0.21471247 | 0.21118012 | 0.21103026 | 0.22040073 | 0.23722628 | 0.22386406 | 0.21475221 | 0.24135420 | 0.22820801 | 0.22615101 | 0.20247006 | 0.24451754 | 0.23349318 | 0.25165563 | 0.23301680 | 0.22780576 | 0.01441395
Load 136 | 0.19963168 | 0.24364723 | 0.23451486 | 0.21748963 | 0.20158252 | 0.22896854 | 0.23394161 | 0.24150530 | 0.24417758 | 0.22494670 | 0.21329942 | 0.24522866 | 0.22789493 | 0.23611622 | 0.23655093 | 0.22528482 | 0.24789146 | 0.22267206 | 0.23903346 | 0.23606083 | 0.23002192 | 0.01337606
Load 137 | 0.25307951 | 0.22954461 | 0.21645338 | 0.26009815 | 0.24288355 | 0.20989451 | 0.23830094 | 0.24007286 | 0.23284672 | 0.23923272 | 0.21184259 | 0.22451233 | 0.22623302 | 0.24352898 | 0.22150072 | 0.23642173 | 0.24814540 | 0.21357433 | 0.23659074 | 0.21410114 | 0.23194290 | 0.01404723
Load 138 | 0.24519405 | 0.22916667 | 0.23150183 | 0.24868097 | 0.25606172 | 0.25695461 | 0.25248436 | 0.22000725 | 0.23105360 | 0.20452885 | 0.21981200 | 0.24668815 | 0.23261834 | 0.20293675 | 0.27200290 | 0.23831776 | 0.26192171 | 0.22580645 | 0.23401910 | 0.25228070 | 0.23810189 | 0.01793765
Load 139 | 0.23696682 | 0.23958717 | 0.26214970 | 0.25495050 | 0.25941570 | 0.24746592 | 0.25977257 | 0.24617029 | 0.23838241 | 0.26096412 | 0.23940150 | 0.25415341 | 0.22691198 | 0.23275544 | 0.24352898 | 0.24078803 | 0.24558876 | 0.26871609 | 0.24475777 | 0.23577818 | 0.24691027 | 0.01096847
Load 140 | 0.23737728 | 0.24313725 | 0.23238434 | 0.26210411 | 0.24437999 | 0.23335772 | 0.26458333 | 0.23916935 | 0.25753899 | 0.24591909 | 0.23753977 | 0.23916811 | 0.24855491 | 0.27134254 | 0.25975869 | 0.26396115 | 0.25959125 | 0.24563902 | 0.24317529 | 0.25911504 | 0.24938986 | 0.01146477
Load 141 | 0.25950054 | 0.25510204 | 0.27143870 | 0.23906911 | 0.22919605 | 0.26052819 | 0.25950471 | 0.26678571 | 0.26188811 | 0.24355195 | 0.22814654 | 0.26047800 | 0.25521386 | 0.26797829 | 0.25331370 | 0.24856528 | 0.26213592 | 0.26937002 | 0.26616915 | 0.21819449 | 0.25380652 | 0.01457835
Load 142 | 0.25617821 | 0.24902586 | 0.26325026 | 0.23435843 | 0.26407080 | 0.24815466 | 0.26060820 | 0.24543890 | 0.24329096 | 0.25181951 | 0.26496599 | 0.26666667 | 0.26650106 | 0.27450980 | 0.27446954 | 0.24610482 | 0.27457744 | 0.25293711 | 0.23497854 | 0.24463668 | 0.25582717 | 0.01228632
Load 143 | 0.26467559 | 0.23750000 | 0.25833626 | 0.23843165 | 0.28292510 | 0.24874010 | 0.26480959 | 0.25949147 | 0.25801802 | 0.23455460 | 0.25784349 | 0.27051984 | 0.26148410 | 0.25959525 | 0.24858757 | 0.24887660 | 0.23245150 | 0.24044865 | 0.26848652 | 0.25265769 | 0.25442168 | 0.01292210
Load 144 | 0.26233495 | 0.26153300 | 0.28280773 | 0.26724138 | 0.25884413 | 0.22954866 | 0.25008906 | 0.26958923 | 0.25238745 | 0.24855908 | 0.28019663 | 0.26983027 | 0.25198208 | 0.26120448 | 0.25350667 | 0.26453185 | 0.26223776 | 0.29303279 | 0.28031604 | 0.26500682 | 0.26323900 | 0.01386581
Load 145 | 0.25375171 | 0.26491228 | 0.26728907 | 0.27067408 | 0.28179044 | 0.24501032 | 0.26579220 | 0.26165716 | 0.28094435 | 0.25737817 | 0.24442872 | 0.28856749 | 0.25613174 | 0.26796050 | 0.27216066 | 0.26101695 | 0.28312413 | 0.24701754 | 0.29332456 | 0.27459159 | 0.26687618 | 0.01374495
Load 146 | 0.27457744 | 0.26413223 | 0.26977547 | 0.27564979 | 0.25043000 | 0.28967851 | 0.26544067 | 0.25893173 | 0.27292035 | 0.30020284 | 0.28720809 | 0.25443989 | 0.24534271 | 0.28873720 | 0.26135182 | 0.26662212 | 0.28537170 | 0.26547455 | 0.29359673 | 0.27931624 | 0.27246000 | 0.01463635
Load 147 | 0.27762526 | 0.26460712 | 0.28448572 | 0.26336146 | 0.27458319 | 0.26073514 | 0.25873886 | 0.28712871 | 0.28481894 | 0.25911223 | 0.25535714 | 0.28740844 | 0.28037074 | 0.29140181 | 0.25894378 | 0.28662420 | 0.26955075 | 0.26247437 | 0.28944724 | 0.28296247 | 0.27398688 | 0.01219250
Load 148 | 0.26835017 | 0.29307516 | 0.26676027 | 0.30577428 | 0.27467665 | 0.29297262 | 0.26187999 | 0.27976800 | 0.28816987 | 0.26669060 | 0.30133856 | 0.29319546 | 0.27762803 | 0.27842867 | 0.29788662 | 0.26863621 | 0.28956117 | 0.30114787 | 0.28210181 | 0.27826087 | 0.28331514 | 0.01289978
Load 149 | 0.28009259 | 0.26395589 | 0.30246305 | 0.28202514 | 0.26224383 | 0.31022992 | 0.28882295 | 0.26830892 | 0.26757216 | 0.27364524 | 0.29538666 | 0.27923784 | 0.27024358 | 0.28412912 | 0.27736736 | 0.29022801 | 0.29382797 | 0.27681895 | 0.30655252 | 0.28431373 | 0.28287327 | 0.01346398
Load 150 | 0.28446537 | 0.28474806 | 0.27536727 | 0.28514720 | 0.27726496 | 0.27168022 | 0.28089129 | 0.28033058 | 0.28627196 | 0.30615586 | 0.30227346 | 0.29690103 | 0.28319468 | 0.28937849 | 0.28227495 | 0.30076949 | 0.27532291 | 0.28203390 | 0.29770230 | 0.29502799 | 0.28686010 | 0.00957072
Load 151 | 0.26028299 | 0.28121895 | 0.29359606 | 0.26266482 | 0.27287854 | 0.30695995 | 0.28635924 | 0.27781524 | 0.31117628 | 0.28992549 | 0.28497743 | 0.29464883 | 0.28477905 | 0.28988915 | 0.29927488 | 0.27703399 | 0.29807367 | 0.32209981 | 0.28633333 | 0.28509066 | 0.28825392 | 0.01468281
Load 152 | 0.29539295 | 0.31973899 | 0.30188679 | 0.28082656 | 0.32752957 | 0.29325805 | 0.28401765 | 0.27541410 | 0.28822954 | 0.28800000 | 0.28627838 | 0.28445350 | 0.31601169 | 0.28743719 | 0.29096229 | 0.30223518 | 0.29566360 | 0.31809339 | 0.29476492 | 0.29037629 | 0.29602853 | 0.01380110
Load 153 | 0.30530401 | 0.28923388 | 0.29415563 | 0.28904429 | 0.29472999 | 0.29371540 | 0.28904199 | 0.28925890 | 0.30404105 | 0.30181219 | 0.29806747 | 0.28083554 | 0.30336352 | 0.29413639 | 0.30245320 | 0.28800262 | 0.30219600 | 0.30198503 | 0.29597891 | 0.29118521 | 0.29542706 | 0.00660158
Load 154 | 0.32110969 | 0.28131347 | 0.32011605 | 0.32039433 | 0.31715107 | 0.30203046 | 0.31240089 | 0.28524590 | 0.29646159 | 0.32023011 | 0.27837749 | 0.30323006 | 0.30756997 | 0.31976744 | 0.32030998 | 0.29040823 | 0.31621975 | 0.27766990 | 0.29211645 | 0.29234263 | 0.30372327 | 0.01539915
Load 155 | 0.29457364 | 0.29713181 | 0.31160830 | 0.31705729 | 0.31160365 | 0.30868878 | 0.31696727 | 0.29934211 | 0.28513302 | 0.28968381 | 0.29365340 | 0.29065970 | 0.30496915 | 0.30444811 | 0.31412104 | 0.29398804 | 0.32454165 | 0.31538462 | 0.28566838 | 0.30850722 | 0.30338655 | 0.01136707
Load 156 | 0.30022720 | 0.31301483 | 0.29110685 | 0.29942048 | 0.30752488 | 0.27749030 | 0.28761349 | 0.31760495 | 0.31796038 | 0.30031646 | 0.28992944 | 0.32608696 | 0.31650794 | 0.32432432 | 0.30280791 | 0.32059854 | 0.30198337 | 0.30727156 | 0.31425862 | 0.30988655 | 0.30629675 | 0.01273067
Load 157 | 0.31334189 | 0.33546735 | 0.30745438 | 0.31725008 | 0.32646692 | 0.30610329 | 0.28994845 | 0.30488599 | 0.29973650 | 0.30840524 | 0.30559085 | 0.27353690 | 0.30998081 | 0.29970808 | 0.34646402 | 0.31324172 | 0.31649937 | 0.31878558 | 0.30964467 | 0.29672822 | 0.30996201 | 0.01521835
Load 158 | 0.31101858 | 0.31445124 | 0.28608247 | 0.31577287 | 0.31853950 | 0.28063241 | 0.30594460 | 0.30087069 | 0.32799758 | 0.32650488 | 0.30701180 | 0.31228070 | 0.32006221 | 0.32098765 | 0.31497585 | 0.31492777 | 0.31547431 | 0.32068654 | 0.28496561 | 0.33238186 | 0.31157846 | 0.01372020
Load 159 | 0.33853354 | 0.32038533 | 0.30346362 | 0.32125000 | 0.30847772 | 0.33831004 | 0.32898089 | 0.28784925 | 0.33102580 | 0.32626326 | 0.31575682 | 0.31748564 | 0.31582200 | 0.32311097 | 0.32380952 | 0.32822823 | 0.32107451 | 0.33030113 | 0.29406279 | 0.31780206 | 0.31959966 | 0.01280060
Load 160 | 0.32675787 | 0.30626003 | 0.31193235 | 0.34063260 | 0.32510159 | 0.32136165 | 0.33512829 | 0.33270736 | 0.31460674 | 0.32046092 | 0.31914232 | 0.31830898 | 0.32699620 | 0.35007657 | 0.33017677 | 0.31065548 | 0.33037131 | 0.32017682 | 0.30663616 | 0.32236025 | 0.32349251 | 0.01088256
Load 161 | 0.32151819 | 0.31331674 | 0.33912504 | 0.33199133 | 0.32751760 | 0.32995567 | 0.34840923 | 0.33322765 | 0.33006018 | 0.31854590 | 0.31185162 | 0.34626955 | 0.33261605 | 0.33768251 | 0.33845681 | 0.34368209 | 0.34473024 | 0.31279923 | 0.33630495 | 0.31588844 | 0.33069745 | 0.01136846
Load 162 | 0.31914232 | 0.33100304 | 0.31895174 | 0.31610090 | 0.31826742 | 0.33178726 | 0.33218427 | 0.33509645 | 0.32836285 | 0.32073133 | 0.32781355 | 0.33788292 | 0.31860902 | 0.33668026 | 0.33115672 | 0.32165207 | 0.33363336 | 0.32802938 | 0.30188679 | 0.34004336 | 0.32645075 | 0.00911870
Load 163 | 0.31651799 | 0.32247360 | 0.34993812 | 0.31570858 | 0.31234793 | 0.31800061 | 0.34903047 | 0.31876528 | 0.33003096 | 0.31000614 | 0.32030534 | 0.33343511 | 0.32749453 | 0.32846715 | 0.35382353 | 0.33895796 | 0.30478274 | 0.32909823 | 0.33090246 | 0.33272227 | 0.32714045 | 0.01309108
Load 164 | 0.33150685 | 0.34849864 | 0.32833918 | 0.35009428 | 0.32914178 | 0.32056075 | 0.35265554 | 0.33181956 | 0.32539683 | 0.32602655 | 0.36067551 | 0.33021351 | 0.34843938 | 0.34708738 | 0.34500299 | 0.30559045 | 0.31775417 | 0.36212625 | 0.35229693 | 0.33840536 | 0.33758159 | 0.01481316
Load 165 | 0.34127942 | 0.34283116 | 0.32862722 | 0.34179510 | 0.33683263 | 0.32045040 | 0.34410533 | 0.35107692 | 0.34802432 | 0.34067592 | 0.35246394 | 0.33117882 | 0.35649735 | 0.34330180 | 0.35554885 | 0.32396541 | 0.35140018 | 0.35349941 | 0.33800716 | 0.32677761 | 0.34141695 | 0.01049948
Load 166 | 0.35134337 | 0.35850773 | 0.33995784 | 0.35674568 | 0.33938294 | 0.34330108 | 0.34431582 | 0.36336604 | 0.32492212 | 0.34325153 | 0.33392964 | 0.35620915 | 0.36402180 | 0.35362496 | 0.33495293 | 0.34627047 | 0.36009515 | 0.33131802 | 0.34629187 | 0.33831605 | 0.34650621 | 0.01087999
Load 167 | 0.33761194 | 0.36615651 | 0.33544113 | 0.32357380 | 0.33179865 | 0.35496957 | 0.34476367 | 0.33505625 | 0.36544161 | 0.35954382 | 0.37031616 | 0.34216796 | 0.35668040 | 0.32426650 | 0.33652362 | 0.34086119 | 0.33822209 | 0.35166468 | 0.36289619 | 0.34237492 | 0.34601653 | 0.01370345
Load 168 | 0.36283446 | 0.35679120 | 0.35487696 | 0.36109441 | 0.31721068 | 0.36096414 | 0.34690158 | 0.34945255 | 0.34204057 | 0.33457249 | 0.33036509 | 0.34920166 | 0.36896654 | 0.34707602 | 0.34740827 | 0.36531585 | 0.31124007 | 0.35978836 | 0.35182999 | 0.33193529 | 0.34749331 | 0.01526798
Load 169 | 0.37361677 | 0.34901278 | 0.35152395 | 0.34699941 | 0.34971531 | 0.35597826 | 0.37518685 | 0.35854503 | 0.33843844 | 0.37009732 | 0.37539523 | 0.35984510 | 0.36332180 | 0.33611751 | 0.34318114 | 0.38617647 | 0.35811209 | 0.35368359 | 0.34480658 | 0.36023055 | 0.35749921 | 0.01304676
Load 170 | 0.35052755 | 0.36492343 | 0.33746598 | 0.35282141 | 0.35221603 | 0.35873016 | 0.36773039 | 0.34568270 | 0.35230999 | 0.34811789 | 0.33864183 | 0.37518206 | 0.34584922 | 0.34871180 | 0.35502959 | 0.36722488 | 0.35594714 | 0.34597015 | 0.36501211 | 0.35823921 | 0.35431668 | 0.00971408
Load 171 | 0.35575529 | 0.36319124 | 0.36506575 | 0.34233165 | 0.35001481 | 0.35574063 | 0.37146125 | 0.37144499 | 0.35445255 | 0.36540108 | 0.34977444 | 0.35058175 | 0.34463443 | 0.36673405 | 0.35726594 | 0.34275618 | 0.36441648 | 0.35574645 | 0.34984894 | 0.36618894 | 0.35714034 | 0.00894736
Load 172 | 0.38564761 | 0.37010777 | 0.36916168 | 0.38770950 | 0.37129710 | 0.37598598 | 0.35477178 | 0.35226604 | 0.36131934 | 0.34226988 | 0.33641886 | 0.34969854 | 0.38132956 | 0.37639966 | 0.36618497 | 0.35630204 | 0.34974388 | 0.35574393 | 0.35514019 | 0.35568685 | 0.36265926 | 0.01389289
Load 173 | 0.34863451 | 0.35512932 | 0.36590376 | 0.35064177 | 0.38139404 | 0.35053639 | 0.34413536 | 0.36910846 | 0.38017493 | 0.38647343 | 0.37277427 | 0.35899654 | 0.37782167 | 0.33927032 | 0.37292501 | 0.35868600 | 0.38266628 | 0.39287799 | 0.35631852 | 0.34888438 | 0.36466765 | 0.01523403
Load 174 | 0.35847970 | 0.35385950 | 0.37467994 | 0.37341236 | 0.35152057 | 0.39210234 | 0.37433004 | 0.36792453 | 0.36913723 | 0.38161245 | 0.37099542 | 0.36846640 | 0.36171429 | 0.33623798 | 0.37375804 | 0.37946812 | 0.36097852 | 0.37806920 | 0.35676932 | 0.37309214 | 0.36783040 | 0.01218203
Load 175 | 0.37567185 | 0.36609974 | 0.36961516 | 0.38961407 | 0.38947368 | 0.38534411 | 0.37826453 | 0.36799098 | 0.36224948 | 0.38187976 | 0.36610460 | 0.35833814 | 0.37395659 | 0.37896494 | 0.36637427 | 0.37539705 | 0.37886964 | 0.35123239 | 0.37308249 | 0.34750567 | 0.37180146 | 0.01116110
Load 176 | 0.36783836 | 0.39276559 | 0.37216917 | 0.36025894 | 0.34796328 | 0.39746835 | 0.39001951 | 0.36335920 | 0.37184933 | 0.36099826 | 0.36330634 | 0.39088398 | 0.38719772 | 0.36403002 | 0.37617287 | 0.36271757 | 0.38431151 | 0.36772714 | 0.36943963 | 0.35064562 | 0.37205612 | 0.01377647
Load 177 | 0.38935108 | 0.36946225 | 0.38401991 | 0.36066514 | 0.38260628 | 0.38478873 | 0.36018151 | 0.37440626 | 0.38240368 | 0.35515594 | 0.36389201 | 0.40028249 | 0.35036496 | 0.37115439 | 0.36995331 | 0.36603557 | 0.34485714 | 0.38541084 | 0.39709983 | 0.37944664 | 0.37357690 | 0.01469766
Load 178 | 0.39161438 | 0.38940810 | 0.39339596 | 0.38806802 | 0.37178375 | 0.37868670 | 0.38586031 | 0.34730034 | 0.37977910 | 0.38303269 | 0.40984952 | 0.36716078 | 0.41049986 | 0.39068711 | 0.37808989 | 0.39767574 | 0.37139595 | 0.36314594 | 0.37978604 | 0.38172646 | 0.38294733 | 0.01458389
Load 179 | 0.37355052 | 0.38733600 | 0.37132456 | 0.40253521 | 0.37973594 | 0.37305556 | 0.37213303 | 0.37780269 | 0.39764442 | 0.38300875 | 0.36342792 | 0.38687191 | 0.37128146 | 0.37812764 | 0.36787709 | 0.40045313 | 0.39639390 | 0.38981204 | 0.38551207 | 0.36210290 | 0.38099934 | 0.01178203
Load 180 | 0.37797702 | 0.40573319 | 0.35480289 | 0.38252267 | 0.37840846 | 0.39155953 | 0.37367994 | 0.38332844 | 0.39201304 | 0.39852901 | 0.38136062 | 0.36800469 | 0.40171888 | 0.38553547 | 0.36114286 | 0.38699690 | 0.39874680 | 0.38999161 | 0.38856346 | 0.38335607 | 0.38419858 | 0.01268525
Load 181 | 0.41152707 | 0.37916781 | 0.39967681 | 0.37661638 | 0.36258790 | 0.41477587 | 0.37259887 | 0.39822764 | 0.39499305 | 0.37632864 | 0.39767055 | 0.40346133 | 0.37998907 | 0.39388889 | 0.38814691 | 0.38465784 | 0.39025740 | 0.39478114 | 0.38541374 | 0.40205613 | 0.39034115 | 0.01299125
Load 182 | 0.39458414 | 0.39482201 | 0.41101928 | 0.39532325 | 0.41215107 | 0.37562465 | 0.39096107 | 0.39685170 | 0.37617990 | 0.38833883 | 0.39891599 | 0.39630447 | 0.40925267 | 0.39154463 | 0.40291529 | 0.40427280 | 0.40245902 | 0.37652948 | 0.38592633 | 0.39826233 | 0.39511194 | 0.01052395
Load 183 | 0.40070157 | 0.37036019 | 0.40595364 | 0.39390642 | 0.39929425 | 0.41016676 | 0.38554548 | 0.37842324 | 0.41832884 | 0.39699167 | 0.39418636 | 0.39539401 | 0.39323060 | 0.38575419 | 0.38982590 | 0.40711354 | 0.41478663 | 0.39458573 | 0.38448471 | 0.41229020 | 0.39656620 | 0.01211764
Load 184 | 0.40930233 | 0.39236111 | 0.40321241 | 0.40994446 | 0.40086791 | 0.40577717 | 0.40211784 | 0.39716714 | 0.39181916 | 0.41633199 | 0.38011535 | 0.37921504 | 0.37432139 | 0.39348639 | 0.35767022 | 0.41981783 | 0.41728723 | 0.40855615 | 0.39843116 | 0.39529154 | 0.39765469 | 0.01522311
Load 185 | 0.36982571 | 0.41005291 | 0.40419733 | 0.42706688 | 0.39989308 | 0.41226895 | 0.38418708 | 0.38978421 | 0.38275673 | 0.40856844 | 0.40228323 | 0.43021662 | 0.41256322 | 0.38771071 | 0.39372919 | 0.40459034 | 0.36748014 | 0.40712743 | 0.40159151 | 0.42539267 | 0.40106432 | 0.01681963
Load 186 | 0.38490364 | 0.40513942 | 0.40997599 | 0.37208039 | 0.40659341 | 0.41165612 | 0.40939779 | 0.39994570 | 0.38790233 | 0.39195710 | 0.39338137 | 0.38587571 | 0.40737771 | 0.39358064 | 0.40359828 | 0.40794521 | 0.40394877 | 0.41808650 | 0.42581164 | 0.39100161 | 0.40050797 | 0.01247361
Load 187 | 0.41823406 | 0.39499192 | 0.40043764 | 0.39655636 | 0.42002670 | 0.40335017 | 0.38839779 | 0.41266896 | 0.41013333 | 0.40646030 | 0.40450644 | 0.40737749 | 0.39154854 | 0.41168831 | 0.41109038 | 0.41896506 | 0.41184424 | 0.41883822 | 0.38726287 | 0.39590628 | 0.40551425 | 0.01013140
Load 188 | 0.40683899 | 0.39604504 | 0.39884089 | 0.40086909 | 0.40677966 | 0.40235602 | 0.41401972 | 0.40251741 | 0.42363878 | 0.40936596 | 0.39962018 | 0.41922078 | 0.41138387 | 0.43898574 | 0.40410229 | 0.40548379 | 0.43397204 | 0.40229571 | 0.43063584 | 0.41258367 | 0.41097777 | 0.01199466
Load 189 | 0.40341371 | 0.39951443 | 0.41810919 | 0.42513863 | 0.40798519 | 0.41878106 | 0.41255962 | 0.40696438 | 0.41689080 | 0.40300913 | 0.40813613 | 0.40372168 | 0.40706071 | 0.42622108 | 0.40709642 | 0.41152050 | 0.42166755 | 0.40387638 | 0.41227608 | 0.40466720 | 0.41093049 | 0.00760553
Load 190 | 0.43381389 | 0.41961290 | 0.41113776 | 0.39968446 | 0.42883117 | 0.41592443 | 0.41785252 | 0.42496782 | 0.43429319 | 0.42758437 | 0.43401217 | 0.43416645 | 0.39356040 | 0.40913893 | 0.41765021 | 0.40843594 | 0.41407923 | 0.41953415 | 0.40401669 | 0.41266491 | 0.41804808 | 0.01159650
Load 191 | 0.42979275 | 0.42808577 | 0.43016168 | 0.41311732 | 0.42181340 | 0.42568277 | 0.41322957 | 0.40187166 | 0.43531828 | 0.40724479 | 0.42270968 | 0.41002099 | 0.42463992 | 0.43720930 | 0.40742678 | 0.44264013 | 0.43251694 | 0.41106406 | 0.40274117 | 0.42426625 | 0.42107766 | 0.01171313
Load 192 | 0.42444911 | 0.42116237 | 0.42143225 | 0.44727458 | 0.43058041 | 0.42969364 | 0.42751907 | 0.40889343 | 0.40459410 | 0.44063808 | 0.42550406 | 0.44284982 | 0.41951604 | 0.40353189 | 0.42721681 | 0.43020833 | 0.40456376 | 0.40957447 | 0.43001555 | 0.41841764 | 0.42338177 | 0.01228285
Load 193 | 0.42831356 | 0.39258679 | 0.41718913 | 0.42281705 | 0.41183879 | 0.41040000 | 0.44053208 | 0.42350795 | 0.42684495 | 0.42688988 | 0.42228961 | 0.41390205 | 0.45003814 | 0.42000524 | 0.42263648 | 0.40057940 | 0.40962254 | 0.42645144 | 0.42053153 | 0.43654691 | 0.42117618 | 0.01274353
Load 194 | 0.41339492 | 0.41579931 | 0.41433022 | 0.44969199 | 0.43126753 | 0.42018538 | 0.42234404 | 0.42386306 | 0.40768632 | 0.42720455 | 0.43248836 | 0.42631443 | 0.42254260 | 0.41601664 | 0.42595931 | 0.42559753 | 0.40613625 | 0.41513882 | 0.42628039 | 0.43217347 | 0.42272075 | 0.00966024
Load 195 | 0.43952344 | 0.43144330 | 0.43008582 | 0.44265698 | 0.41918933 | 0.43556570 | 0.43620557 | 0.42610711 | 0.40165417 | 0.43201868 | 0.41491296 | 0.42481203 | 0.41717628 | 0.43382164 | 0.43423138 | 0.41194805 | 0.42055112 | 0.43732520 | 0.43406179 | 0.42177229 | 0.42725314 | 0.01028506
Load 196 | 0.43339440 | 0.42813456 | 0.41237901 | 0.43339299 | 0.42604141 | 0.42573754 | 0.42972905 | 0.41346646 | 0.42438154 | 0.42124166 | 0.42347848 | 0.43909276 | 0.40000000 | 0.41696024 | 0.44177310 | 0.42784810 | 0.42201598 | 0.45513622 | 0.42051018 | 0.41781170 | 0.42562627 | 0.01149486
Load 197 | 0.42732633 | 0.42136270 | 0.43620990 | 0.43098663 | 0.43794507 | 0.43330802 | 0.42238083 | 0.44523327 | 0.43600204 | 0.43201421 | 0.43201809 | 0.42973940 | 0.42604298 | 0.41565350 | 0.43152785 | 0.42999502 | 0.42428941 | 0.44346512 | 0.45858933 | 0.44929006 | 0.43316899 | 0.00988945
Load 198 | 0.45311721 | 0.44286065 | 0.43412863 | 0.43206951 | 0.43990930 | 0.42201148 | 0.43277524 | 0.45139412 | 0.43031968 | 0.43338323 | 0.43896834 | 0.42547145 | 0.42759146 | 0.44148292 | 0.42945258 | 0.42486786 | 0.44144372 | 0.42028615 | 0.45195730 | 0.42642643 | 0.43499586 | 0.00960826
Load 199 | 0.44055229 | 0.44399392 | 0.44494159 | 0.42319588 | 0.44684594 | 0.43550000 | 0.46336584 | 0.44890958 | 0.43735763 | 0.42114695 | 0.45071818 | 0.43751553 | 0.42921914 | 0.43952008 | 0.42157868 | 0.43871297 | 0.46801181 | 0.43054509 | 0.46390474 | 0.44370205 | 0.44146189 | 0.01298634
Load 200 | 0.43767525 | 0.43446904 | 0.43952126 | 0.45812437 | 0.45695034 | 0.45627376 | 0.44925335 | 0.45384806 | 0.44820766 | 0.43101343 | 0.43416730 | 0.44585987 | 0.43146957 | 0.44184309 | 0.44485566 | 0.45154239 | 0.43374403 | 0.43911066 | 0.43714497 | 0.44813594 | 0.44366050 | 0.00863134
