# TODAS AS PROBABILIDADES (20 SIMULAÇÕES)
# Requisição 5: [2,6]
# Modo: CONJUNTO
# Data: 2026-02-12 20:27:47
# ================================================================================
# Formato: Load | Sim1 | Sim2 | ... | Sim20 | Média | DesvioPadrão
# ================================================================================

Load   1 | 0.00000000 | 0.00000000 | 0.00000000 | 0.00000000 | 0.00000000 | 0.00000000 | 0.00000000 | 0.00000000 | 0.00000000 | 0.00000000 | 0.00000000 | 0.00000000 | 0.00000000 | 0.00000000 | 0.00000000 | 0.00000000 | 0.00000000 | 0.00000000 | 0.00000000 | 0.00000000 | 0.00000000 | 0.00000000
Load   2 | 0.00000000 | 0.00000000 | 0.00000000 | 0.00000000 | 0.00000000 | 0.00000000 | 0.00000000 | 0.00000000 | 0.00000000 | 0.00000000 | 0.00000000 | 0.00000000 | 0.00000000 | 0.00000000 | 0.00000000 | 0.00000000 | 0.00000000 | 0.00000000 | 0.00000000 | 0.00000000 | 0.00000000 | 0.00000000
Load   3 | 0.00000000 | 0.00000000 | 0.00000000 | 0.00000000 | 0.00000000 | 0.00000000 | 0.00000000 | 0.00000000 | 0.00000000 | 0.00000000 | 0.00000000 | 0.00000000 | 0.00000000 | 0.00000000 | 0.00000000 | 0.00000000 | 0.00000000 | 0.00000000 | 0.00000000 | 0.00000000 | 0.00000000 | 0.00000000
Load   4 | 0.00000000 | 0.00000000 | 0.00000000 | 0.00000000 | 0.00000000 | 0.00000000 | 0.00000000 | 0.00000000 | 0.00000000 | 0.00000000 | 0.00000000 | 0.00000000 | 0.00000000 | 0.00000000 | 0.00000000 | 0.00000000 | 0.00000000 | 0.00000000 | 0.00000000 | 0.00000000 | 0.00000000 | 0.00000000
Load   5 | 0.00000000 | 0.00000000 | 0.00000000 | 0.00000000 | 0.00000000 | 0.00000000 | 0.00000000 | 0.00000000 | 0.00000000 | 0.00000000 | 0.00000000 | 0.00000000 | 0.00000000 | 0.00000000 | 0.00000000 | 0.00000000 | 0.00000000 | 0.00000000 | 0.00000000 | 0.00000000 | 0.00000000 | 0.00000000
Load   6 | 0.00000000 | 0.00000000 | 0.00000000 | 0.00000000 | 0.00000000 | 0.00000000 | 0.00000000 | 0.00000000 | 0.00000000 | 0.00000000 | 0.00000000 | 0.00000000 | 0.00000000 | 0.00000000 | 0.00000000 | 0.00000000 | 0.00000000 | 0.00000000 | 0.00000000 | 0.00000000 | 0.00000000 | 0.00000000
Load   7 | 0.00000000 | 0.00000000 | 0.00000000 | 0.00000000 | 0.00000000 | 0.00000000 | 0.00000000 | 0.00000000 | 0.00000000 | 0.00000000 | 0.00000000 | 0.00000000 | 0.00000000 | 0.00000000 | 0.00000000 | 0.00000000 | 0.00000000 | 0.00000000 | 0.00000000 | 0.00000000 | 0.00000000 | 0.00000000
Load   8 | 0.00000000 | 0.00000000 | 0.00000000 | 0.00000000 | 0.00000000 | 0.00000000 | 0.00000000 | 0.00000000 | 0.00000000 | 0.00000000 | 0.00000000 | 0.00000000 | 0.00000000 | 0.00000000 | 0.00000000 | 0.00000000 | 0.00000000 | 0.00000000 | 0.00000000 | 0.00000000 | 0.00000000 | 0.00000000
Load   9 | 0.00000000 | 0.00000000 | 0.00000000 | 0.00000000 | 0.00000000 | 0.00000000 | 0.00000000 | 0.00000000 | 0.00000000 | 0.00000000 | 0.00000000 | 0.00000000 | 0.00000000 | 0.00000000 | 0.00000000 | 0.00000000 | 0.00000000 | 0.00000000 | 0.00000000 | 0.00000000 | 0.00000000 | 0.00000000
Load  10 | 0.00000000 | 0.00000000 | 0.00000000 | 0.00000000 | 0.00000000 | 0.00000000 | 0.00000000 | 0.00000000 | 0.00000000 | 0.00000000 | 0.00000000 | 0.00000000 | 0.00000000 | 0.00000000 | 0.00000000 | 0.00000000 | 0.00000000 | 0.00000000 | 0.00000000 | 0.00000000 | 0.00000000 | 0.00000000
Load  11 | 0.00000000 | 0.00000000 | 0.00000000 | 0.00000000 | 0.00000000 | 0.00000000 | 0.00000000 | 0.00000000 | 0.00000000 | 0.00000000 | 0.00000000 | 0.00000000 | 0.00000000 | 0.00000000 | 0.00000000 | 0.00000000 | 0.00000000 | 0.00000000 | 0.00000000 | 0.00000000 | 0.00000000 | 0.00000000
Load  12 | 0.00000000 | 0.00000000 | 0.00000000 | 0.00000000 | 0.00000000 | 0.00000000 | 0.00000000 | 0.00000000 | 0.00000000 | 0.00000000 | 0.00000000 | 0.00000000 | 0.00000000 | 0.00000000 | 0.00000000 | 0.00000000 | 0.00000000 | 0.00000000 | 0.00000000 | 0.00000000 | 0.00000000 | 0.00000000
Load  13 | 0.00000000 | 0.00000000 | 0.00000000 | 0.00000000 | 0.00000000 | 0.00000000 | 0.00000000 | 0.00000000 | 0.00000000 | 0.00000000 | 0.00000000 | 0.00000000 | 0.00000000 | 0.00000000 | 0.00000000 | 0.00000000 | 0.00000000 | 0.00000000 | 0.00000000 | 0.00000000 | 0.00000000 | 0.00000000
Load  14 | 0.00000000 | 0.00000000 | 0.00000000 | 0.00000000 | 0.00000000 | 0.00000000 | 0.00000000 | 0.00000000 | 0.00000000 | 0.00000000 | 0.00000000 | 0.00000000 | 0.00000000 | 0.00000000 | 0.00000000 | 0.00000000 | 0.00000000 | 0.00000000 | 0.00000000 | 0.00000000 | 0.00000000 | 0.00000000
Load  15 | 0.00000000 | 0.00000000 | 0.00000000 | 0.00000000 | 0.00000000 | 0.00000000 | 0.00000000 | 0.00000000 | 0.00000000 | 0.00000000 | 0.00000000 | 0.00000000 | 0.00000000 | 0.00000000 | 0.00000000 | 0.00000000 | 0.00000000 | 0.00000000 | 0.00000000 | 0.00000000 | 0.00000000 | 0.00000000
Load  16 | 0.00000000 | 0.00000000 | 0.00000000 | 0.00000000 | 0.00000000 | 0.00000000 | 0.00000000 | 0.00000000 | 0.00000000 | 0.00000000 | 0.00000000 | 0.00000000 | 0.00000000 | 0.00000000 | 0.00000000 | 0.00000000 | 0.00000000 | 0.00000000 | 0.00000000 | 0.00000000 | 0.00000000 | 0.00000000
Load  17 | 0.00000000 | 0.00000000 | 0.00000000 | 0.00000000 | 0.00000000 | 0.00000000 | 0.00000000 | 0.00000000 | 0.00000000 | 0.00000000 | 0.00000000 | 0.00000000 | 0.00000000 | 0.00000000 | 0.00000000 | 0.00000000 | 0.00000000 | 0.00000000 | 0.00000000 | 0.00000000 | 0.00000000 | 0.00000000
Load  18 | 0.00000000 | 0.00000000 | 0.00000000 | 0.00000000 | 0.00000000 | 0.00000000 | 0.00000000 | 0.00000000 | 0.00000000 | 0.00000000 | 0.00000000 | 0.00000000 | 0.00000000 | 0.00000000 | 0.00000000 | 0.00000000 | 0.00000000 | 0.00000000 | 0.00000000 | 0.00000000 | 0.00000000 | 0.00000000
Load  19 | 0.00000000 | 0.00000000 | 0.00000000 | 0.00000000 | 0.00000000 | 0.00000000 | 0.00000000 | 0.00000000 | 0.00000000 | 0.00000000 | 0.00000000 | 0.00000000 | 0.00000000 | 0.00000000 | 0.00000000 | 0.00000000 | 0.00000000 | 0.00000000 | 0.00000000 | 0.00000000 | 0.00000000 | 0.00000000
Load  20 | 0.00000000 | 0.00000000 | 0.00000000 | 0.00000000 | 0.00000000 | 0.00000000 | 0.00000000 | 0.00000000 | 0.00000000 | 0.00000000 | 0.00000000 | 0.00000000 | 0.00000000 | 0.00000000 | 0.00000000 | 0.00000000 | 0.00000000 | 0.00000000 | 0.00000000 | 0.00000000 | 0.00000000 | 0.00000000
Load  21 | 0.00000000 | 0.00000000 | 0.00000000 | 0.00000000 | 0.00000000 | 0.00000000 | 0.00000000 | 0.00000000 | 0.00000000 | 0.00000000 | 0.00000000 | 0.00000000 | 0.00000000 | 0.00000000 | 0.00000000 | 0.00000000 | 0.00000000 | 0.00000000 | 0.00000000 | 0.00000000 | 0.00000000 | 0.00000000
Load  22 | 0.00000000 | 0.00000000 | 0.00000000 | 0.00000000 | 0.00000000 | 0.00000000 | 0.00000000 | 0.00000000 | 0.00000000 | 0.00000000 | 0.00000000 | 0.00000000 | 0.00000000 | 0.00000000 | 0.00000000 | 0.00000000 | 0.00000000 | 0.00000000 | 0.00000000 | 0.00000000 | 0.00000000 | 0.00000000
Load  23 | 0.00000000 | 0.00000000 | 0.00000000 | 0.00000000 | 0.00000000 | 0.00000000 | 0.00000000 | 0.00000000 | 0.00000000 | 0.00000000 | 0.00000000 | 0.00000000 | 0.00000000 | 0.00000000 | 0.00000000 | 0.00000000 | 0.00000000 | 0.00000000 | 0.00000000 | 0.00000000 | 0.00000000 | 0.00000000
Load  24 | 0.00000000 | 0.00000000 | 0.00000000 | 0.00000000 | 0.00000000 | 0.00000000 | 0.00000000 | 0.00000000 | 0.00000000 | 0.00000000 | 0.00000000 | 0.00000000 | 0.00000000 | 0.00000000 | 0.00000000 | 0.00000000 | 0.00000000 | 0.00000000 | 0.00000000 | 0.00000000 | 0.00000000 | 0.00000000
Load  25 | 0.00000000 | 0.00000000 | 0.00000000 | 0.00000000 | 0.00000000 | 0.00000000 | 0.00000000 | 0.00000000 | 0.00000000 | 0.00000000 | 0.00000000 | 0.00000000 | 0.00000000 | 0.00000000 | 0.00000000 | 0.00000000 | 0.00000000 | 0.00000000 | 0.00000000 | 0.00000000 | 0.00000000 | 0.00000000
Load  26 | 0.00000000 | 0.00000000 | 0.00000000 | 0.00000000 | 0.00000000 | 0.00000000 | 0.00000000 | 0.00000000 | 0.00000000 | 0.00000000 | 0.00000000 | 0.00000000 | 0.00000000 | 0.00000000 | 0.00000000 | 0.00000000 | 0.00000000 | 0.00000000 | 0.00000000 | 0.00000000 | 0.00000000 | 0.00000000
Load  27 | 0.00000000 | 0.00000000 | 0.00000000 | 0.00000000 | 0.00000000 | 0.00000000 | 0.00000000 | 0.00000000 | 0.00000000 | 0.00000000 | 0.00000000 | 0.00000000 | 0.00000000 | 0.00000000 | 0.00000000 | 0.00000000 | 0.00000000 | 0.00000000 | 0.00000000 | 0.00000000 | 0.00000000 | 0.00000000
Load  28 | 0.00000000 | 0.00000000 | 0.00000000 | 0.00000000 | 0.00000000 | 0.00000000 | 0.00000000 | 0.00000000 | 0.00000000 | 0.00000000 | 0.00000000 | 0.00000000 | 0.00000000 | 0.00000000 | 0.00000000 | 0.00000000 | 0.00000000 | 0.00000000 | 0.00000000 | 0.00000000 | 0.00000000 | 0.00000000
Load  29 | 0.00000000 | 0.00000000 | 0.00000000 | 0.00000000 | 0.00000000 | 0.00000000 | 0.00000000 | 0.00000000 | 0.00000000 | 0.00000000 | 0.00000000 | 0.00000000 | 0.00000000 | 0.00000000 | 0.00000000 | 0.00000000 | 0.00000000 | 0.00000000 | 0.00000000 | 0.00000000 | 0.00000000 | 0.00000000
Load  30 | 0.00000000 | 0.00000000 | 0.00000000 | 0.00000000 | 0.00000000 | 0.00000000 | 0.00000000 | 0.00000000 | 0.00000000 | 0.00000000 | 0.00000000 | 0.00000000 | 0.00000000 | 0.00000000 | 0.00000000 | 0.00000000 | 0.00000000 | 0.00000000 | 0.00000000 | 0.00000000 | 0.00000000 | 0.00000000
Load  31 | 0.00000000 | 0.00000000 | 0.00000000 | 0.00000000 | 0.00000000 | 0.00000000 | 0.00000000 | 0.00000000 | 0.00000000 | 0.00000000 | 0.00000000 | 0.00000000 | 0.00000000 | 0.00000000 | 0.00000000 | 0.00000000 | 0.00000000 | 0.00000000 | 0.00000000 | 0.00000000 | 0.00000000 | 0.00000000
Load  32 | 0.00000000 | 0.00000000 | 0.00000000 | 0.00000000 | 0.00000000 | 0.00000000 | 0.00000000 | 0.00000000 | 0.00000000 | 0.00000000 | 0.00000000 | 0.00000000 | 0.00000000 | 0.00000000 | 0.00000000 | 0.00000000 | 0.00000000 | 0.00000000 | 0.00000000 | 0.00000000 | 0.00000000 | 0.00000000
Load  33 | 0.00000000 | 0.00000000 | 0.00000000 | 0.00000000 | 0.00000000 | 0.00000000 | 0.00000000 | 0.00000000 | 0.00000000 | 0.00000000 | 0.00000000 | 0.00000000 | 0.00000000 | 0.00000000 | 0.00000000 | 0.00000000 | 0.00000000 | 0.00000000 | 0.00000000 | 0.00000000 | 0.00000000 | 0.00000000
Load  34 | 0.00000000 | 0.00000000 | 0.00000000 | 0.00000000 | 0.00000000 | 0.00000000 | 0.00000000 | 0.00000000 | 0.00000000 | 0.00000000 | 0.00000000 | 0.00000000 | 0.00000000 | 0.00000000 | 0.00000000 | 0.00000000 | 0.00000000 | 0.00000000 | 0.00000000 | 0.00000000 | 0.00000000 | 0.00000000
Load  35 | 0.00000000 | 0.00000000 | 0.00000000 | 0.00000000 | 0.00000000 | 0.00000000 | 0.00000000 | 0.00000000 | 0.00000000 | 0.00000000 | 0.00000000 | 0.00000000 | 0.00000000 | 0.00000000 | 0.00000000 | 0.00000000 | 0.00000000 | 0.00000000 | 0.00000000 | 0.00000000 | 0.00000000 | 0.00000000
Load  36 | 0.00000000 | 0.00000000 | 0.00000000 | 0.00000000 | 0.00000000 | 0.00000000 | 0.00000000 | 0.00000000 | 0.00000000 | 0.00000000 | 0.00000000 | 0.00000000 | 0.00000000 | 0.00000000 | 0.00000000 | 0.00000000 | 0.00000000 | 0.00000000 | 0.00000000 | 0.00000000 | 0.00000000 | 0.00000000
Load  37 | 0.00000000 | 0.00000000 | 0.00000000 | 0.00000000 | 0.00000000 | 0.00000000 | 0.00000000 | 0.00000000 | 0.00126422 | 0.00135685 | 0.00000000 | 0.00000000 | 0.00000000 | 0.00000000 | 0.00000000 | 0.00000000 | 0.00000000 | 0.00000000 | 0.00000000 | 0.00135318 | 0.00019871 | 0.00047332
Load  38 | 0.00000000 | 0.00000000 | 0.00136240 | 0.00000000 | 0.00000000 | 0.00000000 | 0.00131062 | 0.00000000 | 0.00000000 | 0.00135135 | 0.00000000 | 0.00000000 | 0.00000000 | 0.00000000 | 0.00000000 | 0.00130890 | 0.00000000 | 0.00000000 | 0.00126743 | 0.00000000 | 0.00033003 | 0.00057189
Load  39 | 0.00000000 | 0.00000000 | 0.00129032 | 0.00492611 | 0.00000000 | 0.00000000 | 0.00000000 | 0.00000000 | 0.00000000 | 0.00000000 | 0.00000000 | 0.00000000 | 0.00000000 | 0.00000000 | 0.00119904 | 0.00000000 | 0.00126743 | 0.00000000 | 0.00000000 | 0.00000000 | 0.00043414 | 0.00112263
Load  40 | 0.00000000 | 0.00121803 | 0.00000000 | 0.00000000 | 0.00000000 | 0.00000000 | 0.00259067 | 0.00243902 | 0.00114548 | 0.00121951 | 0.00000000 | 0.00000000 | 0.00125628 | 0.00125313 | 0.00000000 | 0.00250627 | 0.00000000 | 0.00000000 | 0.00000000 | 0.00356295 | 0.00085957 | 0.00110206
Load  41 | 0.00000000 | 0.00000000 | 0.00000000 | 0.00471698 | 0.00000000 | 0.00117371 | 0.00000000 | 0.00351288 | 0.00000000 | 0.00128866 | 0.00125471 | 0.00250000 | 0.00000000 | 0.00922722 | 0.00618812 | 0.00129032 | 0.00125471 | 0.00237812 | 0.00000000 | 0.00700935 | 0.00208974 | 0.00264171
Load  42 | 0.00000000 | 0.00226501 | 0.00000000 | 0.00000000 | 0.00124378 | 0.00379267 | 0.00247831 | 0.00350058 | 0.00000000 | 0.00000000 | 0.00250313 | 0.00000000 | 0.00000000 | 0.00117371 | 0.00373599 | 0.00000000 | 0.00242718 | 0.00114679 | 0.00121212 | 0.00348432 | 0.00144818 | 0.00141298
Load  43 | 0.00111982 | 0.00118203 | 0.00000000 | 0.00231481 | 0.00591716 | 0.00354191 | 0.00000000 | 0.00223714 | 0.00566893 | 0.00116686 | 0.00657174 | 0.00692841 | 0.00109769 | 0.00340136 | 0.00000000 | 0.00377358 | 0.00351700 | 0.00650054 | 0.00112867 | 0.00234192 | 0.00292048 | 0.00227020
Load  44 | 0.00000000 | 0.00000000 | 0.00000000 | 0.00113250 | 0.00227790 | 0.00442478 | 0.00112867 | 0.00114548 | 0.00000000 | 0.00359712 | 0.00232829 | 0.00114286 | 0.00453515 | 0.00220022 | 0.00116414 | 0.00000000 | 0.00455581 | 0.00920598 | 0.00247219 | 0.00122549 | 0.00212683 | 0.00221040
Load  45 | 0.00108814 | 0.00799087 | 0.00000000 | 0.00000000 | 0.00556793 | 0.00343643 | 0.00110011 | 0.00000000 | 0.00336323 | 0.00224467 | 0.00113507 | 0.00470588 | 0.00113122 | 0.00000000 | 0.00696864 | 0.00224215 | 0.00344828 | 0.00663717 | 0.00221729 | 0.00000000 | 0.00266385 | 0.00247637
Load  46 | 0.00215054 | 0.01092896 | 0.00109051 | 0.01547988 | 0.00543478 | 0.01069519 | 0.00790068 | 0.00651466 | 0.00000000 | 0.00654308 | 0.00561167 | 0.00342857 | 0.00675676 | 0.00108696 | 0.00221239 | 0.00662252 | 0.00849257 | 0.00469484 | 0.00456100 | 0.00535906 | 0.00577823 | 0.00368268
Load  47 | 0.00939457 | 0.00544662 | 0.01381509 | 0.00606673 | 0.00718686 | 0.00976139 | 0.00107527 | 0.00957447 | 0.00419727 | 0.00541126 | 0.00223964 | 0.00425080 | 0.00417101 | 0.00334448 | 0.00673401 | 0.00106952 | 0.00236128 | 0.00215983 | 0.00000000 | 0.00519211 | 0.00517261 | 0.00340944
Load  48 | 0.01106640 | 0.02065217 | 0.00513347 | 0.00305499 | 0.00314136 | 0.00715015 | 0.00847458 | 0.01417666 | 0.00624350 | 0.00908174 | 0.00925926 | 0.00809717 | 0.00305499 | 0.01051525 | 0.00303951 | 0.01321138 | 0.01913394 | 0.00714286 | 0.00535332 | 0.01637765 | 0.00916802 | 0.00513738
Load  49 | 0.01043643 | 0.01470588 | 0.00509165 | 0.00697906 | 0.00995025 | 0.00838574 | 0.00806452 | 0.00425532 | 0.00613497 | 0.00717213 | 0.01718908 | 0.00771456 | 0.00792079 | 0.00499500 | 0.00906344 | 0.00931677 | 0.01115619 | 0.01607717 | 0.00833333 | 0.01206030 | 0.00925013 | 0.00346059
Load  50 | 0.00714286 | 0.01343570 | 0.01022495 | 0.01330604 | 0.01112235 | 0.01708543 | 0.00292398 | 0.00617920 | 0.01186944 | 0.01114488 | 0.00517598 | 0.00512821 | 0.01442308 | 0.01973001 | 0.00704935 | 0.01518027 | 0.01876173 | 0.00310238 | 0.00687623 | 0.01122449 | 0.01055433 | 0.00488940
Load  51 | 0.01860921 | 0.01000000 | 0.02482622 | 0.02008032 | 0.00616650 | 0.01776900 | 0.01255230 | 0.02253521 | 0.01857283 | 0.01226994 | 0.01556420 | 0.01486620 | 0.01422764 | 0.01673640 | 0.00589391 | 0.01644101 | 0.02182163 | 0.01554908 | 0.01384768 | 0.01097896 | 0.01546541 | 0.00488888
Load  52 | 0.01519468 | 0.01438159 | 0.01652893 | 0.01197053 | 0.01539855 | 0.01603206 | 0.00983284 | 0.01430031 | 0.02963671 | 0.02191235 | 0.01564027 | 0.01534036 | 0.02067669 | 0.01953125 | 0.00978474 | 0.02252693 | 0.02424830 | 0.01707780 | 0.01109990 | 0.03207547 | 0.01765951 | 0.00589351
Load  53 | 0.01828154 | 0.01688183 | 0.02291476 | 0.00740056 | 0.01946247 | 0.01876173 | 0.01486989 | 0.01446655 | 0.02619270 | 0.01754386 | 0.02125693 | 0.01958955 | 0.01432665 | 0.03000000 | 0.02629108 | 0.02554399 | 0.03363636 | 0.02021174 | 0.01775701 | 0.02634055 | 0.02058649 | 0.00596514
Load  54 | 0.02966507 | 0.02697495 | 0.02201835 | 0.02645985 | 0.02159624 | 0.01730769 | 0.01994560 | 0.02096627 | 0.03136531 | 0.01962617 | 0.02009132 | 0.01757632 | 0.02098540 | 0.02352941 | 0.03024390 | 0.02748815 | 0.03068592 | 0.02176063 | 0.02230483 | 0.03024575 | 0.02404186 | 0.00452258
Load  55 | 0.03330412 | 0.03770197 | 0.02376238 | 0.03153153 | 0.02835539 | 0.04432624 | 0.02143523 | 0.01769088 | 0.02836231 | 0.02598566 | 0.04208600 | 0.03130930 | 0.02943800 | 0.03111111 | 0.04104803 | 0.02650823 | 0.02712816 | 0.03524229 | 0.03542234 | 0.03611350 | 0.03139313 | 0.00674678
Load  56 | 0.03019213 | 0.03225806 | 0.03386809 | 0.03612335 | 0.01346154 | 0.02700270 | 0.03406998 | 0.02647838 | 0.02466960 | 0.04359926 | 0.03542958 | 0.04382826 | 0.02821869 | 0.02981030 | 0.01937269 | 0.04965753 | 0.01399254 | 0.02815622 | 0.02358079 | 0.03606853 | 0.03049191 | 0.00905129
Load  57 | 0.02342342 | 0.03664921 | 0.02346570 | 0.05645161 | 0.04074074 | 0.02809482 | 0.02383054 | 0.03660714 | 0.06638655 | 0.04328622 | 0.05322862 | 0.05086285 | 0.03080986 | 0.04778761 | 0.05354201 | 0.03703704 | 0.03485255 | 0.05040504 | 0.03312444 | 0.03341902 | 0.04020025 | 0.01184727
Load  58 | 0.02624434 | 0.04882155 | 0.05788591 | 0.05479452 | 0.05941423 | 0.03765324 | 0.02118270 | 0.05198238 | 0.05108225 | 0.04592721 | 0.03658537 | 0.04230118 | 0.06502058 | 0.03035714 | 0.04731574 | 0.05635063 | 0.02985075 | 0.04800725 | 0.04166667 | 0.03508772 | 0.04437657 | 0.01164396
Load  59 | 0.04631218 | 0.04188034 | 0.04480135 | 0.03826531 | 0.04134367 | 0.03822222 | 0.05745212 | 0.03970223 | 0.06831768 | 0.04204452 | 0.05386620 | 0.03234043 | 0.02357208 | 0.05677966 | 0.03533569 | 0.03138253 | 0.04766031 | 0.05872757 | 0.03247863 | 0.06039076 | 0.04454377 | 0.01129684
Load  60 | 0.06224066 | 0.06129032 | 0.03559028 | 0.06072874 | 0.06720000 | 0.04299226 | 0.06565657 | 0.04754482 | 0.04545455 | 0.05892116 | 0.04757998 | 0.05967742 | 0.07065217 | 0.04757859 | 0.06286187 | 0.07641196 | 0.05180921 | 0.05911330 | 0.03521127 | 0.07030604 | 0.05644106 | 0.01135546
Load  61 | 0.05688376 | 0.05783738 | 0.04695222 | 0.04494382 | 0.05398872 | 0.05323505 | 0.06991870 | 0.07485761 | 0.07850912 | 0.07207207 | 0.04582651 | 0.06733167 | 0.06608280 | 0.04410585 | 0.06721311 | 0.03709949 | 0.05037783 | 0.05872622 | 0.06655844 | 0.03618421 | 0.05743523 | 0.01223571
Load  62 | 0.05532618 | 0.05502392 | 0.08492063 | 0.05474765 | 0.07118928 | 0.09685039 | 0.04780876 | 0.07252216 | 0.03788477 | 0.06523469 | 0.04325700 | 0.05915268 | 0.07500000 | 0.05284889 | 0.06651017 | 0.05074875 | 0.04457527 | 0.07102502 | 0.06756757 | 0.05311203 | 0.06126529 | 0.01434855
Load  63 | 0.09026688 | 0.05332240 | 0.07852194 | 0.05396566 | 0.08352144 | 0.06368900 | 0.07844691 | 0.06269592 | 0.06245297 | 0.06699752 | 0.09133858 | 0.09281437 | 0.08523592 | 0.07183673 | 0.06346623 | 0.06854839 | 0.06682578 | 0.08129440 | 0.06085650 | 0.06877470 | 0.07224361 | 0.01185358
Load  64 | 0.08498809 | 0.07251908 | 0.07791165 | 0.07854985 | 0.07067425 | 0.07823961 | 0.06302844 | 0.06392694 | 0.08756137 | 0.08269525 | 0.09291339 | 0.07305195 | 0.04228661 | 0.08188976 | 0.10568455 | 0.05966587 | 0.09167303 | 0.08137715 | 0.05838198 | 0.07317073 | 0.07600948 | 0.01384904
Load  65 | 0.09704969 | 0.06800000 | 0.06801196 | 0.09662577 | 0.08377761 | 0.07283763 | 0.11426492 | 0.09221466 | 0.07471698 | 0.08006042 | 0.06923077 | 0.07709924 | 0.06702209 | 0.06413302 | 0.10739300 | 0.09015152 | 0.09679938 | 0.08443067 | 0.10123816 | 0.08333333 | 0.08441954 | 0.01421789
Load  66 | 0.07322654 | 0.08244275 | 0.09970238 | 0.08915305 | 0.08378171 | 0.07902973 | 0.07623982 | 0.09602401 | 0.07505686 | 0.08051530 | 0.08582677 | 0.09209572 | 0.09297052 | 0.08939394 | 0.08927232 | 0.09895052 | 0.08546326 | 0.06656226 | 0.08917197 | 0.10097233 | 0.08629259 | 0.00910754
Load  67 | 0.11275964 | 0.08314774 | 0.10821182 | 0.09072022 | 0.09266123 | 0.10339841 | 0.08726415 | 0.08208955 | 0.10159652 | 0.07955390 | 0.09658247 | 0.09569733 | 0.09636768 | 0.08881119 | 0.08543417 | 0.09587021 | 0.08147579 | 0.11176041 | 0.09570460 | 0.08221344 | 0.09356602 | 0.00988807
Load  68 | 0.11291513 | 0.09275362 | 0.09401061 | 0.09469697 | 0.09860191 | 0.10272537 | 0.09949165 | 0.11022480 | 0.09903917 | 0.10442350 | 0.11773151 | 0.10694051 | 0.11598513 | 0.11973392 | 0.09475219 | 0.09097473 | 0.07985348 | 0.08830189 | 0.10703812 | 0.12463977 | 0.10274170 | 0.01136563
Load  69 | 0.10708661 | 0.10072993 | 0.09619687 | 0.11260623 | 0.12500000 | 0.12195122 | 0.11453114 | 0.09647228 | 0.10674574 | 0.10854342 | 0.09970015 | 0.09655172 | 0.08523145 | 0.08636364 | 0.09824047 | 0.09743202 | 0.12136267 | 0.12841328 | 0.11443149 | 0.09861111 | 0.10581007 | 0.01203651
Load  70 | 0.12957540 | 0.14092141 | 0.08175182 | 0.10669456 | 0.11432604 | 0.10851064 | 0.11078928 | 0.12143928 | 0.09429825 | 0.10969568 | 0.10746951 | 0.10563380 | 0.10474168 | 0.10434783 | 0.12350877 | 0.09656652 | 0.13562895 | 0.10887656 | 0.11181435 | 0.11604096 | 0.11163157 | 0.01349060
Load  71 | 0.12220670 | 0.12208892 | 0.11414214 | 0.14266023 | 0.13556953 | 0.13401311 | 0.13959917 | 0.11370056 | 0.11238368 | 0.13937282 | 0.08997050 | 0.12482663 | 0.10384895 | 0.15695682 | 0.12318339 | 0.10103245 | 0.10901163 | 0.12937813 | 0.10889680 | 0.13670034 | 0.12297713 | 0.01613719
Load  72 | 0.13145217 | 0.15883521 | 0.13253857 | 0.13362382 | 0.13551077 | 0.11320755 | 0.14835165 | 0.13502110 | 0.11835578 | 0.12907801 | 0.14543029 | 0.12430556 | 0.12699514 | 0.11546686 | 0.13940256 | 0.10674157 | 0.13614035 | 0.15180395 | 0.11250874 | 0.11056338 | 0.13026665 | 0.01410583
Load  73 | 0.12846518 | 0.13586207 | 0.17275748 | 0.12865895 | 0.13822751 | 0.12673993 | 0.15003305 | 0.12907703 | 0.13820598 | 0.12576065 | 0.13520750 | 0.15270936 | 0.15836177 | 0.12878255 | 0.14108426 | 0.15499660 | 0.14363885 | 0.12213225 | 0.11118980 | 0.11986532 | 0.13708780 | 0.01454070
Load  74 | 0.11565097 | 0.13187588 | 0.15048860 | 0.14086471 | 0.16005291 | 0.14144272 | 0.12584574 | 0.13582814 | 0.13369345 | 0.12190083 | 0.12896691 | 0.12903226 | 0.14944904 | 0.12550607 | 0.16042781 | 0.14236351 | 0.15363512 | 0.13168188 | 0.12938005 | 0.13199724 | 0.13700419 | 0.01219761
Load  75 | 0.16821192 | 0.14070681 | 0.13951936 | 0.13834270 | 0.14429530 | 0.14022383 | 0.13397790 | 0.13888889 | 0.15731070 | 0.14138154 | 0.12941961 | 0.17845555 | 0.15813953 | 0.14199192 | 0.16533865 | 0.17635904 | 0.14439946 | 0.14684385 | 0.12272727 | 0.13772455 | 0.14721292 | 0.01478845
Load  76 | 0.11957950 | 0.14205257 | 0.12103175 | 0.16270096 | 0.14142762 | 0.15193189 | 0.13367609 | 0.14044564 | 0.12677966 | 0.17824968 | 0.12914131 | 0.14019934 | 0.18429386 | 0.14179608 | 0.14443677 | 0.15997367 | 0.14917492 | 0.17221135 | 0.13900135 | 0.12612613 | 0.14521151 | 0.01787812
Load  77 | 0.15189048 | 0.15435795 | 0.14996849 | 0.16421725 | 0.14416776 | 0.15646259 | 0.13526868 | 0.15826873 | 0.18714195 | 0.16267012 | 0.14189644 | 0.20797546 | 0.17605634 | 0.17550753 | 0.15068493 | 0.13823331 | 0.16233354 | 0.16602317 | 0.18187579 | 0.13424125 | 0.15996209 | 0.01831615
Load  78 | 0.16563659 | 0.13670034 | 0.15513898 | 0.14258312 | 0.17179487 | 0.15439739 | 0.17940619 | 0.16485623 | 0.16412214 | 0.15882353 | 0.16645729 | 0.15474642 | 0.18002466 | 0.15923172 | 0.16342934 | 0.16058861 | 0.15350877 | 0.13910761 | 0.14895013 | 0.15779468 | 0.15886493 | 0.01129932
Load  79 | 0.18089552 | 0.15032680 | 0.15405224 | 0.16666667 | 0.14126880 | 0.17931457 | 0.16279070 | 0.16420783 | 0.15125495 | 0.15449804 | 0.17716535 | 0.15806045 | 0.17213664 | 0.17841815 | 0.14181577 | 0.18622951 | 0.17135710 | 0.16502301 | 0.16295353 | 0.16010165 | 0.16392686 | 0.01249860
Load  80 | 0.17536141 | 0.21547988 | 0.19601742 | 0.18626238 | 0.19471744 | 0.18677281 | 0.17560322 | 0.16513761 | 0.20277078 | 0.13904762 | 0.12387097 | 0.16581633 | 0.16416040 | 0.20146520 | 0.15179153 | 0.17137592 | 0.17517776 | 0.17672682 | 0.17066043 | 0.15687500 | 0.17475455 | 0.02157946
Load  81 | 0.19736842 | 0.19259724 | 0.18675079 | 0.19354839 | 0.16605617 | 0.19191919 | 0.19270517 | 0.17466987 | 0.17752948 | 0.17669173 | 0.16053299 | 0.17451691 | 0.17288557 | 0.16125000 | 0.18071520 | 0.17234848 | 0.18691001 | 0.19618696 | 0.15911873 | 0.17654398 | 0.17954226 | 0.01195130
Load  82 | 0.18170581 | 0.18981481 | 0.17289157 | 0.17676143 | 0.20610248 | 0.17333333 | 0.16101172 | 0.17409896 | 0.17907801 | 0.17498497 | 0.17341390 | 0.19107143 | 0.19006211 | 0.18780788 | 0.17809058 | 0.15934066 | 0.19892151 | 0.16228070 | 0.16759431 | 0.19210371 | 0.17952349 | 0.01231644
Load  83 | 0.19297164 | 0.19842710 | 0.20840951 | 0.17358958 | 0.18701143 | 0.19566526 | 0.19387154 | 0.15269461 | 0.18982630 | 0.19918462 | 0.18845701 | 0.18604651 | 0.19471744 | 0.20830750 | 0.17583732 | 0.19787360 | 0.18634686 | 0.17061324 | 0.19769557 | 0.19880597 | 0.18981763 | 0.01300664
Load  84 | 0.19632606 | 0.20175953 | 0.18694885 | 0.19829684 | 0.21489104 | 0.19639528 | 0.20772947 | 0.20491803 | 0.20190024 | 0.19507803 | 0.20816790 | 0.18538012 | 0.22279496 | 0.19228555 | 0.20719675 | 0.21260306 | 0.17497034 | 0.18453865 | 0.20154120 | 0.23180751 | 0.20127647 | 0.01314075
Load  85 | 0.21298844 | 0.19917258 | 0.22063037 | 0.20848057 | 0.20865442 | 0.19620628 | 0.22601530 | 0.19693396 | 0.21244131 | 0.19818731 | 0.21726365 | 0.22612771 | 0.22584334 | 0.20848057 | 0.21888154 | 0.20923261 | 0.20622331 | 0.17915905 | 0.21031286 | 0.19566491 | 0.20884500 | 0.01182425
Load  86 | 0.19510740 | 0.20166074 | 0.19305474 | 0.21519722 | 0.22955443 | 0.20605023 | 0.20797227 | 0.17743831 | 0.20804598 | 0.21664699 | 0.20952928 | 0.19010727 | 0.20862471 | 0.22564103 | 0.22267680 | 0.18265365 | 0.23829283 | 0.20983213 | 0.21849234 | 0.21465077 | 0.20856145 | 0.01503282
Load  87 | 0.20813953 | 0.21995465 | 0.21477663 | 0.21116226 | 0.20287253 | 0.21553738 | 0.20895522 | 0.20547148 | 0.21938232 | 0.22419929 | 0.23375143 | 0.21123464 | 0.21989215 | 0.23706652 | 0.20292398 | 0.19424883 | 0.22215743 | 0.20356083 | 0.22919042 | 0.19861432 | 0.21415459 | 0.01130413
Load  88 | 0.22926267 | 0.22552948 | 0.22484186 | 0.20560748 | 0.21866056 | 0.22829763 | 0.22987229 | 0.20614525 | 0.20617978 | 0.22773973 | 0.20000000 | 0.23094556 | 0.22234700 | 0.21104651 | 0.21558872 | 0.22772829 | 0.18627451 | 0.23523035 | 0.20752566 | 0.20248167 | 0.21706525 | 0.01284953
Load  89 | 0.23286908 | 0.23371648 | 0.22185612 | 0.21571906 | 0.22862030 | 0.25989011 | 0.24042793 | 0.23296089 | 0.20551967 | 0.20654045 | 0.23743788 | 0.23685698 | 0.22443182 | 0.22813036 | 0.24862486 | 0.23051225 | 0.20734463 | 0.21863014 | 0.22234892 | 0.22662266 | 0.22795303 | 0.01335562
Load  90 | 0.24371157 | 0.22133939 | 0.21623094 | 0.22810931 | 0.22259887 | 0.23421479 | 0.22598253 | 0.20554273 | 0.26332971 | 0.22059684 | 0.22984563 | 0.21321160 | 0.21436782 | 0.22403144 | 0.23456790 | 0.21274238 | 0.23342466 | 0.21846847 | 0.22812846 | 0.21527393 | 0.22528595 | 0.01253690
Load  91 | 0.26648501 | 0.26096491 | 0.25942350 | 0.22650057 | 0.22314507 | 0.27819929 | 0.24356869 | 0.22998388 | 0.24779736 | 0.25533049 | 0.22951709 | 0.23628463 | 0.25053079 | 0.22033898 | 0.25539758 | 0.25123694 | 0.24775785 | 0.25968358 | 0.21943049 | 0.25349748 | 0.24575371 | 0.01616781
Load  92 | 0.24362453 | 0.26086957 | 0.26225895 | 0.24333333 | 0.24377031 | 0.24797407 | 0.23039216 | 0.23170061 | 0.25460284 | 0.27500000 | 0.23583378 | 0.24379947 | 0.23671233 | 0.22083096 | 0.24306688 | 0.24353206 | 0.24623955 | 0.27170418 | 0.24763495 | 0.23081052 | 0.24568455 | 0.01342565
Load  93 | 0.24620390 | 0.22944653 | 0.22996707 | 0.28052472 | 0.27209052 | 0.22203765 | 0.23220974 | 0.24463070 | 0.24085199 | 0.27108753 | 0.23804519 | 0.24759358 | 0.26213080 | 0.26726058 | 0.23689956 | 0.26054458 | 0.26513453 | 0.22998388 | 0.26442308 | 0.25344645 | 0.24972563 | 0.01679019
Load  94 | 0.24796968 | 0.24563319 | 0.23898035 | 0.27433155 | 0.23072834 | 0.26178862 | 0.27577185 | 0.23885350 | 0.25949038 | 0.23701799 | 0.25973333 | 0.25763063 | 0.24691358 | 0.24396783 | 0.27126806 | 0.25630252 | 0.27114021 | 0.25620708 | 0.27248250 | 0.26800847 | 0.25571098 | 0.01350533
Load  95 | 0.26846361 | 0.25634518 | 0.26133333 | 0.24780589 | 0.27330847 | 0.26214629 | 0.29062500 | 0.25570033 | 0.26102382 | 0.27413526 | 0.24623377 | 0.23829344 | 0.24598071 | 0.26453333 | 0.25499474 | 0.25659596 | 0.28910687 | 0.24790795 | 0.24671226 | 0.28274112 | 0.26119937 | 0.01440002
Load  96 | 0.25427136 | 0.29317269 | 0.27414330 | 0.27018791 | 0.24492980 | 0.27093084 | 0.28476142 | 0.28632479 | 0.26176626 | 0.27008032 | 0.25546667 | 0.26606955 | 0.28314157 | 0.26475279 | 0.26877266 | 0.25910723 | 0.28660436 | 0.24300518 | 0.26774530 | 0.26742385 | 0.26863289 | 0.01324570
Load  97 | 0.26938175 | 0.26700508 | 0.28616025 | 0.26350328 | 0.28031088 | 0.27421835 | 0.29885629 | 0.26536885 | 0.27906977 | 0.26766169 | 0.27406628 | 0.27973790 | 0.31478770 | 0.30477168 | 0.25530813 | 0.26209048 | 0.26216485 | 0.28971487 | 0.27562762 | 0.26305221 | 0.27664290 | 0.01521662
Load  98 | 0.27850000 | 0.25725726 | 0.28308824 | 0.27387569 | 0.29437653 | 0.30339806 | 0.28304821 | 0.27232143 | 0.30521472 | 0.28671679 | 0.26877266 | 0.24046610 | 0.26607884 | 0.24675998 | 0.25590129 | 0.24491979 | 0.27282322 | 0.26315789 | 0.25156576 | 0.27612705 | 0.27121848 | 0.01800728
Load  99 | 0.26086957 | 0.27508737 | 0.28615385 | 0.25744573 | 0.26861702 | 0.28151470 | 0.29021318 | 0.26255230 | 0.26305221 | 0.29215190 | 0.29448743 | 0.30407524 | 0.28380386 | 0.26663228 | 0.28615071 | 0.29110106 | 0.27920082 | 0.26856562 | 0.27568922 | 0.28229908 | 0.27848316 | 0.01258001
Load 100 | 0.27359438 | 0.29348384 | 0.27522037 | 0.31336634 | 0.29756582 | 0.26138107 | 0.25612145 | 0.28637060 | 0.29518987 | 0.28854962 | 0.27218345 | 0.29446936 | 0.28334172 | 0.31322859 | 0.30238458 | 0.27715164 | 0.27024291 | 0.29147756 | 0.28071928 | 0.28103277 | 0.28535376 | 0.01496502
Load 101 | 0.30554193 | 0.32645034 | 0.31247014 | 0.28101644 | 0.27653214 | 0.30772878 | 0.26836435 | 0.27263828 | 0.28557738 | 0.30560837 | 0.30265748 | 0.26650246 | 0.30696044 | 0.29363868 | 0.29045226 | 0.27468231 | 0.30443448 | 0.30820931 | 0.30196078 | 0.28070175 | 0.29360641 | 0.01649485
Load 102 | 0.29839884 | 0.29900498 | 0.30260618 | 0.28258706 | 0.31395349 | 0.29680590 | 0.29475233 | 0.28696925 | 0.33156371 | 0.31517510 | 0.30338164 | 0.31024668 | 0.29359606 | 0.32994186 | 0.32213813 | 0.32082922 | 0.29560976 | 0.29319628 | 0.29046455 | 0.29360465 | 0.30374128 | 0.01385226
Load 103 | 0.30994152 | 0.30289421 | 0.29571217 | 0.29496761 | 0.31099064 | 0.28725490 | 0.33038348 | 0.30247779 | 0.33530864 | 0.28918651 | 0.29408961 | 0.30666667 | 0.27690802 | 0.30211335 | 0.29573320 | 0.31268012 | 0.28286664 | 0.29725898 | 0.30999021 | 0.30994152 | 0.30236829 | 0.01398335
Load 104 | 0.32409698 | 0.31871759 | 0.30787938 | 0.31041070 | 0.31250000 | 0.29903382 | 0.32367816 | 0.29463415 | 0.32675222 | 0.32958275 | 0.33269231 | 0.30340855 | 0.31517144 | 0.32535211 | 0.33032319 | 0.29298419 | 0.32634588 | 0.31122943 | 0.31613819 | 0.30248756 | 0.31517093 | 0.01192612
Load 105 | 0.32615973 | 0.31212815 | 0.28127985 | 0.31495686 | 0.30607248 | 0.30550373 | 0.33567745 | 0.30110497 | 0.32418363 | 0.29631426 | 0.29724596 | 0.28395669 | 0.29102743 | 0.34080512 | 0.30414313 | 0.31159080 | 0.29613734 | 0.31005191 | 0.32390244 | 0.32238668 | 0.30923143 | 0.01579777
Load 106 | 0.35214447 | 0.32609744 | 0.29912023 | 0.33287101 | 0.34137116 | 0.31629834 | 0.31413613 | 0.30984601 | 0.30138955 | 0.32770270 | 0.32686230 | 0.32726402 | 0.31191370 | 0.31121495 | 0.29245742 | 0.32015066 | 0.35219236 | 0.32211314 | 0.33124095 | 0.32780083 | 0.32220937 | 0.01551952
Load 107 | 0.32308420 | 0.30883766 | 0.30578898 | 0.34297521 | 0.34670232 | 0.33679245 | 0.33271115 | 0.33317513 | 0.32391714 | 0.32957217 | 0.32274638 | 0.33118379 | 0.30518868 | 0.31643771 | 0.32706767 | 0.30460333 | 0.32515337 | 0.31378159 | 0.34094085 | 0.29212411 | 0.32313919 | 0.01420645
Load 108 | 0.29543292 | 0.32134624 | 0.35617040 | 0.32173520 | 0.29188420 | 0.32871476 | 0.32764190 | 0.31040807 | 0.33629977 | 0.32020389 | 0.34215247 | 0.33084809 | 0.33225058 | 0.35677450 | 0.33458119 | 0.34301521 | 0.32449076 | 0.31232623 | 0.33274021 | 0.32481752 | 0.32719171 | 0.01625202
Load 109 | 0.36420027 | 0.30668473 | 0.33045847 | 0.31334263 | 0.34730539 | 0.31624319 | 0.30924988 | 0.32819795 | 0.35109290 | 0.33133641 | 0.30869363 | 0.32120109 | 0.31042435 | 0.31588963 | 0.32404022 | 0.32264063 | 0.33317994 | 0.34567351 | 0.32413793 | 0.33348096 | 0.32687368 | 0.01528123
Load 110 | 0.35782748 | 0.31292828 | 0.36758193 | 0.35902004 | 0.33690088 | 0.36876155 | 0.34138258 | 0.33743730 | 0.34482759 | 0.35459411 | 0.33610342 | 0.34177798 | 0.32828283 | 0.35979807 | 0.32208872 | 0.34940312 | 0.36181818 | 0.33348478 | 0.32683159 | 0.32942767 | 0.34351391 | 0.01544081
Load 111 | 0.34281843 | 0.34710373 | 0.35955056 | 0.33961418 | 0.31867145 | 0.32602740 | 0.33564815 | 0.29045643 | 0.36521352 | 0.34748500 | 0.32117438 | 0.33530214 | 0.33123028 | 0.36009070 | 0.37042002 | 0.37892473 | 0.35065522 | 0.34311927 | 0.36861149 | 0.34414991 | 0.34381335 | 0.02027557
Load 112 | 0.34742404 | 0.34784540 | 0.33948339 | 0.32669323 | 0.35654840 | 0.32283465 | 0.32912534 | 0.34246575 | 0.32019928 | 0.32865550 | 0.36832579 | 0.33753375 | 0.32897033 | 0.35426009 | 0.36158940 | 0.34372136 | 0.35732648 | 0.36421435 | 0.34801762 | 0.35707885 | 0.34411565 | 0.01418579
Load 113 | 0.35711020 | 0.35082997 | 0.36448598 | 0.34105359 | 0.36666667 | 0.34932735 | 0.36191733 | 0.35768039 | 0.37290440 | 0.39067312 | 0.33171378 | 0.38787338 | 0.35185185 | 0.37050044 | 0.36207655 | 0.36574871 | 0.35619374 | 0.34103318 | 0.35216820 | 0.34617087 | 0.35889898 | 0.01438734
Load 114 | 0.39706517 | 0.38268282 | 0.33934066 | 0.34083885 | 0.34930314 | 0.33483551 | 0.36652174 | 0.34478145 | 0.34363958 | 0.35587343 | 0.38504037 | 0.35430319 | 0.34003497 | 0.35989717 | 0.35769896 | 0.35169881 | 0.34502411 | 0.34343434 | 0.33652968 | 0.36352201 | 0.35460330 | 0.01673404
Load 115 | 0.34763948 | 0.36908784 | 0.38088948 | 0.37547893 | 0.35562310 | 0.35789015 | 0.36276642 | 0.38157323 | 0.37802840 | 0.37822475 | 0.35654473 | 0.36356038 | 0.37611182 | 0.33586762 | 0.36017897 | 0.38766520 | 0.37444346 | 0.36477175 | 0.36445013 | 0.33772863 | 0.36542622 | 0.01388428
Load 116 | 0.37071130 | 0.37373737 | 0.36676711 | 0.36124097 | 0.36328125 | 0.39339991 | 0.36449400 | 0.36021959 | 0.35957541 | 0.36328953 | 0.37057569 | 0.36344178 | 0.38346826 | 0.36660929 | 0.35234752 | 0.38589744 | 0.33392619 | 0.38585345 | 0.35057717 | 0.37144090 | 0.36704271 | 0.01328844
Load 117 | 0.39206681 | 0.34935065 | 0.37774958 | 0.37365813 | 0.37698583 | 0.36532508 | 0.37798408 | 0.36529284 | 0.37848264 | 0.35998308 | 0.38377926 | 0.37234504 | 0.37153813 | 0.36137339 | 0.36071429 | 0.38382979 | 0.37886383 | 0.37720430 | 0.39351259 | 0.36285837 | 0.37314489 | 0.01095851
Load 118 | 0.37628654 | 0.39625053 | 0.38852726 | 0.38001708 | 0.36793638 | 0.37264151 | 0.36937316 | 0.35717401 | 0.38019303 | 0.37702128 | 0.37079646 | 0.36579276 | 0.37292929 | 0.37611940 | 0.37526294 | 0.36982759 | 0.39408233 | 0.38387800 | 0.38022814 | 0.34801382 | 0.37511757 | 0.01102363
Load 119 | 0.34778947 | 0.37436116 | 0.38688252 | 0.42274413 | 0.35532995 | 0.37233169 | 0.39991590 | 0.38464765 | 0.37013265 | 0.38255034 | 0.35699108 | 0.38071488 | 0.38781392 | 0.37733447 | 0.38991022 | 0.39316591 | 0.39581590 | 0.38279302 | 0.35674518 | 0.38649789 | 0.38022340 | 0.01709220
Load 120 | 0.40560821 | 0.37676207 | 0.39559118 | 0.40208668 | 0.37159372 | 0.36788202 | 0.36857380 | 0.38993981 | 0.39923632 | 0.39749135 | 0.38909389 | 0.37984823 | 0.37563667 | 0.38085015 | 0.37974684 | 0.35278746 | 0.38775510 | 0.36459209 | 0.37709030 | 0.38962606 | 0.38258960 | 0.01346782
Load 121 | 0.37781485 | 0.37041565 | 0.38980263 | 0.38863915 | 0.38537387 | 0.36397516 | 0.39317269 | 0.38393977 | 0.39876289 | 0.38033473 | 0.39683184 | 0.41285489 | 0.39918200 | 0.35306122 | 0.37584459 | 0.37750836 | 0.39182494 | 0.39206156 | 0.38495754 | 0.39195776 | 0.38541580 | 0.01311558
Load 122 | 0.40848806 | 0.38238891 | 0.38893409 | 0.39734300 | 0.40767974 | 0.39735894 | 0.38130381 | 0.38398018 | 0.37639110 | 0.38953722 | 0.37974684 | 0.41318074 | 0.35912938 | 0.39960000 | 0.41530740 | 0.41236307 | 0.38528317 | 0.38558121 | 0.42094862 | 0.39398798 | 0.39392667 | 0.01525470
Load 123 | 0.40614754 | 0.39414872 | 0.37871077 | 0.40869922 | 0.40509804 | 0.40900040 | 0.38641015 | 0.37940705 | 0.39416667 | 0.43127215 | 0.35862654 | 0.38777219 | 0.37896019 | 0.39063136 | 0.39555006 | 0.40826052 | 0.36460905 | 0.39492466 | 0.38279302 | 0.40722696 | 0.39312076 | 0.01656584
Load 124 | 0.41052632 | 0.41992883 | 0.41012146 | 0.40360721 | 0.42734343 | 0.40248447 | 0.40316358 | 0.40984252 | 0.39476911 | 0.40808241 | 0.43762616 | 0.40956592 | 0.39153878 | 0.38615123 | 0.43390358 | 0.37556936 | 0.42489960 | 0.40247802 | 0.41047503 | 0.41437803 | 0.40882275 | 0.01496582
Load 125 | 0.39000000 | 0.40443213 | 0.39559575 | 0.41332820 | 0.40623750 | 0.39953271 | 0.39441748 | 0.41695568 | 0.40669085 | 0.40352315 | 0.42873652 | 0.40677966 | 0.41962077 | 0.41500586 | 0.40174672 | 0.40240481 | 0.41302621 | 0.37653312 | 0.37085020 | 0.41114458 | 0.40382810 | 0.01346029
Load 126 | 0.41058034 | 0.41013072 | 0.41816727 | 0.38383838 | 0.38957916 | 0.40120482 | 0.37494966 | 0.40476190 | 0.42424242 | 0.40826446 | 0.40398698 | 0.41933000 | 0.40502793 | 0.40256709 | 0.42363565 | 0.41528108 | 0.39433294 | 0.38641779 | 0.39538584 | 0.39033160 | 0.40310080 | 0.01336916
Load 127 | 0.43067961 | 0.39913318 | 0.39715494 | 0.42473979 | 0.42724817 | 0.40795820 | 0.41145410 | 0.38617064 | 0.42145749 | 0.41007477 | 0.40121457 | 0.39976870 | 0.42472083 | 0.40522359 | 0.43691589 | 0.42730085 | 0.42530074 | 0.40600624 | 0.42245779 | 0.39382088 | 0.41294005 | 0.01391079
Load 128 | 0.42191781 | 0.40586420 | 0.40543689 | 0.40061872 | 0.43410853 | 0.42230624 | 0.41190019 | 0.43537964 | 0.40394477 | 0.38011928 | 0.41940413 | 0.40979782 | 0.38977636 | 0.42476190 | 0.44371879 | 0.43237868 | 0.40936864 | 0.42238406 | 0.41564113 | 0.40431373 | 0.41465707 | 0.01535447
Load 129 | 0.39150402 | 0.45692008 | 0.44589911 | 0.42961820 | 0.44069767 | 0.41048202 | 0.41028661 | 0.40971948 | 0.40316969 | 0.42443852 | 0.43870470 | 0.40485362 | 0.43247463 | 0.41978193 | 0.43643411 | 0.43155819 | 0.44179793 | 0.40427280 | 0.45156310 | 0.44210929 | 0.42631429 | 0.01804041
Load 130 | 0.40079681 | 0.43250689 | 0.40533333 | 0.43257378 | 0.43496397 | 0.44478528 | 0.42950192 | 0.42183908 | 0.43113316 | 0.43858969 | 0.41628440 | 0.44227769 | 0.43276662 | 0.41937926 | 0.46605505 | 0.42103190 | 0.42115239 | 0.43087558 | 0.40384615 | 0.43325434 | 0.42794736 | 0.01481290
Load 131 | 0.38738390 | 0.43821077 | 0.41404451 | 0.41826381 | 0.40611855 | 0.42899963 | 0.43913043 | 0.44254658 | 0.42593320 | 0.42982456 | 0.45061728 | 0.43385605 | 0.43456696 | 0.41927991 | 0.44664634 | 0.41988950 | 0.41317131 | 0.43873668 | 0.41058324 | 0.40869906 | 0.42532511 | 0.01551252
Load 132 | 0.45043676 | 0.44709898 | 0.43059174 | 0.45863836 | 0.42170953 | 0.42825444 | 0.41043084 | 0.43498274 | 0.41329705 | 0.43191095 | 0.41368585 | 0.40860215 | 0.41937984 | 0.44631500 | 0.42916984 | 0.44119879 | 0.42900647 | 0.43038922 | 0.43072173 | 0.44089219 | 0.43083562 | 0.01346879
Load 133 | 0.42381317 | 0.42654392 | 0.46723753 | 0.44927536 | 0.44075472 | 0.42567050 | 0.42883686 | 0.44037037 | 0.42177389 | 0.43888071 | 0.44089219 | 0.43945528 | 0.44344569 | 0.41011236 | 0.44222961 | 0.45201115 | 0.44387569 | 0.43954802 | 0.43044619 | 0.42077331 | 0.43629733 | 0.01263436
Load 134 | 0.44411547 | 0.41804180 | 0.42720939 | 0.43946025 | 0.41584534 | 0.44971537 | 0.42867982 | 0.44344704 | 0.41868255 | 0.43967127 | 0.42069486 | 0.43907012 | 0.45089955 | 0.44555927 | 0.43379336 | 0.43606800 | 0.42066146 | 0.43747595 | 0.45649759 | 0.43562546 | 0.43506070 | 0.01161112
Load 135 | 0.44668588 | 0.42808607 | 0.43740686 | 0.44248120 | 0.43556042 | 0.46170599 | 0.44039484 | 0.43707176 | 0.43356112 | 0.45152967 | 0.42397661 | 0.44888889 | 0.45234604 | 0.47866287 | 0.44724523 | 0.43488195 | 0.45102506 | 0.43898753 | 0.44781643 | 0.43910372 | 0.44387091 | 0.01187433
Load 136 | 0.42889054 | 0.44992636 | 0.45801527 | 0.44812985 | 0.43035579 | 0.42586399 | 0.44705444 | 0.47686703 | 0.42166855 | 0.45833333 | 0.44136926 | 0.44346225 | 0.43960103 | 0.46349320 | 0.43109032 | 0.45014451 | 0.44832606 | 0.45342312 | 0.43672014 | 0.47063012 | 0.44616826 | 0.01444350
Load 137 | 0.44600074 | 0.43879056 | 0.43478261 | 0.44168734 | 0.42380952 | 0.45603577 | 0.47024247 | 0.45548067 | 0.43831640 | 0.44770177 | 0.45375723 | 0.45385174 | 0.43116976 | 0.44871795 | 0.43998514 | 0.45800672 | 0.47642680 | 0.48744252 | 0.42931742 | 0.45496783 | 0.44932455 | 0.01555553
Load 138 | 0.46989669 | 0.44766389 | 0.45589273 | 0.43772629 | 0.46348415 | 0.44624820 | 0.44338934 | 0.44501279 | 0.45687812 | 0.45188133 | 0.47088426 | 0.44668792 | 0.43860920 | 0.47033127 | 0.44895105 | 0.48177553 | 0.46785975 | 0.44951140 | 0.42794760 | 0.44868470 | 0.45346581 | 0.01317204
Load 139 | 0.46618445 | 0.43938307 | 0.45124082 | 0.44705882 | 0.46887229 | 0.44353402 | 0.47619048 | 0.46843034 | 0.45985663 | 0.46100834 | 0.44627796 | 0.45715310 | 0.45337739 | 0.46929080 | 0.46602277 | 0.47406082 | 0.44730349 | 0.44879852 | 0.46347431 | 0.46752294 | 0.45875207 | 0.01066850
Load 140 | 0.45412353 | 0.44672566 | 0.47114708 | 0.47804878 | 0.45098731 | 0.45861456 | 0.45524208 | 0.46072187 | 0.45690259 | 0.44452528 | 0.48021201 | 0.47673635 | 0.47135606 | 0.44826339 | 0.46642202 | 0.45138396 | 0.46453408 | 0.46348624 | 0.46807760 | 0.43172119 | 0.45996158 | 0.01221590
Load 141 | 0.44021739 | 0.46809269 | 0.45845481 | 0.46235795 | 0.48520710 | 0.47088246 | 0.43038895 | 0.45805778 | 0.47865961 | 0.44187726 | 0.46331909 | 0.45803184 | 0.48816356 | 0.48103861 | 0.46961714 | 0.48369950 | 0.44659498 | 0.46273517 | 0.44476327 | 0.47120419 | 0.46316817 | 0.01585054
Load 142 | 0.46385965 | 0.45951781 | 0.46645702 | 0.45740873 | 0.47043980 | 0.49175149 | 0.48374277 | 0.47170487 | 0.46190969 | 0.45679913 | 0.50624777 | 0.45217702 | 0.48297648 | 0.48468849 | 0.44299789 | 0.48037513 | 0.48700843 | 0.45945946 | 0.47132677 | 0.48675035 | 0.47187994 | 0.01531009
Load 143 | 0.46400288 | 0.47085515 | 0.47193703 | 0.47401465 | 0.48461012 | 0.46498599 | 0.47719419 | 0.45573545 | 0.47353464 | 0.47073086 | 0.43974852 | 0.47709266 | 0.45683702 | 0.46771879 | 0.49057275 | 0.47721739 | 0.46194134 | 0.49366643 | 0.44405348 | 0.45438023 | 0.46854148 | 0.01356904
Load 144 | 0.47610803 | 0.48717035 | 0.46353436 | 0.49947862 | 0.47359337 | 0.49085892 | 0.47681895 | 0.47390252 | 0.47319844 | 0.47723262 | 0.48180593 | 0.48546410 | 0.45902802 | 0.47743713 | 0.48267327 | 0.47883959 | 0.45738046 | 0.46532286 | 0.47816975 | 0.46126636 | 0.47596418 | 0.01053775
Load 145 | 0.46286132 | 0.47766792 | 0.47442499 | 0.48075601 | 0.46936027 | 0.48500341 | 0.46783217 | 0.45784381 | 0.47491289 | 0.48859587 | 0.47233748 | 0.49305803 | 0.48341880 | 0.48337333 | 0.49018933 | 0.47124117 | 0.48073645 | 0.49160096 | 0.49515235 | 0.48117444 | 0.47907705 | 0.00997416
Load 146 | 0.46234676 | 0.47691774 | 0.46100520 | 0.47867299 | 0.48079561 | 0.46308943 | 0.49670482 | 0.46301278 | 0.48194014 | 0.47751099 | 0.46879195 | 0.46848088 | 0.46457490 | 0.47746527 | 0.49812862 | 0.49673876 | 0.49266177 | 0.48803987 | 0.45298559 | 0.46622074 | 0.47580424 | 0.01313754
Load 147 | 0.49333789 | 0.47723382 | 0.48418157 | 0.45808900 | 0.48750844 | 0.49193825 | 0.48108108 | 0.46475996 | 0.48480663 | 0.49327354 | 0.48420687 | 0.47407913 | 0.49271040 | 0.50661560 | 0.47636607 | 0.46909828 | 0.48160880 | 0.48072247 | 0.49501661 | 0.48101266 | 0.48288235 | 0.01102944
Load 148 | 0.48972603 | 0.48443983 | 0.47904600 | 0.48498845 | 0.47404372 | 0.48240372 | 0.47986577 | 0.48047420 | 0.49264214 | 0.48582996 | 0.49021559 | 0.50891089 | 0.47268908 | 0.48926014 | 0.50426789 | 0.48951995 | 0.48978897 | 0.51032645 | 0.48709239 | 0.48380498 | 0.48796681 | 0.00986222
Load 149 | 0.50827267 | 0.49276825 | 0.49179790 | 0.48547718 | 0.48388203 | 0.49931034 | 0.50371873 | 0.50918197 | 0.50754458 | 0.49118723 | 0.50309491 | 0.51345826 | 0.48692486 | 0.49116372 | 0.48333333 | 0.51597870 | 0.48165761 | 0.48187055 | 0.48809524 | 0.49342327 | 0.49560707 | 0.01079094
Load 150 | 0.48469891 | 0.48857341 | 0.49917465 | 0.48727154 | 0.49184692 | 0.50406769 | 0.49816361 | 0.51883393 | 0.49186992 | 0.49602649 | 0.48607337 | 0.48569549 | 0.49514888 | 0.48949240 | 0.47884039 | 0.48388169 | 0.48381659 | 0.49828415 | 0.50891678 | 0.50660502 | 0.49386409 | 0.00981177
Load 151 | 0.49578196 | 0.51056911 | 0.49702774 | 0.48906092 | 0.48925781 | 0.49581800 | 0.49486851 | 0.48886019 | 0.49437841 | 0.49766355 | 0.47739187 | 0.50682261 | 0.50259235 | 0.48288716 | 0.50597352 | 0.51467269 | 0.50047877 | 0.50310966 | 0.48588710 | 0.49203716 | 0.49625695 | 0.00916203
Load 152 | 0.49822294 | 0.49916528 | 0.50610360 | 0.50385604 | 0.50298607 | 0.49381478 | 0.50065104 | 0.50064725 | 0.49650815 | 0.50033047 | 0.50098361 | 0.50305958 | 0.49596503 | 0.49868852 | 0.49636964 | 0.50556283 | 0.49727651 | 0.51445466 | 0.49591903 | 0.50032489 | 0.50054450 | 0.00456035
Load 153 | 0.50206415 | 0.50796230 | 0.49401386 | 0.50276064 | 0.50032982 | 0.53150506 | 0.49287565 | 0.51560960 | 0.50751143 | 0.48948060 | 0.50311634 | 0.51221101 | 0.51108214 | 0.51083493 | 0.50210152 | 0.49883837 | 0.50619296 | 0.49080575 | 0.51309408 | 0.49617304 | 0.50442816 | 0.00971313
Load 154 | 0.53434376 | 0.49461312 | 0.50650195 | 0.54249430 | 0.50274992 | 0.51081692 | 0.51389787 | 0.47436311 | 0.51428571 | 0.50785340 | 0.50928036 | 0.50080985 | 0.51017728 | 0.49868766 | 0.50966495 | 0.49759230 | 0.49247743 | 0.49359606 | 0.48536666 | 0.50232404 | 0.50509483 | 0.01480972
Load 155 | 0.50163613 | 0.49689847 | 0.51996198 | 0.51654353 | 0.49884831 | 0.51758312 | 0.51813308 | 0.52262588 | 0.53465347 | 0.52028714 | 0.52066116 | 0.50130039 | 0.50922032 | 0.53738019 | 0.51174330 | 0.50592495 | 0.48774194 | 0.52660972 | 0.49250250 | 0.52190722 | 0.51310814 | 0.01320987
Load 156 | 0.51715293 | 0.50096277 | 0.50668364 | 0.51159148 | 0.49299533 | 0.51573539 | 0.50341908 | 0.50829421 | 0.50864277 | 0.53405910 | 0.48923868 | 0.50596197 | 0.52511125 | 0.51391060 | 0.51282051 | 0.51206952 | 0.50303030 | 0.51214953 | 0.51430408 | 0.52408293 | 0.51061080 | 0.01015167
Load 157 | 0.53656999 | 0.52100573 | 0.52132701 | 0.51457866 | 0.49669967 | 0.51687500 | 0.52024227 | 0.50470219 | 0.50661626 | 0.51329442 | 0.51985793 | 0.52486911 | 0.52530651 | 0.53609210 | 0.49070280 | 0.51008827 | 0.52264696 | 0.51475722 | 0.49875931 | 0.51898327 | 0.51569873 | 0.01162251
Load 158 | 0.53229329 | 0.49935442 | 0.51777634 | 0.52623551 | 0.53469128 | 0.50031928 | 0.51840102 | 0.50428980 | 0.52537411 | 0.51746235 | 0.52165605 | 0.50695762 | 0.51475835 | 0.52376396 | 0.50383387 | 0.51806084 | 0.52324861 | 0.52561608 | 0.52494368 | 0.52779573 | 0.51834161 | 0.01015120
Load 159 | 0.51018397 | 0.50973725 | 0.50402059 | 0.52461538 | 0.52691940 | 0.50891720 | 0.52760922 | 0.52881248 | 0.51055118 | 0.51353072 | 0.51646223 | 0.52125280 | 0.53793744 | 0.52329859 | 0.55230914 | 0.49951908 | 0.49856184 | 0.52336156 | 0.50000000 | 0.53682540 | 0.51872127 | 0.01386916
Load 160 | 0.51028156 | 0.52542902 | 0.52083986 | 0.52985544 | 0.50609013 | 0.49891741 | 0.51185897 | 0.51342608 | 0.50763731 | 0.52900378 | 0.54933009 | 0.51103513 | 0.50079898 | 0.52699387 | 0.54523227 | 0.54056518 | 0.52037325 | 0.49719626 | 0.50261458 | 0.53879578 | 0.51931375 | 0.01547125
Load 161 | 0.52469711 | 0.52909091 | 0.52224311 | 0.53288633 | 0.52657602 | 0.52219738 | 0.51628201 | 0.54520037 | 0.52426882 | 0.54007398 | 0.53031674 | 0.52868217 | 0.52327398 | 0.52294982 | 0.52693498 | 0.50566038 | 0.51960482 | 0.51470133 | 0.53581310 | 0.49938195 | 0.52454177 | 0.01034343
Load 162 | 0.50813397 | 0.54598947 | 0.51045510 | 0.52609934 | 0.53391960 | 0.55013469 | 0.52726106 | 0.53422574 | 0.53028430 | 0.52542883 | 0.52343032 | 0.53182242 | 0.53533515 | 0.52171216 | 0.53213844 | 0.52835451 | 0.51323575 | 0.53182686 | 0.52760736 | 0.51113173 | 0.52742634 | 0.01063641
Load 163 | 0.55280685 | 0.53859598 | 0.52059358 | 0.51841270 | 0.53862997 | 0.53516450 | 0.53832281 | 0.53071253 | 0.53035044 | 0.54322854 | 0.52584840 | 0.51984247 | 0.52662722 | 0.50952232 | 0.53272171 | 0.53588808 | 0.53853155 | 0.51354606 | 0.52325223 | 0.53442928 | 0.53035136 | 0.01039767
Load 164 | 0.50231839 | 0.53591998 | 0.52417381 | 0.54363636 | 0.51936508 | 0.52538829 | 0.54298921 | 0.53660797 | 0.52517986 | 0.53977097 | 0.51058607 | 0.54005401 | 0.53687405 | 0.54246745 | 0.54493018 | 0.53630612 | 0.53021196 | 0.53459311 | 0.53205713 | 0.54708520 | 0.53252576 | 0.01144489
Load 165 | 0.51613904 | 0.54251497 | 0.54285714 | 0.52580153 | 0.54998499 | 0.54098864 | 0.54702147 | 0.53023952 | 0.52863046 | 0.53552077 | 0.52335587 | 0.52494771 | 0.53730445 | 0.54520548 | 0.55372871 | 0.53887399 | 0.52527600 | 0.54757630 | 0.53931241 | 0.54738707 | 0.53713333 | 0.01017987
Load 166 | 0.53524565 | 0.53213213 | 0.55309466 | 0.55995309 | 0.54974755 | 0.53484217 | 0.53190184 | 0.53493834 | 0.54521433 | 0.52163533 | 0.53536285 | 0.52912473 | 0.53170290 | 0.54723127 | 0.54174015 | 0.53333333 | 0.54260090 | 0.55154639 | 0.55411516 | 0.53652019 | 0.54009915 | 0.00972365
Load 167 | 0.55331155 | 0.54201183 | 0.54309041 | 0.53202847 | 0.55219053 | 0.54300119 | 0.56218462 | 0.54540006 | 0.53901778 | 0.54104817 | 0.54647721 | 0.55295139 | 0.54167894 | 0.53384798 | 0.52857575 | 0.53158205 | 0.53843888 | 0.54731907 | 0.54381210 | 0.53396284 | 0.54259654 | 0.00824384
Load 168 | 0.55057541 | 0.55628940 | 0.55186722 | 0.54498947 | 0.55791679 | 0.53636901 | 0.52802360 | 0.54238806 | 0.53208556 | 0.53762136 | 0.55727003 | 0.53120334 | 0.55685218 | 0.55270151 | 0.53464737 | 0.53982027 | 0.54897959 | 0.53705882 | 0.56027938 | 0.56345029 | 0.54601943 | 0.01065355
Load 169 | 0.54370629 | 0.54382228 | 0.54078550 | 0.55572380 | 0.55176541 | 0.55749129 | 0.55180580 | 0.53267681 | 0.53519417 | 0.53063653 | 0.55883203 | 0.55944056 | 0.54895619 | 0.56125109 | 0.55251545 | 0.54628538 | 0.54406580 | 0.54846336 | 0.53043478 | 0.54263566 | 0.54682441 | 0.00932749
Load 170 | 0.54356971 | 0.54968478 | 0.53313783 | 0.54262638 | 0.54690265 | 0.55151515 | 0.55324751 | 0.56242873 | 0.55238376 | 0.56503946 | 0.53399766 | 0.54608551 | 0.55522209 | 0.55131698 | 0.54813302 | 0.54832827 | 0.54710042 | 0.53869137 | 0.54187336 | 0.53766002 | 0.54744723 | 0.00812370
Load 171 | 0.54973514 | 0.53798948 | 0.55144273 | 0.53486293 | 0.55182397 | 0.54028021 | 0.56156333 | 0.55377907 | 0.54898500 | 0.57260677 | 0.54574315 | 0.55877193 | 0.56498829 | 0.54225352 | 0.52634678 | 0.56788666 | 0.55549065 | 0.55247525 | 0.55519860 | 0.53416149 | 0.55031925 | 0.01162901
Load 172 | 0.54438910 | 0.55517439 | 0.55652174 | 0.55214900 | 0.56385125 | 0.54639175 | 0.56056173 | 0.53690091 | 0.53730044 | 0.55356074 | 0.56267970 | 0.54835847 | 0.55677233 | 0.54667837 | 0.55423055 | 0.56631763 | 0.54825462 | 0.55272206 | 0.55844891 | 0.55958249 | 0.55304231 | 0.00793870
Load 173 | 0.53863965 | 0.55366417 | 0.55317324 | 0.55649143 | 0.54344667 | 0.54598711 | 0.56682028 | 0.56589579 | 0.53910776 | 0.57433400 | 0.55640590 | 0.55013928 | 0.54857820 | 0.54685234 | 0.56462985 | 0.57893242 | 0.56137811 | 0.57354618 | 0.55542348 | 0.55645394 | 0.55649499 | 0.01121490
Load 174 | 0.55944461 | 0.57367281 | 0.56959911 | 0.57448021 | 0.55144509 | 0.54566341 | 0.56482525 | 0.56619801 | 0.55027851 | 0.55879028 | 0.56112853 | 0.53608847 | 0.57067138 | 0.54527163 | 0.57469294 | 0.53938356 | 0.55765436 | 0.58913609 | 0.55335853 | 0.55408134 | 0.55979321 | 0.01304401
Load 175 | 0.56359032 | 0.55234043 | 0.55663062 | 0.54912437 | 0.56717737 | 0.55007257 | 0.55868414 | 0.54529717 | 0.55069124 | 0.54923032 | 0.55445264 | 0.57609010 | 0.55725411 | 0.56107306 | 0.57440731 | 0.55242967 | 0.56011478 | 0.56518059 | 0.55462185 | 0.56924883 | 0.55838557 | 0.00843869
Load 176 | 0.56917336 | 0.56963438 | 0.56750572 | 0.56910809 | 0.56893593 | 0.54085059 | 0.56665707 | 0.55159635 | 0.56793249 | 0.57560568 | 0.57446198 | 0.58000566 | 0.57644110 | 0.54853273 | 0.57486034 | 0.55126343 | 0.55721955 | 0.56327684 | 0.55625000 | 0.56021536 | 0.56447633 | 0.01030627
Load 177 | 0.55377115 | 0.58068214 | 0.55790960 | 0.57837079 | 0.56097561 | 0.56617027 | 0.56366630 | 0.55491991 | 0.55438288 | 0.57761108 | 0.57173795 | 0.57687075 | 0.59626476 | 0.57530376 | 0.56350527 | 0.57066891 | 0.56556920 | 0.55239736 | 0.55466970 | 0.56414613 | 0.56697968 | 0.01114974
Load 178 | 0.55868545 | 0.58485273 | 0.56833150 | 0.56616052 | 0.56537911 | 0.55611111 | 0.56204786 | 0.57106527 | 0.54979850 | 0.58342792 | 0.56105057 | 0.59210163 | 0.55302391 | 0.57032755 | 0.55689801 | 0.58046302 | 0.56429392 | 0.57631430 | 0.55942681 | 0.57158713 | 0.56756734 | 0.01104440
Load 179 | 0.57285595 | 0.57978868 | 0.58193512 | 0.56905444 | 0.56260434 | 0.56309591 | 0.56034483 | 0.56343078 | 0.54617564 | 0.56431535 | 0.57490796 | 0.55191101 | 0.58974359 | 0.57093525 | 0.57631722 | 0.57203270 | 0.56753783 | 0.56427979 | 0.56777278 | 0.57778416 | 0.56884117 | 0.00987287
Load 180 | 0.58134370 | 0.57765205 | 0.57513096 | 0.58581363 | 0.57197908 | 0.56719260 | 0.57352941 | 0.56968011 | 0.56798867 | 0.57581627 | 0.58982118 | 0.57643909 | 0.57678522 | 0.58806978 | 0.58195108 | 0.56581532 | 0.56789445 | 0.57628047 | 0.57579004 | 0.58061032 | 0.57627917 | 0.00668775
Load 181 | 0.57753562 | 0.56834532 | 0.56129032 | 0.56993796 | 0.58005540 | 0.58224044 | 0.58463542 | 0.56263858 | 0.56162071 | 0.57442586 | 0.56968547 | 0.55435085 | 0.58351588 | 0.55828052 | 0.56284311 | 0.57409471 | 0.57847165 | 0.55379922 | 0.56530324 | 0.55899582 | 0.56910330 | 0.00958860
Load 182 | 0.55970755 | 0.58405405 | 0.58906379 | 0.60005394 | 0.59915164 | 0.56461453 | 0.59469697 | 0.58307990 | 0.56198347 | 0.57522837 | 0.56398892 | 0.56956275 | 0.55858837 | 0.56884876 | 0.59106901 | 0.57329624 | 0.57083564 | 0.56263920 | 0.57223476 | 0.54588041 | 0.57442891 | 0.01448021
Load 183 | 0.57131103 | 0.58917622 | 0.58839334 | 0.56950919 | 0.55059939 | 0.58439793 | 0.57453330 | 0.57597564 | 0.57220708 | 0.59654981 | 0.57012448 | 0.57044389 | 0.58367683 | 0.57321826 | 0.56429780 | 0.58174800 | 0.56981740 | 0.58599945 | 0.56165541 | 0.58431703 | 0.57589757 | 0.01063217
Load 184 | 0.56138912 | 0.58313058 | 0.56784314 | 0.57293400 | 0.57924837 | 0.57188669 | 0.57367985 | 0.58373333 | 0.57434794 | 0.60140998 | 0.57177748 | 0.59051153 | 0.58588298 | 0.56919206 | 0.60441056 | 0.57377934 | 0.58638184 | 0.60120186 | 0.56777067 | 0.57607248 | 0.57982919 | 0.01179667
Load 185 | 0.58607561 | 0.58613276 | 0.57989130 | 0.57808667 | 0.58177886 | 0.57452649 | 0.56804891 | 0.58600427 | 0.57261522 | 0.58916177 | 0.59384048 | 0.58869032 | 0.58723289 | 0.58600109 | 0.58844666 | 0.58270270 | 0.60140807 | 0.59145850 | 0.56826767 | 0.58572216 | 0.58380462 | 0.00816463
Load 186 | 0.59041278 | 0.59394904 | 0.58286328 | 0.58688178 | 0.57908847 | 0.58650241 | 0.59801877 | 0.58326918 | 0.60597899 | 0.60701848 | 0.58700322 | 0.60971745 | 0.59458735 | 0.58157016 | 0.59967932 | 0.57907743 | 0.58018114 | 0.60185923 | 0.58592297 | 0.59278491 | 0.59131832 | 0.00946521
Load 187 | 0.56618044 | 0.60270196 | 0.59454498 | 0.58155837 | 0.59973545 | 0.58299704 | 0.59177795 | 0.58478605 | 0.58893281 | 0.57829374 | 0.59040690 | 0.59639175 | 0.58909965 | 0.59161325 | 0.59631360 | 0.59811828 | 0.57964008 | 0.59062662 | 0.59225875 | 0.58283050 | 0.58894041 | 0.00844080
Load 188 | 0.57850590 | 0.60572805 | 0.59416019 | 0.59109839 | 0.59002695 | 0.58510352 | 0.60068984 | 0.58801598 | 0.60147407 | 0.60081855 | 0.59972752 | 0.59250462 | 0.57910130 | 0.59357870 | 0.58279743 | 0.60058078 | 0.57465698 | 0.58946242 | 0.58068854 | 0.60322495 | 0.59159723 | 0.00903181
Load 189 | 0.58422009 | 0.57677903 | 0.59316101 | 0.58715113 | 0.59339469 | 0.60197281 | 0.58534643 | 0.60065200 | 0.59321149 | 0.59686003 | 0.60513223 | 0.60523560 | 0.60032715 | 0.61211966 | 0.59381663 | 0.59888209 | 0.60697911 | 0.59835849 | 0.59453669 | 0.60817369 | 0.59681550 | 0.00867228
Load 190 | 0.59042269 | 0.60279757 | 0.56809651 | 0.59756098 | 0.59606815 | 0.56406761 | 0.59077810 | 0.59051955 | 0.58211727 | 0.58591331 | 0.58073956 | 0.61287028 | 0.59738903 | 0.60726598 | 0.58577298 | 0.60083486 | 0.59569441 | 0.60351153 | 0.59882792 | 0.60284435 | 0.59270463 | 0.01203804
Load 191 | 0.59713335 | 0.59541592 | 0.59773663 | 0.60432767 | 0.59011944 | 0.60364583 | 0.59168193 | 0.59228579 | 0.60096931 | 0.57755426 | 0.59841060 | 0.59577755 | 0.59943255 | 0.60662635 | 0.57433128 | 0.59567654 | 0.59643047 | 0.57858830 | 0.59258285 | 0.60196433 | 0.59453455 | 0.00857981
Load 192 | 0.60349633 | 0.60359635 | 0.62793572 | 0.58342189 | 0.60961343 | 0.60439560 | 0.58632434 | 0.59376679 | 0.59619507 | 0.58084938 | 0.59298701 | 0.59384942 | 0.59064935 | 0.59668790 | 0.60688357 | 0.59737249 | 0.60455228 | 0.59356189 | 0.59087374 | 0.59442005 | 0.59757163 | 0.01024109
Load 193 | 0.62478185 | 0.60421427 | 0.60866203 | 0.61375126 | 0.59232365 | 0.60176047 | 0.59624040 | 0.60518445 | 0.60389610 | 0.60891463 | 0.60989011 | 0.59725883 | 0.60862905 | 0.60387232 | 0.60000000 | 0.61265823 | 0.59711461 | 0.59690904 | 0.59448921 | 0.60527677 | 0.60429136 | 0.00760430
Load 194 | 0.59537422 | 0.59048578 | 0.60496381 | 0.59597003 | 0.61070984 | 0.59073158 | 0.60830785 | 0.60145304 | 0.59968144 | 0.60623881 | 0.59803922 | 0.60206986 | 0.60257400 | 0.59346272 | 0.61603053 | 0.61524778 | 0.58237448 | 0.59122158 | 0.60046973 | 0.60562647 | 0.60055164 | 0.00843811
Load 195 | 0.59763463 | 0.61395939 | 0.61075000 | 0.60846040 | 0.61664114 | 0.60654062 | 0.59491440 | 0.61869065 | 0.62084433 | 0.59660574 | 0.58236957 | 0.60332727 | 0.59046891 | 0.61626396 | 0.61095822 | 0.61487687 | 0.60437272 | 0.60770975 | 0.59825103 | 0.60131546 | 0.60574775 | 0.00992421
Load 196 | 0.60218330 | 0.59566228 | 0.60692308 | 0.60494142 | 0.60954064 | 0.61050495 | 0.61384381 | 0.60774194 | 0.63104787 | 0.60798362 | 0.60821918 | 0.61214122 | 0.61002349 | 0.60078125 | 0.60362430 | 0.62212570 | 0.60338983 | 0.61955420 | 0.61160601 | 0.59417676 | 0.60880074 | 0.00839267
Load 197 | 0.59828629 | 0.60875063 | 0.61597542 | 0.60509397 | 0.59701876 | 0.60248920 | 0.61517207 | 0.59984580 | 0.60054890 | 0.60682226 | 0.59354347 | 0.59470573 | 0.60340015 | 0.60970573 | 0.59990010 | 0.60532931 | 0.61430063 | 0.60964582 | 0.59874844 | 0.60077320 | 0.60400279 | 0.00646519
Load 198 | 0.59510595 | 0.60132890 | 0.61411526 | 0.59985041 | 0.62528854 | 0.60801839 | 0.60971129 | 0.59679878 | 0.61748775 | 0.60946746 | 0.60141988 | 0.61936602 | 0.61063994 | 0.60215606 | 0.58949221 | 0.61602629 | 0.61116700 | 0.60240964 | 0.58741081 | 0.62475538 | 0.60710080 | 0.01045076
Load 199 | 0.61257200 | 0.59297889 | 0.59759529 | 0.62918782 | 0.61180046 | 0.61687345 | 0.61701597 | 0.61913000 | 0.60985044 | 0.60317460 | 0.62427466 | 0.62302483 | 0.61990950 | 0.61225013 | 0.60859841 | 0.60996477 | 0.61524732 | 0.61844116 | 0.60009874 | 0.61708543 | 0.61295369 | 0.00894214
Load 200 | 0.62247909 | 0.60403841 | 0.59726708 | 0.59980407 | 0.60081260 | 0.59415502 | 0.59613919 | 0.61963037 | 0.62852068 | 0.62378017 | 0.60201511 | 0.61641127 | 0.61739568 | 0.60925000 | 0.60051480 | 0.62763225 | 0.60279441 | 0.61036373 | 0.61150725 | 0.58701232 | 0.60857618 | 0.01164860
