# Resultados para rota [0,12] (DE com fitness AGP)
# Formato: Load Probabilidade_Media Desvio_Padrao
1 0.000000 0.000000
2 0.000000 0.000000
3 0.000000 0.000000
4 0.000000 0.000000
5 0.000000 0.000000
6 0.000000 0.000000
7 0.000000 0.000000
8 0.000000 0.000000
9 0.000000 0.000000
10 0.000000 0.000000
11 0.000000 0.000000
12 0.000000 0.000000
13 0.000000 0.000000
14 0.000000 0.000000
15 0.000000 0.000000
16 0.000000 0.000000
17 0.000000 0.000000
18 0.000000 0.000000
19 0.000000 0.000000
20 0.000000 0.000000
21 0.000000 0.000000
22 0.000000 0.000000
23 0.000000 0.000000
24 0.000000 0.000000
25 0.000000 0.000000
26 0.000000 0.000000
27 0.000000 0.000000
28 0.000000 0.000000
29 0.000000 0.000000
30 0.000000 0.000000
31 0.000000 0.000000
32 0.000000 0.000000
33 0.000000 0.000000
34 0.000000 0.000000
35 0.000000 0.000000
36 0.000000 0.000000
37 0.000000 0.000000
38 0.000000 0.000000
39 0.000000 0.000000
40 0.000000 0.000000
41 0.000000 0.000000
42 0.000000 0.000000
43 0.000000 0.000000
44 0.000000 0.000000
45 0.000000 0.000000
46 0.000000 0.000000
47 0.000000 0.000000
48 0.000000 0.000000
49 0.000000 0.000000
50 0.000000 0.000000
51 0.001680 0.005300
52 0.006061 0.026418
53 0.000000 0.000000
54 0.001099 0.004790
55 0.000000 0.000000
56 0.000588 0.002564
57 0.001111 0.004843
58 0.008932 0.026930
59 0.001087 0.004738
60 0.001075 0.004687
61 0.000000 0.000000
62 0.006479 0.016445
63 0.017479 0.048041
64 0.010920 0.021470
65 0.010194 0.018243
66 0.011552 0.019418
67 0.018002 0.029354
68 0.011666 0.020226
69 0.007980 0.015861
70 0.031662 0.045992
71 0.021565 0.042004
72 0.030931 0.049045
73 0.036458 0.048668
74 0.024878 0.035843
75 0.034083 0.046196
76 0.027402 0.033674
77 0.050986 0.050039
78 0.034920 0.055736
79 0.037948 0.048237
80 0.055891 0.070436
81 0.058149 0.063035
82 0.072522 0.063443
83 0.059169 0.060782
84 0.068301 0.053787
85 0.060441 0.052357
86 0.097217 0.054614
87 0.116080 0.076147
88 0.075912 0.068771
89 0.087703 0.065863
90 0.106056 0.078247
91 0.109087 0.071471
92 0.145208 0.061869
93 0.109768 0.060579
94 0.130512 0.056371
95 0.128427 0.070048
96 0.127842 0.062718
97 0.123342 0.065828
98 0.124187 0.068303
99 0.104182 0.071536
100 0.148346 0.058310
101 0.115082 0.065937
102 0.143590 0.064735
103 0.158149 0.068047
104 0.146636 0.069265
105 0.151534 0.074597
106 0.145570 0.068041
107 0.138593 0.051651
108 0.151976 0.072728
109 0.157708 0.065861
110 0.193443 0.054929
111 0.138390 0.080735
112 0.173586 0.067904
113 0.179205 0.061338
114 0.188873 0.068917
115 0.158783 0.072595
116 0.200803 0.049417
117 0.166810 0.048679
118 0.178103 0.065665
119 0.223685 0.062179
120 0.206651 0.060794
121 0.183331 0.068132
122 0.230935 0.049103
123 0.209326 0.046930
124 0.223559 0.047893
125 0.225596 0.042584
126 0.214450 0.069013
127 0.235348 0.036336
128 0.222346 0.050403
129 0.231378 0.066122
130 0.222461 0.069021
131 0.220486 0.065161
132 0.238858 0.055179
133 0.207185 0.068289
134 0.210295 0.066885
135 0.252959 0.056049
136 0.230692 0.047977
137 0.256621 0.056088
138 0.268653 0.057073
139 0.259268 0.051163
140 0.246998 0.065140
141 0.240825 0.066294
142 0.250396 0.058835
143 0.255566 0.041834
144 0.261493 0.052153
145 0.280035 0.053031
146 0.286539 0.055622
147 0.267363 0.055893
148 0.264999 0.051012
149 0.282677 0.049730
150 0.294462 0.047869
151 0.264531 0.064429
152 0.294040 0.064483
153 0.277127 0.052337
154 0.295788 0.041184
155 0.299821 0.068041
156 0.283180 0.065017
157 0.266227 0.056531
158 0.284243 0.039144
159 0.285938 0.056338
160 0.293380 0.053927
161 0.292688 0.050181
162 0.294379 0.039530
163 0.311900 0.047425
164 0.310994 0.057333
165 0.312901 0.042884
166 0.305393 0.059084
167 0.297248 0.064494
168 0.309187 0.055395
169 0.294854 0.051299
170 0.299059 0.043662
171 0.296965 0.042940
172 0.297671 0.040119
173 0.316606 0.064744
174 0.291999 0.034019
175 0.321921 0.053028
176 0.302167 0.068375
177 0.327997 0.051196
178 0.319822 0.049064
179 0.317617 0.036060
180 0.325251 0.048180
181 0.318468 0.038593
182 0.331672 0.047009
183 0.321344 0.049537
184 0.325330 0.066339
185 0.330637 0.056586
186 0.324793 0.048660
187 0.314097 0.062394
188 0.324598 0.045220
189 0.342884 0.050025
190 0.347628 0.045270
191 0.332144 0.045639
192 0.351040 0.048330
193 0.344090 0.049553
194 0.347567 0.044224
195 0.344987 0.042259
196 0.356536 0.043064
197 0.361453 0.036227
198 0.348787 0.050885
199 0.331449 0.045288
200 0.350900 0.040141
201 0.332961 0.065873
202 0.363308 0.038671
203 0.343860 0.035680
204 0.339484 0.053708
205 0.362589 0.039017
206 0.340656 0.061188
207 0.370659 0.038963
208 0.369862 0.041867
209 0.368182 0.032469
210 0.359627 0.047016
211 0.382250 0.044102
212 0.368709 0.047836
213 0.366482 0.042002
214 0.373276 0.046292
215 0.382159 0.040536
216 0.376239 0.051491
217 0.369962 0.045660
218 0.359986 0.055928
219 0.370276 0.057098
220 0.383536 0.043308
221 0.396550 0.036748
222 0.379544 0.047864
223 0.369015 0.049854
224 0.387522 0.034577
225 0.380881 0.039875
226 0.383988 0.051867
227 0.391215 0.035317
228 0.381080 0.042016
229 0.377641 0.051911
230 0.391801 0.023062
231 0.380177 0.040587
232 0.401296 0.035620
233 0.377080 0.041018
234 0.388337 0.047991
235 0.381877 0.032332
236 0.371709 0.036613
237 0.394346 0.037283
238 0.385696 0.033731
239 0.381481 0.045724
240 0.398817 0.032206
241 0.381973 0.043997
242 0.389610 0.046266
243 0.402540 0.036614
244 0.394065 0.041739
245 0.397819 0.033626
246 0.393288 0.049497
247 0.393719 0.044526
248 0.387755 0.041343
249 0.393349 0.052085
250 0.400556 0.043486
251 0.403205 0.053079
252 0.413493 0.037843
253 0.421682 0.036713
254 0.404988 0.043073
255 0.414368 0.028786
256 0.408144 0.035106
257 0.409204 0.028855
258 0.410915 0.033451
259 0.417298 0.029960
260 0.417991 0.032809
261 0.410446 0.037859
262 0.424282 0.040749
263 0.407517 0.029864
264 0.413156 0.034962
265 0.407974 0.036571
266 0.416996 0.031726
267 0.417311 0.043602
268 0.416492 0.034715
269 0.409540 0.042571
270 0.430943 0.045265
271 0.399652 0.033378
272 0.418416 0.028267
273 0.416571 0.031886
274 0.415527 0.036715
275 0.416512 0.038053
276 0.413884 0.035507
277 0.432651 0.041032
278 0.419860 0.040992
279 0.425493 0.045848
280 0.413105 0.046297
281 0.408720 0.049357
282 0.438452 0.027701
283 0.429923 0.036693
284 0.415169 0.048017
285 0.419854 0.035356
286 0.438752 0.034520
287 0.438192 0.030465
288 0.426103 0.032615
289 0.434273 0.043481
290 0.430777 0.038832
291 0.446473 0.048928
292 0.436322 0.040893
293 0.432885 0.045978
294 0.422893 0.027267
295 0.434406 0.034659
296 0.437863 0.037476
297 0.440861 0.037308
298 0.436657 0.050994
299 0.437923 0.030491
300 0.445141 0.040284
301 0.440530 0.040835
302 0.440980 0.025198
303 0.439343 0.040718
304 0.441570 0.037071
305 0.446623 0.033810
306 0.434239 0.037339
307 0.438136 0.044259
308 0.438217 0.032388
309 0.441280 0.031096
310 0.449199 0.033321
311 0.435804 0.036713
312 0.445261 0.051838
313 0.444169 0.036625
314 0.441546 0.038882
315 0.446909 0.029920
316 0.442666 0.039481
317 0.444395 0.029757
318 0.445607 0.028146
319 0.436555 0.033408
320 0.438317 0.026912
321 0.435413 0.048900
322 0.439037 0.041934
323 0.445047 0.036887
324 0.445136 0.035822
325 0.453738 0.026692
326 0.425181 0.037532
327 0.465129 0.032968
328 0.452697 0.027198
329 0.442142 0.026506
330 0.446811 0.035346
331 0.458630 0.026879
332 0.445287 0.033173
333 0.459280 0.026807
334 0.458559 0.035196
335 0.459424 0.040383
336 0.449965 0.032221
337 0.446819 0.034657
338 0.463508 0.034093
339 0.449667 0.036365
340 0.455563 0.025272
341 0.465966 0.035621
342 0.464630 0.029473
343 0.458127 0.049391
344 0.451126 0.029732
345 0.454223 0.038802
346 0.458306 0.029908
347 0.473375 0.022770
348 0.452376 0.031860
349 0.465700 0.025597
350 0.469035 0.033410
351 0.461171 0.025393
352 0.455117 0.053277
353 0.459684 0.032845
354 0.461184 0.030079
355 0.455962 0.038242
356 0.454079 0.033806
357 0.460236 0.026840
358 0.453192 0.039885
359 0.460468 0.026874
360 0.456464 0.027616
361 0.462839 0.032934
362 0.469288 0.038308
363 0.459260 0.037780
364 0.469159 0.027599
365 0.467721 0.027053
366 0.475343 0.038781
367 0.460812 0.029445
368 0.466231 0.039278
369 0.474986 0.033554
370 0.470971 0.033602
371 0.469800 0.035079
372 0.466322 0.033703
373 0.459566 0.040153
374 0.459228 0.042329
375 0.477219 0.028874
376 0.458833 0.029015
377 0.479953 0.027490
378 0.471625 0.037401
379 0.469474 0.021664
380 0.471294 0.041415
381 0.470888 0.034351
382 0.462494 0.035481
383 0.465207 0.032639
384 0.463393 0.031276
385 0.473470 0.033555
386 0.464093 0.029358
387 0.482280 0.022961
388 0.480108 0.036329
389 0.479471 0.021150
390 0.489206 0.024575
391 0.476453 0.032587
392 0.460411 0.035573
393 0.476468 0.026383
394 0.467211 0.031384
395 0.469302 0.035241
396 0.464051 0.028643
397 0.474367 0.028572
398 0.480792 0.039150
399 0.491064 0.027454
400 0.473119 0.028619
