# Resultados para rota [2,6] (DE com fitness AGP)
# Formato: Load Probabilidade_Media Desvio_Padrao
1 0.000000 0.000000
2 0.000000 0.000000
3 0.000000 0.000000
4 0.000000 0.000000
5 0.000000 0.000000
6 0.000000 0.000000
7 0.000000 0.000000
8 0.000000 0.000000
9 0.000000 0.000000
10 0.000000 0.000000
11 0.000000 0.000000
12 0.000000 0.000000
13 0.000000 0.000000
14 0.000000 0.000000
15 0.005000 0.021794
16 0.000000 0.000000
17 0.005776 0.019635
18 0.002326 0.006977
19 0.020074 0.030824
20 0.017105 0.041421
21 0.052539 0.063728
22 0.044545 0.056848
23 0.035290 0.050912
24 0.051517 0.077846
25 0.083084 0.083878
26 0.063489 0.066887
27 0.084287 0.092503
28 0.121347 0.070665
29 0.085119 0.078161
30 0.075170 0.079205
31 0.097152 0.082108
32 0.134326 0.093069
33 0.155139 0.108130
34 0.161059 0.111312
35 0.162825 0.082150
36 0.120235 0.088068
37 0.197862 0.112639
38 0.219951 0.080035
39 0.195401 0.105011
40 0.220926 0.102391
41 0.181781 0.088635
42 0.214496 0.095327
43 0.240846 0.092252
44 0.248522 0.087282
45 0.254205 0.042962
46 0.268936 0.062247
47 0.275014 0.058609
48 0.239766 0.093824
49 0.305499 0.107139
50 0.293505 0.085614
51 0.282088 0.078329
52 0.318516 0.077248
53 0.302080 0.076314
54 0.318544 0.084357
55 0.320532 0.065462
56 0.309180 0.068441
57 0.321282 0.068344
58 0.297792 0.074368
59 0.328411 0.060311
60 0.351467 0.067134
61 0.346953 0.079587
62 0.362955 0.045823
63 0.345019 0.073370
64 0.366026 0.062602
65 0.367574 0.064171
66 0.368415 0.086354
67 0.355772 0.083078
68 0.369037 0.066353
69 0.400226 0.071793
70 0.376129 0.067925
71 0.377662 0.061596
72 0.379735 0.070714
73 0.380895 0.080625
74 0.402696 0.050937
75 0.420837 0.051407
76 0.419230 0.059546
77 0.407276 0.073191
78 0.420118 0.048985
79 0.413443 0.060465
80 0.432039 0.061796
81 0.410603 0.055431
82 0.434192 0.054918
83 0.437322 0.058695
84 0.453549 0.057553
85 0.444352 0.062977
86 0.421332 0.054241
87 0.446061 0.060635
88 0.455997 0.071919
89 0.449293 0.059241
90 0.436332 0.047978
91 0.453159 0.054944
92 0.441752 0.054569
93 0.441717 0.058751
94 0.461180 0.046443
95 0.463922 0.049762
96 0.457582 0.069070
97 0.476236 0.044618
98 0.474958 0.065638
99 0.476176 0.075101
100 0.471848 0.048179
101 0.473479 0.042954
102 0.502276 0.053953
103 0.460200 0.042139
104 0.477348 0.048649
105 0.473113 0.060142
106 0.481915 0.051205
107 0.522895 0.047150
108 0.484372 0.051027
109 0.503577 0.046253
110 0.489879 0.048523
111 0.500802 0.041801
112 0.491199 0.058281
113 0.503234 0.057660
114 0.508734 0.038894
115 0.502551 0.073152
116 0.518687 0.040740
117 0.509288 0.053061
118 0.503277 0.045738
119 0.502213 0.049090
120 0.493158 0.037321
121 0.507645 0.043048
122 0.504774 0.048370
123 0.518572 0.031864
124 0.528259 0.058447
125 0.517422 0.062160
126 0.529635 0.054676
127 0.526371 0.034003
128 0.528646 0.044032
129 0.513565 0.040322
130 0.549827 0.043440
131 0.521758 0.052455
132 0.521073 0.032467
133 0.527362 0.056881
134 0.515296 0.057098
135 0.527661 0.036884
136 0.523374 0.052810
137 0.534974 0.044736
138 0.517958 0.038152
139 0.539166 0.042506
140 0.550753 0.031840
141 0.529111 0.045552
142 0.538826 0.050724
143 0.558524 0.033327
144 0.543569 0.045250
145 0.540457 0.041747
146 0.552648 0.040869
147 0.535840 0.043632
148 0.552104 0.045538
149 0.540292 0.041288
150 0.545857 0.046830
151 0.549323 0.048396
152 0.544680 0.046228
153 0.567736 0.034096
154 0.559615 0.040038
155 0.572361 0.042559
156 0.559842 0.049083
157 0.559943 0.036836
158 0.570588 0.036028
159 0.540708 0.035222
160 0.557208 0.035961
161 0.558108 0.032204
162 0.563698 0.037537
163 0.567664 0.051500
164 0.563720 0.047435
165 0.575561 0.037392
166 0.574144 0.051584
167 0.588162 0.043030
168 0.563202 0.055035
169 0.581298 0.035869
170 0.578433 0.048166
171 0.569888 0.041825
172 0.579242 0.038282
173 0.563482 0.038990
174 0.584435 0.035291
175 0.579271 0.037227
176 0.579232 0.033776
177 0.586448 0.038050
178 0.574732 0.037501
179 0.573983 0.032764
180 0.578548 0.034206
181 0.577484 0.039952
182 0.566463 0.040643
183 0.592720 0.033583
184 0.574600 0.054899
185 0.582018 0.035227
186 0.587973 0.039543
187 0.593040 0.040212
188 0.584399 0.042188
189 0.594154 0.043419
190 0.592614 0.042840
191 0.589754 0.043226
192 0.584394 0.043105
193 0.594131 0.038947
194 0.584463 0.028660
195 0.588142 0.044341
196 0.600211 0.031972
197 0.575830 0.029523
198 0.580968 0.036545
199 0.607557 0.027592
200 0.589755 0.036726
201 0.596964 0.048328
202 0.606390 0.039180
203 0.601212 0.029153
204 0.597638 0.034721
205 0.595255 0.027402
206 0.608890 0.033007
207 0.606263 0.030499
208 0.587050 0.043535
209 0.595187 0.022953
210 0.608181 0.027678
211 0.596361 0.043202
212 0.603542 0.040778
213 0.600945 0.049706
214 0.592190 0.045274
215 0.606319 0.030357
216 0.605732 0.038532
217 0.607777 0.043177
218 0.610338 0.027845
219 0.599277 0.033313
220 0.617758 0.030824
221 0.606332 0.032696
222 0.608404 0.044544
223 0.609844 0.030239
224 0.602797 0.031896
225 0.614507 0.030901
226 0.605093 0.038216
227 0.596097 0.039216
228 0.612225 0.029958
229 0.624025 0.034512
230 0.613540 0.032866
231 0.600605 0.029718
232 0.604006 0.041380
233 0.606680 0.038282
234 0.613320 0.033550
235 0.624554 0.034266
236 0.609505 0.033249
237 0.612003 0.030111
238 0.615669 0.038293
239 0.604118 0.030829
240 0.619811 0.032783
241 0.608322 0.030909
242 0.622075 0.029122
243 0.605706 0.035361
244 0.613484 0.028431
245 0.602173 0.030160
246 0.623376 0.036550
247 0.620189 0.035267
248 0.619301 0.029005
249 0.623221 0.041040
250 0.634676 0.031579
251 0.625737 0.043084
252 0.631683 0.031225
253 0.626157 0.022844
254 0.619157 0.026486
255 0.631937 0.036662
256 0.615926 0.028381
257 0.620933 0.040195
258 0.621977 0.038609
259 0.620811 0.028317
260 0.604620 0.038870
261 0.622284 0.029945
262 0.616459 0.029317
263 0.632574 0.037082
264 0.623308 0.032643
265 0.619406 0.024310
266 0.614046 0.029056
267 0.629190 0.031502
268 0.625652 0.030462
269 0.650085 0.031757
270 0.637257 0.024273
271 0.626515 0.022840
272 0.633600 0.040886
273 0.625933 0.030315
274 0.622471 0.037540
275 0.642255 0.021164
276 0.640726 0.030196
277 0.630228 0.033545
278 0.635614 0.027691
279 0.624403 0.049371
280 0.637697 0.031814
281 0.637562 0.030174
282 0.637502 0.035451
283 0.631416 0.036976
284 0.615711 0.050196
285 0.634919 0.032857
286 0.629163 0.028025
287 0.638601 0.035136
288 0.633148 0.026512
289 0.622611 0.029061
290 0.633647 0.022358
291 0.628942 0.033028
292 0.634499 0.027179
293 0.628024 0.028141
294 0.645832 0.025913
295 0.635760 0.026808
296 0.634986 0.027035
297 0.640416 0.030584
298 0.641674 0.030469
299 0.637439 0.024737
300 0.644285 0.027255
301 0.647662 0.031065
302 0.639792 0.022516
303 0.649552 0.032356
304 0.638544 0.025975
305 0.641525 0.029516
306 0.646753 0.028204
307 0.650840 0.022786
308 0.645917 0.029455
309 0.643185 0.029034
310 0.637367 0.025523
311 0.654515 0.033839
312 0.648818 0.037276
313 0.652667 0.031811
314 0.652353 0.027907
315 0.651320 0.035675
316 0.639344 0.025982
317 0.646800 0.027488
318 0.649383 0.034958
319 0.655249 0.020208
320 0.653206 0.021129
321 0.652312 0.024774
322 0.654619 0.034050
323 0.650284 0.021803
324 0.644913 0.036291
325 0.638982 0.034216
326 0.646485 0.027194
327 0.647978 0.044340
328 0.650103 0.023894
329 0.642444 0.023953
330 0.637786 0.023385
331 0.650937 0.027108
332 0.659547 0.021713
333 0.647590 0.026518
334 0.632705 0.032686
335 0.649316 0.025129
336 0.652647 0.033724
337 0.658764 0.028455
338 0.651855 0.027121
339 0.649425 0.032717
340 0.654757 0.028219
341 0.654056 0.030665
342 0.651077 0.023570
343 0.654129 0.033314
344 0.666030 0.029321
345 0.655735 0.031421
346 0.651103 0.029652
347 0.663741 0.032270
348 0.657367 0.018367
349 0.660737 0.028834
350 0.645647 0.029107
351 0.643848 0.030010
352 0.655558 0.029480
353 0.653011 0.031111
354 0.655692 0.031609
355 0.658820 0.027361
356 0.670267 0.016687
357 0.655490 0.040125
358 0.660208 0.029718
359 0.648071 0.026323
360 0.642904 0.022482
361 0.651329 0.031975
362 0.654218 0.035357
363 0.653299 0.025497
364 0.654106 0.028371
365 0.670628 0.024297
366 0.653591 0.027521
367 0.658967 0.032118
368 0.659392 0.029592
369 0.666410 0.033528
370 0.652648 0.034432
371 0.659329 0.027794
372 0.656650 0.032346
373 0.662080 0.028069
374 0.661764 0.031283
375 0.658774 0.021169
376 0.650127 0.028452
377 0.649671 0.021241
378 0.660593 0.024538
379 0.660485 0.030117
380 0.664255 0.029010
381 0.665652 0.026630
382 0.652295 0.017932
383 0.663545 0.024097
384 0.658997 0.022547
385 0.659293 0.026787
386 0.660423 0.025831
387 0.658014 0.035262
388 0.646936 0.021921
389 0.656038 0.033564
390 0.668578 0.020802
391 0.661729 0.026452
392 0.667372 0.029849
393 0.657381 0.027970
394 0.663935 0.022652
395 0.672557 0.026948
396 0.674040 0.025415
397 0.668709 0.032726
398 0.663252 0.028927
399 0.663411 0.026538
400 0.670504 0.024967
