# Resultados para rota [3,8] (DE com fitness AGP)
# Formato: Load Probabilidade_Media Desvio_Padrao
1 0.000000 0.000000
2 0.000000 0.000000
3 0.000000 0.000000
4 0.000000 0.000000
5 0.000000 0.000000
6 0.000000 0.000000
7 0.000000 0.000000
8 0.000000 0.000000
9 0.000000 0.000000
10 0.000000 0.000000
11 0.000000 0.000000
12 0.000000 0.000000
13 0.000000 0.000000
14 0.003689 0.011688
15 0.011548 0.030228
16 0.002633 0.007903
17 0.018197 0.035781
18 0.026745 0.037767
19 0.057530 0.045769
20 0.053277 0.061173
21 0.087181 0.071146
22 0.126532 0.052629
23 0.106904 0.078429
24 0.124434 0.071236
25 0.137516 0.069728
26 0.125514 0.065524
27 0.187017 0.071542
28 0.195725 0.048922
29 0.201813 0.069583
30 0.226063 0.079394
31 0.236787 0.079161
32 0.237311 0.050647
33 0.290247 0.065143
34 0.261056 0.062793
35 0.287906 0.050167
36 0.313210 0.054242
37 0.312410 0.051201
38 0.315053 0.044834
39 0.328920 0.055297
40 0.316548 0.072957
41 0.341036 0.064792
42 0.329282 0.064795
43 0.350455 0.057139
44 0.356789 0.043867
45 0.365988 0.060512
46 0.370718 0.054552
47 0.354863 0.052010
48 0.408058 0.058991
49 0.401107 0.049825
50 0.395664 0.067152
51 0.411578 0.049140
52 0.411729 0.046356
53 0.445637 0.045378
54 0.417644 0.054259
55 0.442882 0.046553
56 0.466819 0.040621
57 0.458531 0.062609
58 0.455595 0.054525
59 0.473192 0.051135
60 0.461990 0.049633
61 0.476577 0.055888
62 0.472436 0.047033
63 0.478424 0.049868
64 0.490867 0.051638
65 0.484386 0.043003
66 0.499689 0.049159
67 0.501475 0.053473
68 0.512478 0.057957
69 0.517073 0.044505
70 0.514785 0.038892
71 0.514037 0.036740
72 0.523913 0.038528
73 0.511719 0.059384
74 0.526984 0.052974
75 0.530793 0.048369
76 0.559256 0.050762
77 0.540715 0.032233
78 0.566808 0.026633
79 0.576493 0.045636
80 0.560673 0.051761
81 0.561998 0.043729
82 0.536069 0.044915
83 0.558614 0.058855
84 0.570131 0.054971
85 0.588704 0.047204
86 0.574397 0.041891
87 0.576382 0.051603
88 0.568826 0.033032
89 0.582731 0.046541
90 0.599909 0.051727
91 0.591926 0.038772
92 0.594503 0.044910
93 0.603865 0.041692
94 0.589633 0.035868
95 0.593271 0.053434
96 0.606052 0.035205
97 0.578638 0.037557
98 0.603801 0.035630
99 0.608373 0.049414
100 0.602571 0.040393
101 0.605789 0.029017
102 0.613044 0.046093
103 0.623119 0.035843
104 0.629113 0.030280
105 0.627769 0.033726
106 0.624152 0.041638
107 0.623834 0.035646
108 0.617366 0.054993
109 0.643331 0.027770
110 0.624038 0.034638
111 0.645205 0.031442
112 0.640219 0.038078
113 0.644426 0.024862
114 0.642590 0.032100
115 0.651211 0.038830
116 0.637546 0.033921
117 0.656619 0.024809
118 0.646624 0.037562
119 0.647649 0.041200
120 0.660695 0.026435
121 0.644838 0.031099
122 0.663777 0.035247
123 0.653261 0.032004
124 0.650787 0.039593
125 0.659341 0.036254
126 0.660175 0.039679
127 0.665567 0.035089
128 0.651853 0.030397
129 0.660729 0.030762
130 0.655392 0.023046
131 0.671982 0.028334
132 0.665791 0.032604
133 0.686630 0.029349
134 0.673143 0.037209
135 0.674019 0.039123
136 0.691010 0.037768
137 0.683004 0.026859
138 0.681091 0.038283
139 0.672018 0.028549
140 0.679341 0.028313
141 0.679767 0.037210
142 0.683787 0.039851
143 0.687122 0.033920
144 0.696478 0.036940
145 0.684234 0.037862
146 0.682625 0.023229
147 0.689185 0.033351
148 0.686534 0.031672
149 0.689842 0.032604
150 0.690457 0.035637
151 0.708824 0.032399
152 0.697647 0.026990
153 0.694184 0.037699
154 0.712439 0.025853
155 0.692099 0.020730
156 0.686012 0.025953
157 0.710913 0.027074
158 0.687563 0.029067
159 0.716431 0.028637
160 0.705119 0.021889
161 0.702880 0.020668
162 0.701599 0.028438
163 0.701013 0.030410
164 0.698834 0.037253
165 0.693477 0.033284
166 0.708040 0.033568
167 0.708859 0.039990
168 0.709847 0.032650
169 0.700628 0.042616
170 0.697607 0.031225
171 0.708067 0.031349
172 0.720883 0.031314
173 0.707158 0.030789
174 0.719278 0.022637
175 0.709106 0.033818
176 0.729437 0.022993
177 0.709690 0.023644
178 0.717814 0.024589
179 0.732391 0.027740
180 0.714385 0.033961
181 0.702417 0.027854
182 0.722017 0.028294
183 0.718945 0.034287
184 0.733817 0.030267
185 0.728635 0.027935
186 0.727373 0.025366
187 0.729233 0.025633
188 0.731354 0.026754
189 0.724747 0.034361
190 0.724206 0.026191
191 0.723962 0.023466
192 0.732051 0.035661
193 0.733498 0.027830
194 0.731483 0.033295
195 0.721273 0.033076
196 0.721458 0.027276
197 0.739429 0.028545
198 0.732696 0.017180
199 0.736212 0.036948
200 0.726733 0.029016
201 0.732489 0.030317
202 0.730493 0.029818
203 0.731845 0.028581
204 0.734826 0.028099
205 0.737680 0.022376
206 0.740220 0.028025
207 0.732842 0.032839
208 0.742966 0.024161
209 0.737981 0.024337
210 0.735718 0.034109
211 0.739183 0.019102
212 0.738816 0.027015
213 0.737143 0.029317
214 0.737252 0.028696
215 0.739604 0.023053
216 0.745753 0.032264
217 0.746152 0.019267
218 0.730462 0.034256
219 0.750206 0.023634
220 0.735942 0.021964
221 0.737106 0.024032
222 0.745077 0.032195
223 0.748169 0.020482
224 0.736438 0.030549
225 0.756794 0.023253
226 0.761080 0.016065
227 0.748049 0.028612
228 0.749151 0.019581
229 0.752282 0.019559
230 0.743913 0.021375
231 0.755918 0.027904
232 0.764021 0.027797
233 0.758000 0.020975
234 0.752502 0.029243
235 0.749186 0.029045
236 0.750753 0.020788
237 0.757521 0.033655
238 0.746243 0.022811
239 0.752596 0.028150
240 0.753377 0.026881
241 0.758928 0.027977
242 0.752154 0.032350
243 0.767964 0.026720
244 0.758445 0.021653
245 0.763910 0.022118
246 0.765564 0.029099
247 0.759360 0.033015
248 0.763641 0.021236
249 0.756942 0.024778
250 0.749939 0.023713
251 0.766151 0.022881
252 0.764246 0.023099
253 0.761883 0.026060
254 0.754310 0.017494
255 0.757902 0.031722
256 0.760332 0.023626
257 0.750639 0.022702
258 0.762977 0.025212
259 0.764239 0.033926
260 0.760817 0.016120
261 0.753608 0.021926
262 0.771281 0.022228
263 0.754570 0.026017
264 0.759390 0.022498
265 0.763822 0.028649
266 0.777747 0.020276
267 0.771392 0.024673
268 0.767853 0.028283
269 0.755982 0.022310
270 0.763195 0.025972
271 0.778216 0.021085
272 0.762551 0.027071
273 0.767081 0.021098
274 0.770682 0.027407
275 0.770233 0.017868
276 0.765280 0.023779
277 0.762058 0.022056
278 0.775780 0.019531
279 0.764241 0.034114
280 0.771241 0.025606
281 0.776112 0.017283
282 0.770213 0.024862
283 0.776586 0.026786
284 0.774215 0.027106
285 0.775912 0.026608
286 0.766820 0.022576
287 0.767380 0.016482
288 0.772641 0.022245
289 0.775677 0.026882
290 0.773328 0.026685
291 0.777826 0.017741
292 0.779128 0.026447
293 0.771054 0.017740
294 0.769752 0.022028
295 0.776593 0.021430
296 0.775336 0.027868
297 0.783630 0.025819
298 0.775264 0.024360
299 0.775766 0.021315
300 0.771987 0.021611
301 0.777704 0.020387
302 0.769863 0.029409
303 0.772579 0.021799
304 0.776323 0.019530
305 0.780942 0.021855
306 0.778660 0.023427
307 0.771644 0.020597
308 0.779636 0.027858
309 0.774204 0.029219
310 0.796927 0.020716
311 0.778954 0.021291
312 0.779009 0.018942
313 0.778525 0.021330
314 0.774639 0.021535
315 0.782474 0.025089
316 0.785650 0.025259
317 0.779137 0.025541
318 0.779228 0.023574
319 0.780951 0.025711
320 0.778655 0.027574
321 0.790302 0.022395
322 0.782080 0.027382
323 0.779822 0.029124
324 0.781090 0.025900
325 0.783215 0.025256
326 0.792103 0.016727
327 0.792386 0.023939
328 0.785484 0.018224
329 0.787710 0.025511
330 0.780106 0.023518
331 0.789098 0.014875
332 0.782030 0.017083
333 0.781109 0.018825
334 0.789715 0.014541
335 0.776455 0.020794
336 0.792110 0.022925
337 0.782326 0.020363
338 0.784641 0.021684
339 0.782726 0.022769
340 0.781983 0.023777
341 0.780893 0.028934
342 0.788598 0.021325
343 0.785314 0.029836
344 0.793914 0.019869
345 0.798278 0.019748
346 0.787070 0.023896
347 0.776818 0.031337
348 0.791771 0.024635
349 0.783726 0.020494
350 0.787837 0.022161
351 0.786880 0.017264
352 0.784631 0.019545
353 0.791118 0.024970
354 0.793109 0.019246
355 0.793004 0.020654
356 0.790988 0.023119
357 0.783688 0.022537
358 0.790352 0.020975
359 0.791765 0.020471
360 0.794315 0.014662
361 0.798926 0.019573
362 0.797815 0.018764
363 0.795264 0.019243
364 0.791390 0.024790
365 0.788110 0.026178
366 0.790124 0.016779
367 0.791170 0.023435
368 0.797347 0.019426
369 0.784218 0.026061
370 0.794500 0.017837
371 0.794131 0.021185
372 0.807366 0.021298
373 0.785850 0.024315
374 0.798690 0.023325
375 0.790884 0.019227
376 0.804207 0.018554
377 0.803100 0.018388
378 0.803897 0.018596
379 0.800687 0.019741
380 0.786680 0.023135
381 0.793306 0.019780
382 0.808831 0.020223
383 0.801426 0.020635
384 0.810619 0.015132
385 0.801288 0.018526
386 0.801094 0.020781
387 0.805167 0.019546
388 0.797486 0.021314
389 0.788822 0.024788
390 0.791547 0.015529
391 0.797984 0.017699
392 0.804335 0.018949
393 0.784942 0.019338
394 0.795263 0.019178
395 0.804936 0.023322
396 0.801639 0.023633
397 0.793662 0.018459
398 0.788304 0.023546
399 0.799138 0.016000
400 0.806391 0.021823
