# Resultados para rota [5,10] (DE com fitness AGP)
# Formato: Load Probabilidade_Media Desvio_Padrao
1 0.000000 0.000000
2 0.000000 0.000000
3 0.000000 0.000000
4 0.000000 0.000000
5 0.000000 0.000000
6 0.000000 0.000000
7 0.000000 0.000000
8 0.000000 0.000000
9 0.000000 0.000000
10 0.000000 0.000000
11 0.000000 0.000000
12 0.000000 0.000000
13 0.000000 0.000000
14 0.002500 0.010897
15 0.006974 0.017691
16 0.005295 0.014017
17 0.010023 0.024373
18 0.004348 0.018952
19 0.001220 0.005316
20 0.034703 0.051811
21 0.016969 0.034277
22 0.021453 0.038861
23 0.037494 0.050779
24 0.056336 0.057845
25 0.053479 0.071973
26 0.090631 0.084464
27 0.058822 0.073828
28 0.055611 0.063320
29 0.128254 0.076685
30 0.102786 0.076160
31 0.119547 0.067283
32 0.155471 0.081175
33 0.122882 0.092560
34 0.154120 0.090164
35 0.146703 0.077201
36 0.202606 0.078156
37 0.161665 0.119928
38 0.169894 0.089450
39 0.208067 0.082348
40 0.186922 0.116764
41 0.247779 0.087125
42 0.241437 0.090321
43 0.214900 0.093222
44 0.254205 0.080372
45 0.242144 0.076302
46 0.254951 0.101330
47 0.276354 0.063384
48 0.292627 0.073571
49 0.276547 0.075900
50 0.283541 0.068952
51 0.288605 0.080679
52 0.280598 0.079637
53 0.265417 0.076781
54 0.288901 0.100928
55 0.306437 0.081561
56 0.310227 0.067077
57 0.318759 0.063523
58 0.337983 0.065312
59 0.330024 0.065578
60 0.326737 0.074538
61 0.348177 0.054572
62 0.352684 0.060459
63 0.362810 0.076440
64 0.337288 0.074088
65 0.353886 0.062232
66 0.358597 0.060233
67 0.379994 0.084732
68 0.393589 0.065585
69 0.368448 0.069776
70 0.397570 0.074913
71 0.396147 0.054332
72 0.393713 0.061608
73 0.418998 0.070915
74 0.424300 0.056407
75 0.410176 0.050353
76 0.409086 0.047248
77 0.394704 0.077188
78 0.402907 0.056756
79 0.403350 0.060223
80 0.403272 0.063435
81 0.441902 0.050210
82 0.400543 0.068220
83 0.443793 0.056005
84 0.417494 0.058043
85 0.441337 0.073088
86 0.452691 0.054172
87 0.426287 0.058446
88 0.440610 0.064124
89 0.440460 0.073558
90 0.455195 0.046528
91 0.456556 0.059647
92 0.458093 0.054783
93 0.459290 0.045836
94 0.455237 0.060018
95 0.468573 0.056457
96 0.459787 0.056653
97 0.481075 0.037548
98 0.490783 0.047395
99 0.461648 0.066183
100 0.473363 0.048421
101 0.480940 0.052443
102 0.455470 0.066953
103 0.495831 0.053189
104 0.478306 0.067630
105 0.491250 0.058514
106 0.490393 0.044589
107 0.479755 0.056352
108 0.501188 0.040120
109 0.488724 0.056829
110 0.498187 0.046718
111 0.499806 0.040930
112 0.510787 0.063117
113 0.493049 0.062242
114 0.491372 0.053422
115 0.498371 0.053931
116 0.480511 0.038097
117 0.516324 0.036172
118 0.510004 0.046074
119 0.512187 0.036635
120 0.526978 0.048427
121 0.527130 0.040430
122 0.511747 0.054657
123 0.501588 0.038729
124 0.517292 0.046776
125 0.519659 0.068855
126 0.536379 0.051733
127 0.508924 0.052970
128 0.516280 0.046582
129 0.536960 0.036394
130 0.508465 0.050386
131 0.533221 0.051057
132 0.532729 0.041084
133 0.538550 0.047495
134 0.551653 0.048822
135 0.528171 0.044993
136 0.541286 0.037619
137 0.539731 0.037659
138 0.540682 0.031639
139 0.549447 0.045895
140 0.556878 0.037916
141 0.555065 0.038376
142 0.551022 0.041596
143 0.541974 0.050045
144 0.552786 0.052824
145 0.561795 0.045469
146 0.521705 0.044491
147 0.560883 0.024506
148 0.562217 0.051926
149 0.555923 0.033481
150 0.558807 0.038812
151 0.569225 0.049840
152 0.568798 0.043254
153 0.543590 0.038582
154 0.574065 0.043235
155 0.541886 0.050611
156 0.557879 0.044757
157 0.563526 0.040194
158 0.551250 0.036755
159 0.571708 0.045784
160 0.567485 0.034379
161 0.562862 0.038956
162 0.556169 0.037250
163 0.553125 0.047076
164 0.564637 0.046993
165 0.559734 0.040561
166 0.569916 0.038902
167 0.556550 0.052060
168 0.563025 0.045476
169 0.568169 0.035439
170 0.570739 0.033666
171 0.586833 0.034052
172 0.575656 0.038539
173 0.581022 0.040599
174 0.575486 0.031500
175 0.572839 0.041888
176 0.583164 0.046087
177 0.580463 0.036977
178 0.585357 0.039318
179 0.586082 0.038786
180 0.584991 0.034543
181 0.591664 0.030081
182 0.590380 0.029648
183 0.580079 0.047527
184 0.576027 0.050997
185 0.578426 0.038046
186 0.590993 0.035938
187 0.582090 0.040757
188 0.580917 0.044508
189 0.584339 0.043896
190 0.590141 0.034299
191 0.591190 0.037332
192 0.584790 0.041937
193 0.589245 0.038218
194 0.585658 0.034965
195 0.597406 0.044818
196 0.567804 0.042176
197 0.600930 0.035406
198 0.595162 0.036902
199 0.608144 0.039235
200 0.609076 0.030553
201 0.588513 0.045127
202 0.587712 0.039393
203 0.600774 0.026880
204 0.603761 0.039387
205 0.600346 0.032281
206 0.588293 0.029339
207 0.594966 0.036172
208 0.611721 0.035541
209 0.590883 0.032583
210 0.592230 0.031118
211 0.604593 0.043601
212 0.593520 0.049097
213 0.599697 0.035539
214 0.622138 0.038283
215 0.598893 0.027053
216 0.607543 0.034239
217 0.590493 0.043326
218 0.596360 0.033204
219 0.614758 0.032163
220 0.596569 0.036699
221 0.598243 0.034644
222 0.609981 0.046133
223 0.606809 0.036322
224 0.612804 0.038409
225 0.614734 0.026490
226 0.609174 0.036307
227 0.615681 0.030523
228 0.606878 0.032379
229 0.598822 0.036901
230 0.606345 0.032324
231 0.608953 0.030941
232 0.595750 0.052179
233 0.623201 0.027652
234 0.621983 0.031912
235 0.626863 0.027211
236 0.622269 0.038802
237 0.618017 0.028658
238 0.628912 0.025815
239 0.627393 0.044679
240 0.609505 0.037542
241 0.616897 0.042551
242 0.613544 0.025308
243 0.611703 0.037675
244 0.614993 0.036485
245 0.637631 0.022502
246 0.619098 0.036554
247 0.614948 0.041474
248 0.619259 0.033063
249 0.624906 0.031838
250 0.618401 0.025448
251 0.612348 0.031123
252 0.612263 0.040208
253 0.621954 0.031272
254 0.626418 0.031890
255 0.616100 0.027865
256 0.620879 0.034810
257 0.608606 0.036525
258 0.627467 0.032861
259 0.621964 0.041362
260 0.639880 0.032108
261 0.637922 0.026466
262 0.629261 0.039626
263 0.633382 0.037498
264 0.617865 0.036245
265 0.633196 0.028138
266 0.640146 0.026750
267 0.633318 0.026118
268 0.641645 0.033058
269 0.621772 0.041194
270 0.616216 0.034089
271 0.641177 0.029762
272 0.630865 0.040787
273 0.641955 0.036064
274 0.630966 0.036903
275 0.623619 0.025143
276 0.624452 0.033990
277 0.623324 0.036333
278 0.638266 0.028159
279 0.637503 0.033228
280 0.638204 0.035574
281 0.635037 0.039175
282 0.633577 0.036139
283 0.632331 0.038564
284 0.647638 0.031755
285 0.640301 0.033058
286 0.632192 0.017682
287 0.634324 0.027972
288 0.651249 0.030952
289 0.634902 0.035335
290 0.634808 0.031275
291 0.632424 0.030250
292 0.645967 0.027810
293 0.654677 0.024476
294 0.642738 0.031527
295 0.633635 0.030193
296 0.629867 0.027329
297 0.633754 0.036895
298 0.637082 0.033404
299 0.640677 0.022118
300 0.633684 0.028716
301 0.627062 0.029501
302 0.651925 0.027033
303 0.628625 0.027835
304 0.638062 0.022845
305 0.652819 0.029255
306 0.646607 0.033396
307 0.653537 0.024959
308 0.644407 0.027068
309 0.635180 0.030943
310 0.647729 0.020734
311 0.634436 0.036796
312 0.637002 0.026191
313 0.634948 0.026125
314 0.640405 0.026472
315 0.637195 0.037994
316 0.655504 0.027475
317 0.644442 0.023100
318 0.643660 0.025093
319 0.640738 0.022411
320 0.640774 0.026387
321 0.650762 0.028419
322 0.647742 0.031050
323 0.655383 0.027711
324 0.653130 0.034618
325 0.648718 0.030223
326 0.653997 0.029695
327 0.657857 0.024794
328 0.647986 0.026468
329 0.661416 0.031451
330 0.655720 0.027504
331 0.638699 0.028635
332 0.657720 0.027906
333 0.649639 0.024468
334 0.658579 0.029613
335 0.647505 0.026706
336 0.655637 0.022380
337 0.647718 0.029306
338 0.642318 0.030046
339 0.651983 0.033249
340 0.650562 0.024794
341 0.655725 0.029029
342 0.648170 0.035411
343 0.658115 0.027962
344 0.647050 0.031672
345 0.642814 0.029150
346 0.653840 0.028856
347 0.647127 0.038100
348 0.656198 0.036146
349 0.648643 0.027723
350 0.659952 0.033880
351 0.657434 0.029903
352 0.659555 0.028056
353 0.658541 0.025805
354 0.661436 0.031296
355 0.658136 0.026875
356 0.647513 0.022249
357 0.658589 0.035813
358 0.649500 0.033002
359 0.658808 0.025809
360 0.665777 0.036131
361 0.662520 0.024698
362 0.659868 0.027105
363 0.652218 0.028108
364 0.662145 0.021746
365 0.643740 0.030910
366 0.665780 0.028606
367 0.655369 0.024851
368 0.651802 0.029527
369 0.651208 0.035196
370 0.663074 0.027072
371 0.661956 0.027832
372 0.661722 0.042391
373 0.655888 0.022551
374 0.660947 0.028366
375 0.655281 0.033143
376 0.672424 0.022858
377 0.655097 0.021857
378 0.667618 0.023748
379 0.657685 0.033180
380 0.658005 0.039823
381 0.665282 0.031503
382 0.668853 0.026850
383 0.661223 0.034062
384 0.669013 0.025701
385 0.652025 0.025009
386 0.662169 0.023557
387 0.669186 0.027505
388 0.668111 0.026196
389 0.656235 0.028596
390 0.642654 0.037014
391 0.662499 0.030115
392 0.661806 0.027841
393 0.655899 0.034315
394 0.673861 0.026617
395 0.659256 0.025779
396 0.662352 0.019186
397 0.664930 0.029361
398 0.663611 0.026057
399 0.656956 0.028427
400 0.663454 0.023355
