# Resultados para rota [4,11] (DE com fitness AGP)
# Formato: Load Probabilidade_Media Desvio_Padrao
1 0.000000 0.000000
2 0.000000 0.000000
3 0.000000 0.000000
4 0.000000 0.000000
5 0.000000 0.000000
6 0.000000 0.000000
7 0.000000 0.000000
8 0.000000 0.000000
9 0.000000 0.000000
10 0.000000 0.000000
11 0.000000 0.000000
12 0.005208 0.022703
13 0.001190 0.005189
14 0.003333 0.014530
15 0.011165 0.028604
16 0.018874 0.037945
17 0.020856 0.033188
18 0.017936 0.035209
19 0.036533 0.038305
20 0.048391 0.048623
21 0.077876 0.056429
22 0.094142 0.051199
23 0.099227 0.058855
24 0.119890 0.055504
25 0.144882 0.077789
26 0.153643 0.065648
27 0.149995 0.069994
28 0.187489 0.082672
29 0.197039 0.072384
30 0.210626 0.061834
31 0.248789 0.061043
32 0.214738 0.066516
33 0.242555 0.078278
34 0.264223 0.057826
35 0.295715 0.068292
36 0.283111 0.052706
37 0.308723 0.043424
38 0.314505 0.060134
39 0.305011 0.043131
40 0.335029 0.051957
41 0.357955 0.066031
42 0.338358 0.069550
43 0.376003 0.061926
44 0.351247 0.045222
45 0.370290 0.034197
46 0.367287 0.059213
47 0.384731 0.053467
48 0.393068 0.065482
49 0.394319 0.066592
50 0.416825 0.047140
51 0.419989 0.045672
52 0.422269 0.037824
53 0.422827 0.072132
54 0.439743 0.041121
55 0.461709 0.041278
56 0.441186 0.047402
57 0.472431 0.053339
58 0.474014 0.038163
59 0.473177 0.048814
60 0.475874 0.050018
61 0.470754 0.046461
62 0.493226 0.064457
63 0.501970 0.056578
64 0.488493 0.045700
65 0.511548 0.051720
66 0.499131 0.037621
67 0.505431 0.049997
68 0.514225 0.034348
69 0.518544 0.043280
70 0.503656 0.045872
71 0.534248 0.033047
72 0.536726 0.046156
73 0.541684 0.038894
74 0.536204 0.039256
75 0.541847 0.041039
76 0.529384 0.040174
77 0.553840 0.049321
78 0.543019 0.049016
79 0.558734 0.040965
80 0.569203 0.044973
81 0.561748 0.037071
82 0.583100 0.038566
83 0.551970 0.051274
84 0.571092 0.035622
85 0.552590 0.037126
86 0.578284 0.032268
87 0.572121 0.047043
88 0.586400 0.048861
89 0.585440 0.044743
90 0.581951 0.038777
91 0.583907 0.038264
92 0.588670 0.043804
93 0.596223 0.037660
94 0.595638 0.037907
95 0.599950 0.035847
96 0.611251 0.035840
97 0.615529 0.039954
98 0.593742 0.038406
99 0.628045 0.039660
100 0.614769 0.040631
101 0.606609 0.037382
102 0.620949 0.043364
103 0.605801 0.051187
104 0.634862 0.038954
105 0.615968 0.037143
106 0.624179 0.032469
107 0.636466 0.034390
108 0.633192 0.035416
109 0.634920 0.039089
110 0.635903 0.036392
111 0.639351 0.027883
112 0.641239 0.040305
113 0.635553 0.027712
114 0.627274 0.029764
115 0.629577 0.032406
116 0.647772 0.029564
117 0.637233 0.044430
118 0.656852 0.035247
119 0.647443 0.039407
120 0.649154 0.040817
121 0.652258 0.038983
122 0.640319 0.029401
123 0.664281 0.035754
124 0.663904 0.039191
125 0.649093 0.039393
126 0.655806 0.040549
127 0.657568 0.028620
128 0.669695 0.032505
129 0.655879 0.027584
130 0.670443 0.033977
131 0.673415 0.030361
132 0.660154 0.028374
133 0.672590 0.028513
134 0.669529 0.041153
135 0.666573 0.038067
136 0.671898 0.028937
137 0.669684 0.034930
138 0.670716 0.030429
139 0.668241 0.025920
140 0.661235 0.030460
141 0.677310 0.034936
142 0.684459 0.036695
143 0.678386 0.029853
144 0.667967 0.029253
145 0.670948 0.031273
146 0.693080 0.036379
147 0.686069 0.034393
148 0.692367 0.038156
149 0.686675 0.029982
150 0.684836 0.037011
151 0.677400 0.025741
152 0.685472 0.031667
153 0.690382 0.036429
154 0.685859 0.033309
155 0.689336 0.032532
156 0.705858 0.030773
157 0.696901 0.026356
158 0.711434 0.035323
159 0.694780 0.031825
160 0.696455 0.031583
161 0.700830 0.033657
162 0.707409 0.026960
163 0.699399 0.028149
164 0.688352 0.024802
165 0.700457 0.031017
166 0.698507 0.029531
167 0.719967 0.037311
168 0.712535 0.026661
169 0.717032 0.027412
170 0.719045 0.026912
171 0.712615 0.030144
172 0.704565 0.033927
173 0.721134 0.027428
174 0.713498 0.025752
175 0.715931 0.032028
176 0.707532 0.024378
177 0.721143 0.027829
178 0.704267 0.023727
179 0.713384 0.040737
180 0.717497 0.036433
181 0.728282 0.026584
182 0.720638 0.028853
183 0.712893 0.028161
184 0.718485 0.030929
185 0.725474 0.028052
186 0.733637 0.016369
187 0.725776 0.023553
188 0.724696 0.027918
189 0.723624 0.033885
190 0.720170 0.023886
191 0.728718 0.027458
192 0.725371 0.034742
193 0.718829 0.024682
194 0.735914 0.022853
195 0.736571 0.031799
196 0.736459 0.027531
197 0.718386 0.031864
198 0.732115 0.027827
199 0.726824 0.025537
200 0.732391 0.026611
201 0.733905 0.035472
202 0.734741 0.034217
203 0.739018 0.027259
204 0.735986 0.031773
205 0.737544 0.030846
206 0.736805 0.031352
207 0.731592 0.027917
208 0.736364 0.026175
209 0.735925 0.027662
210 0.744501 0.030399
211 0.739140 0.030822
212 0.741834 0.027972
213 0.742272 0.024371
214 0.744620 0.027479
215 0.746562 0.029107
216 0.736151 0.027707
217 0.744536 0.019340
218 0.764836 0.029946
219 0.740397 0.027415
220 0.742821 0.029442
221 0.748912 0.030783
222 0.744879 0.034245
223 0.753596 0.028978
224 0.752340 0.032096
225 0.744437 0.017781
226 0.753339 0.024297
227 0.753410 0.028579
228 0.748039 0.021501
229 0.750119 0.025784
230 0.748691 0.018882
231 0.749512 0.031129
232 0.744901 0.029101
233 0.754109 0.028153
234 0.745246 0.021119
235 0.747386 0.022292
236 0.751519 0.019283
237 0.756556 0.026206
238 0.754305 0.021454
239 0.750272 0.027770
240 0.749762 0.021930
241 0.754809 0.024751
242 0.753283 0.021917
243 0.744673 0.028141
244 0.758578 0.027329
245 0.744857 0.027363
246 0.755047 0.018872
247 0.757647 0.028851
248 0.750163 0.026707
249 0.758754 0.028162
250 0.762974 0.021961
251 0.765702 0.025505
252 0.766120 0.024376
253 0.759599 0.029680
254 0.774063 0.023157
255 0.760992 0.025820
256 0.755301 0.029344
257 0.776172 0.025209
258 0.760513 0.031268
259 0.766898 0.032801
260 0.762112 0.018598
261 0.762581 0.025087
262 0.751711 0.026256
263 0.764857 0.021422
264 0.771257 0.018102
265 0.769063 0.023384
266 0.754468 0.025103
267 0.764857 0.023642
268 0.762711 0.023978
269 0.771558 0.015720
270 0.774147 0.022684
271 0.763764 0.027572
272 0.770337 0.022400
273 0.770008 0.020247
274 0.765927 0.015972
275 0.772824 0.021537
276 0.771402 0.020303
277 0.774293 0.021249
278 0.768276 0.024078
279 0.778137 0.024189
280 0.767968 0.024863
281 0.770169 0.026798
282 0.773952 0.021328
283 0.768102 0.025399
284 0.761955 0.021873
285 0.768179 0.027900
286 0.772743 0.020296
287 0.775817 0.030294
288 0.777436 0.018462
289 0.773948 0.018368
290 0.775252 0.027892
291 0.768211 0.027211
292 0.762786 0.021263
293 0.771568 0.017075
294 0.775633 0.019176
295 0.770828 0.025467
296 0.772224 0.028858
297 0.770966 0.023831
298 0.771067 0.019281
299 0.780585 0.023224
300 0.778698 0.022765
301 0.777387 0.024267
302 0.780088 0.027083
303 0.781549 0.017286
304 0.778251 0.018723
305 0.774018 0.015585
306 0.777350 0.018556
307 0.782197 0.025122
308 0.779864 0.019343
309 0.777725 0.019760
310 0.777081 0.018608
311 0.784179 0.025745
312 0.783997 0.015080
313 0.785311 0.027783
314 0.782181 0.020307
315 0.780679 0.023229
316 0.780342 0.019673
317 0.782713 0.019490
318 0.781009 0.028433
319 0.795905 0.019387
320 0.783208 0.020180
321 0.777555 0.023680
322 0.778782 0.027420
323 0.781948 0.016990
324 0.781246 0.020128
325 0.786445 0.025494
326 0.781202 0.024810
327 0.776532 0.022317
328 0.790497 0.020146
329 0.781975 0.027944
330 0.788312 0.018586
331 0.788335 0.016426
332 0.783255 0.017279
333 0.775823 0.017413
334 0.785076 0.017100
335 0.792202 0.020301
336 0.786636 0.024427
337 0.793502 0.021818
338 0.784833 0.028052
339 0.790487 0.021279
340 0.788417 0.023170
341 0.789816 0.018766
342 0.784404 0.023570
343 0.782241 0.021896
344 0.788053 0.017712
345 0.786334 0.020924
346 0.788462 0.029599
347 0.789339 0.026496
348 0.784716 0.022941
349 0.789950 0.020482
350 0.793800 0.025471
351 0.793082 0.015338
352 0.795624 0.018372
353 0.797968 0.024760
354 0.782027 0.012610
355 0.789132 0.014833
356 0.794697 0.024710
357 0.789755 0.024685
358 0.792529 0.018247
359 0.793938 0.016792
360 0.786773 0.017702
361 0.784165 0.028329
362 0.785194 0.019180
363 0.785684 0.022714
364 0.793370 0.028224
365 0.795534 0.019142
366 0.790645 0.018870
367 0.794793 0.020647
368 0.787251 0.020441
369 0.799102 0.023881
370 0.787579 0.018695
371 0.790156 0.025724
372 0.790966 0.029206
373 0.801752 0.025901
374 0.794231 0.018724
375 0.802444 0.017259
376 0.787322 0.015812
377 0.790630 0.019212
378 0.795645 0.023271
379 0.795517 0.026527
380 0.801940 0.019009
381 0.799541 0.015745
382 0.792135 0.016722
383 0.800866 0.019745
384 0.789285 0.019855
385 0.801470 0.023895
386 0.801341 0.022954
387 0.796497 0.023288
388 0.796116 0.015929
389 0.799282 0.021269
390 0.804484 0.020376
391 0.805655 0.023379
392 0.797701 0.023589
393 0.806610 0.020586
394 0.798182 0.022082
395 0.799218 0.018003
396 0.805358 0.016914
397 0.803253 0.014188
398 0.807858 0.019962
399 0.795900 0.017226
400 0.799308 0.018841
