# MÉDIAS E ESTATÍSTICAS
# Requisição 4: [1,4]
# Modo: CONJUNTO
# ============================================================
# Load | Média | DesvioPadrão | Mínimo | Máximo | IC 95% (inferior) | IC 95% (superior)
# ============================================================
   1 | 0.00000000 | 0.00000000 | 0.00000000 | 0.00000000 | 0.00000000 | 0.00000000
   2 | 0.00000000 | 0.00000000 | 0.00000000 | 0.00000000 | 0.00000000 | 0.00000000
   3 | 0.00000000 | 0.00000000 | 0.00000000 | 0.00000000 | 0.00000000 | 0.00000000
   4 | 0.00000000 | 0.00000000 | 0.00000000 | 0.00000000 | 0.00000000 | 0.00000000
   5 | 0.00000000 | 0.00000000 | 0.00000000 | 0.00000000 | 0.00000000 | 0.00000000
   6 | 0.00000000 | 0.00000000 | 0.00000000 | 0.00000000 | 0.00000000 | 0.00000000
   7 | 0.00000000 | 0.00000000 | 0.00000000 | 0.00000000 | 0.00000000 | 0.00000000
   8 | 0.00000000 | 0.00000000 | 0.00000000 | 0.00000000 | 0.00000000 | 0.00000000
   9 | 0.00000000 | 0.00000000 | 0.00000000 | 0.00000000 | 0.00000000 | 0.00000000
  10 | 0.00000000 | 0.00000000 | 0.00000000 | 0.00000000 | 0.00000000 | 0.00000000
  11 | 0.00000000 | 0.00000000 | 0.00000000 | 0.00000000 | 0.00000000 | 0.00000000
  12 | 0.00000000 | 0.00000000 | 0.00000000 | 0.00000000 | 0.00000000 | 0.00000000
  13 | 0.00000000 | 0.00000000 | 0.00000000 | 0.00000000 | 0.00000000 | 0.00000000
  14 | 0.00000000 | 0.00000000 | 0.00000000 | 0.00000000 | 0.00000000 | 0.00000000
  15 | 0.00000000 | 0.00000000 | 0.00000000 | 0.00000000 | 0.00000000 | 0.00000000
  16 | 0.00000000 | 0.00000000 | 0.00000000 | 0.00000000 | 0.00000000 | 0.00000000
  17 | 0.00000000 | 0.00000000 | 0.00000000 | 0.00000000 | 0.00000000 | 0.00000000
  18 | 0.00000000 | 0.00000000 | 0.00000000 | 0.00000000 | 0.00000000 | 0.00000000
  19 | 0.00000000 | 0.00000000 | 0.00000000 | 0.00000000 | 0.00000000 | 0.00000000
  20 | 0.00000000 | 0.00000000 | 0.00000000 | 0.00000000 | 0.00000000 | 0.00000000
  21 | 0.00000000 | 0.00000000 | 0.00000000 | 0.00000000 | 0.00000000 | 0.00000000
  22 | 0.00000000 | 0.00000000 | 0.00000000 | 0.00000000 | 0.00000000 | 0.00000000
  23 | 0.00000000 | 0.00000000 | 0.00000000 | 0.00000000 | 0.00000000 | 0.00000000
  24 | 0.00000000 | 0.00000000 | 0.00000000 | 0.00000000 | 0.00000000 | 0.00000000
  25 | 0.00000000 | 0.00000000 | 0.00000000 | 0.00000000 | 0.00000000 | 0.00000000
  26 | 0.00000000 | 0.00000000 | 0.00000000 | 0.00000000 | 0.00000000 | 0.00000000
  27 | 0.00000000 | 0.00000000 | 0.00000000 | 0.00000000 | 0.00000000 | 0.00000000
  28 | 0.00000000 | 0.00000000 | 0.00000000 | 0.00000000 | 0.00000000 | 0.00000000
  29 | 0.00000000 | 0.00000000 | 0.00000000 | 0.00000000 | 0.00000000 | 0.00000000
  30 | 0.00000000 | 0.00000000 | 0.00000000 | 0.00000000 | 0.00000000 | 0.00000000
  31 | 0.00000000 | 0.00000000 | 0.00000000 | 0.00000000 | 0.00000000 | 0.00000000
  32 | 0.00000000 | 0.00000000 | 0.00000000 | 0.00000000 | 0.00000000 | 0.00000000
  33 | 0.00000000 | 0.00000000 | 0.00000000 | 0.00000000 | 0.00000000 | 0.00000000
  34 | 0.00000000 | 0.00000000 | 0.00000000 | 0.00000000 | 0.00000000 | 0.00000000
  35 | 0.00000000 | 0.00000000 | 0.00000000 | 0.00000000 | 0.00000000 | 0.00000000
  36 | 0.00000000 | 0.00000000 | 0.00000000 | 0.00000000 | 0.00000000 | 0.00000000
  37 | 0.00000000 | 0.00000000 | 0.00000000 | 0.00000000 | 0.00000000 | 0.00000000
  38 | 0.00000000 | 0.00000000 | 0.00000000 | 0.00000000 | 0.00000000 | 0.00000000
  39 | 0.00000000 | 0.00000000 | 0.00000000 | 0.00000000 | 0.00000000 | 0.00000000
  40 | 0.00000000 | 0.00000000 | 0.00000000 | 0.00000000 | 0.00000000 | 0.00000000
  41 | 0.00000000 | 0.00000000 | 0.00000000 | 0.00000000 | 0.00000000 | 0.00000000
  42 | 0.00000000 | 0.00000000 | 0.00000000 | 0.00000000 | 0.00000000 | 0.00000000
  43 | 0.00000000 | 0.00000000 | 0.00000000 | 0.00000000 | 0.00000000 | 0.00000000
  44 | 0.00000000 | 0.00000000 | 0.00000000 | 0.00000000 | 0.00000000 | 0.00000000
  45 | 0.00005464 | 0.00023819 | 0.00000000 | 0.00109290 | -0.00005646 | 0.00016575
  46 | 0.00005371 | 0.00023410 | 0.00000000 | 0.00107411 | -0.00005549 | 0.00016290
  47 | 0.00015791 | 0.00050051 | 0.00000000 | 0.00208986 | -0.00007555 | 0.00039137
  48 | 0.00000000 | 0.00000000 | 0.00000000 | 0.00000000 | 0.00000000 | 0.00000000
  49 | 0.00090307 | 0.00172508 | 0.00000000 | 0.00697211 | 0.00009841 | 0.00170772
  50 | 0.00039530 | 0.00095184 | 0.00000000 | 0.00391773 | -0.00004868 | 0.00083928
  51 | 0.00102260 | 0.00112954 | 0.00000000 | 0.00293542 | 0.00049573 | 0.00154946
  52 | 0.00090436 | 0.00109335 | 0.00000000 | 0.00367985 | 0.00039438 | 0.00141435
  53 | 0.00113774 | 0.00138746 | 0.00000000 | 0.00462963 | 0.00049057 | 0.00178492
  54 | 0.00177466 | 0.00172755 | 0.00000000 | 0.00625559 | 0.00096886 | 0.00258047
  55 | 0.00190373 | 0.00163703 | 0.00000000 | 0.00527241 | 0.00114015 | 0.00266732
  56 | 0.00201312 | 0.00229834 | 0.00000000 | 0.00731261 | 0.00094108 | 0.00308517
  57 | 0.00250440 | 0.00209601 | 0.00000000 | 0.00626118 | 0.00152673 | 0.00348207
  58 | 0.00309212 | 0.00227357 | 0.00000000 | 0.00686695 | 0.00203163 | 0.00415262
  59 | 0.00448730 | 0.00402775 | 0.00000000 | 0.01681416 | 0.00260858 | 0.00636602
  60 | 0.00600875 | 0.00344724 | 0.00079051 | 0.01736973 | 0.00440081 | 0.00761669
  61 | 0.00782578 | 0.00427056 | 0.00162602 | 0.01859337 | 0.00583380 | 0.00981775
  62 | 0.00753408 | 0.00502314 | 0.00243704 | 0.02034174 | 0.00519107 | 0.00987710
  63 | 0.01085012 | 0.00435196 | 0.00157604 | 0.02012882 | 0.00882017 | 0.01288006
  64 | 0.01006528 | 0.00653739 | 0.00157978 | 0.03088803 | 0.00701596 | 0.01311461
  65 | 0.01041232 | 0.00542451 | 0.00308166 | 0.02301411 | 0.00788210 | 0.01294255
  66 | 0.01636024 | 0.00591565 | 0.00615385 | 0.03021583 | 0.01360092 | 0.01911956
  67 | 0.01761307 | 0.00693714 | 0.00674663 | 0.03230543 | 0.01437729 | 0.02084886
  68 | 0.02061738 | 0.00908022 | 0.00372024 | 0.04267844 | 0.01638197 | 0.02485280
  69 | 0.02378310 | 0.00636877 | 0.01287554 | 0.03581871 | 0.02081243 | 0.02675377
  70 | 0.02383463 | 0.00878858 | 0.00736377 | 0.04294918 | 0.01973525 | 0.02793401
  71 | 0.02711125 | 0.01128877 | 0.01337087 | 0.05442177 | 0.02184568 | 0.03237683
  72 | 0.03006677 | 0.00731559 | 0.01788171 | 0.04383562 | 0.02665446 | 0.03347908
  73 | 0.03156991 | 0.00793616 | 0.01864641 | 0.05017422 | 0.02786814 | 0.03527168
  74 | 0.03831502 | 0.00779072 | 0.02766252 | 0.05469278 | 0.03468109 | 0.04194895
  75 | 0.04445628 | 0.01052693 | 0.02989130 | 0.07425068 | 0.03954606 | 0.04936651
  76 | 0.04573683 | 0.01664846 | 0.02388852 | 0.08156712 | 0.03797125 | 0.05350240
  77 | 0.05450584 | 0.01179119 | 0.03803596 | 0.08946701 | 0.04900591 | 0.06000577
  78 | 0.05287503 | 0.01197577 | 0.03139013 | 0.07351154 | 0.04728901 | 0.05846105
  79 | 0.06402041 | 0.01134986 | 0.04110429 | 0.08206107 | 0.05872634 | 0.06931448
  80 | 0.06353183 | 0.01228526 | 0.04661280 | 0.09615385 | 0.05780145 | 0.06926222
  81 | 0.07341287 | 0.01313354 | 0.05200501 | 0.10545024 | 0.06728681 | 0.07953893
  82 | 0.07414325 | 0.01354730 | 0.05360334 | 0.10362998 | 0.06782420 | 0.08046230
  83 | 0.07886186 | 0.01219368 | 0.04750000 | 0.10029674 | 0.07317420 | 0.08454953
  84 | 0.08236765 | 0.01192384 | 0.04243192 | 0.10040627 | 0.07680585 | 0.08792945
  85 | 0.09528450 | 0.01341988 | 0.06290417 | 0.11641791 | 0.08902488 | 0.10154412
  86 | 0.09674693 | 0.01368367 | 0.07751479 | 0.13172338 | 0.09036427 | 0.10312959
  87 | 0.10100612 | 0.01542218 | 0.06695332 | 0.12773109 | 0.09381254 | 0.10819970
  88 | 0.10987758 | 0.01304431 | 0.08431604 | 0.13742531 | 0.10379314 | 0.11596202
  89 | 0.11147079 | 0.02105587 | 0.07302709 | 0.17574786 | 0.10164941 | 0.12129216
  90 | 0.11853236 | 0.01592474 | 0.08427602 | 0.13885778 | 0.11110436 | 0.12596035
  91 | 0.12436093 | 0.01565793 | 0.10348584 | 0.15904366 | 0.11705738 | 0.13166447
  92 | 0.12845725 | 0.01812752 | 0.08555556 | 0.15050167 | 0.12000178 | 0.13691272
  93 | 0.13995954 | 0.02022510 | 0.10650224 | 0.18114407 | 0.13052567 | 0.14939341
  94 | 0.14611971 | 0.01706417 | 0.11819681 | 0.18883672 | 0.13816024 | 0.15407919
  95 | 0.14625214 | 0.01724496 | 0.11542497 | 0.18920258 | 0.13820833 | 0.15429594
  96 | 0.15730866 | 0.02045760 | 0.11256281 | 0.18369401 | 0.14776634 | 0.16685098
  97 | 0.16306153 | 0.01612644 | 0.14086770 | 0.19489796 | 0.15553945 | 0.17058360
  98 | 0.16848231 | 0.01562690 | 0.13913497 | 0.19898990 | 0.16119324 | 0.17577138
  99 | 0.18012696 | 0.01551474 | 0.14799375 | 0.20148883 | 0.17289021 | 0.18736372
 100 | 0.18256320 | 0.01187808 | 0.16742310 | 0.21305842 | 0.17702275 | 0.18810366
 101 | 0.18635812 | 0.01790292 | 0.13680449 | 0.21117099 | 0.17800742 | 0.19470883
 102 | 0.20248648 | 0.01766809 | 0.17027559 | 0.23816156 | 0.19424531 | 0.21072765
 103 | 0.19792088 | 0.02126145 | 0.16299137 | 0.24225083 | 0.18800360 | 0.20783815
 104 | 0.20784141 | 0.01658369 | 0.17638266 | 0.24350649 | 0.20010606 | 0.21557677
 105 | 0.21506490 | 0.01806738 | 0.18496828 | 0.25897319 | 0.20663749 | 0.22349232
 106 | 0.22105542 | 0.01784955 | 0.18074656 | 0.24954128 | 0.21272961 | 0.22938123
 107 | 0.22255933 | 0.01363875 | 0.19566265 | 0.24790308 | 0.21619762 | 0.22892104
 108 | 0.23162366 | 0.01825984 | 0.19362400 | 0.26789734 | 0.22310647 | 0.24014085
 109 | 0.23481224 | 0.01506449 | 0.20734542 | 0.25339168 | 0.22778550 | 0.24183897
 110 | 0.24263310 | 0.01828475 | 0.20000000 | 0.27085162 | 0.23410430 | 0.25116191
 111 | 0.24768191 | 0.01291546 | 0.22154567 | 0.26947180 | 0.24165757 | 0.25370625
 112 | 0.25200282 | 0.01289614 | 0.22500000 | 0.27762923 | 0.24598749 | 0.25801814
 113 | 0.26275896 | 0.02009691 | 0.20994475 | 0.28978300 | 0.25338488 | 0.27213304
 114 | 0.26230495 | 0.01518919 | 0.23809524 | 0.30860404 | 0.25522004 | 0.26938985
 115 | 0.26654529 | 0.01717381 | 0.24553571 | 0.30101180 | 0.25853467 | 0.27455591
 116 | 0.27715722 | 0.01798340 | 0.24585016 | 0.31180496 | 0.26876897 | 0.28554547
 117 | 0.28723721 | 0.01913308 | 0.25622318 | 0.32453483 | 0.27831271 | 0.29616172
 118 | 0.28846026 | 0.01471535 | 0.26709677 | 0.32162505 | 0.28159638 | 0.29532414
 119 | 0.29822948 | 0.02581190 | 0.25807823 | 0.35198040 | 0.28618968 | 0.31026928
 120 | 0.30056632 | 0.01700878 | 0.27291495 | 0.34295747 | 0.29263268 | 0.30849996
 121 | 0.30390163 | 0.01769899 | 0.27507163 | 0.33065488 | 0.29564604 | 0.31215721
 122 | 0.31630780 | 0.01751892 | 0.28762542 | 0.34164990 | 0.30813621 | 0.32447939
 123 | 0.31602251 | 0.01814260 | 0.28640974 | 0.35642771 | 0.30756001 | 0.32448502
 124 | 0.32200953 | 0.01656401 | 0.28229082 | 0.35636364 | 0.31428336 | 0.32973571
 125 | 0.31940678 | 0.01898188 | 0.27784628 | 0.35241082 | 0.31055280 | 0.32826076
 126 | 0.33348969 | 0.01354989 | 0.30844030 | 0.36026542 | 0.32716943 | 0.33980995
 127 | 0.33613740 | 0.01827585 | 0.30581537 | 0.38020031 | 0.32761274 | 0.34466206
 128 | 0.33372191 | 0.01413293 | 0.29620563 | 0.35553804 | 0.32712970 | 0.34031413
 129 | 0.34966817 | 0.01708760 | 0.31572860 | 0.37901991 | 0.34169777 | 0.35763858
 130 | 0.35429750 | 0.01478099 | 0.32864949 | 0.38525207 | 0.34740300 | 0.36119200
 131 | 0.35429504 | 0.01355700 | 0.32764637 | 0.37389973 | 0.34797146 | 0.36061862
 132 | 0.36378499 | 0.01740673 | 0.31969407 | 0.38583549 | 0.35566573 | 0.37190426
 133 | 0.36103830 | 0.01853353 | 0.32046784 | 0.39407920 | 0.35239345 | 0.36968316
 134 | 0.36308013 | 0.01828351 | 0.32872504 | 0.39132047 | 0.35455190 | 0.37160836
 135 | 0.36974565 | 0.01833063 | 0.33133433 | 0.40306681 | 0.36119544 | 0.37829586
 136 | 0.37548869 | 0.01808513 | 0.32880962 | 0.40138534 | 0.36705300 | 0.38392439
 137 | 0.38075240 | 0.01026016 | 0.35845519 | 0.40028439 | 0.37596661 | 0.38553819
 138 | 0.38562704 | 0.01328021 | 0.36613442 | 0.41322878 | 0.37943257 | 0.39182151
 139 | 0.38935560 | 0.01157815 | 0.36486969 | 0.41214058 | 0.38395504 | 0.39475616
 140 | 0.39655228 | 0.01580191 | 0.36578483 | 0.42965517 | 0.38918158 | 0.40392299
 141 | 0.40481033 | 0.01644418 | 0.37953681 | 0.43827783 | 0.39714004 | 0.41248061
 142 | 0.40833305 | 0.01199434 | 0.38175313 | 0.42732659 | 0.40273837 | 0.41392774
 143 | 0.40345337 | 0.01414392 | 0.37549982 | 0.43041058 | 0.39685603 | 0.41005071
 144 | 0.41330968 | 0.01134905 | 0.38776928 | 0.43540007 | 0.40801599 | 0.41860337
 145 | 0.41716128 | 0.01578639 | 0.38792799 | 0.44096306 | 0.40979782 | 0.42452474
 146 | 0.42548576 | 0.01582443 | 0.38055264 | 0.44489520 | 0.41810455 | 0.43286697
 147 | 0.42102170 | 0.01623237 | 0.39251701 | 0.45006887 | 0.41345022 | 0.42859319
 148 | 0.42776540 | 0.01600033 | 0.39629121 | 0.45241332 | 0.42030215 | 0.43522866
 149 | 0.43529478 | 0.01956042 | 0.39352171 | 0.45607540 | 0.42617095 | 0.44441862
 150 | 0.43044908 | 0.01036876 | 0.40993996 | 0.44823151 | 0.42561263 | 0.43528552
 151 | 0.44351240 | 0.01230204 | 0.42244224 | 0.47118644 | 0.43777419 | 0.44925061
 152 | 0.44067860 | 0.01622942 | 0.41982701 | 0.47318008 | 0.43310849 | 0.44824871
 153 | 0.44371051 | 0.01458142 | 0.41865214 | 0.47043277 | 0.43690910 | 0.45051193
 154 | 0.45217600 | 0.01632897 | 0.42797158 | 0.49133704 | 0.44455945 | 0.45979254
 155 | 0.44971471 | 0.01158298 | 0.41846447 | 0.46277097 | 0.44431190 | 0.45511752
 156 | 0.45054333 | 0.01384509 | 0.43069467 | 0.49554424 | 0.44408537 | 0.45700128
 157 | 0.45801991 | 0.01329613 | 0.42787046 | 0.47899938 | 0.45181801 | 0.46422181
 158 | 0.46037273 | 0.01453676 | 0.42816456 | 0.48896938 | 0.45359215 | 0.46715331
 159 | 0.46888611 | 0.01285166 | 0.44049118 | 0.49176763 | 0.46289153 | 0.47488069
 160 | 0.46615790 | 0.01512283 | 0.43303303 | 0.48971446 | 0.45910395 | 0.47321185
 161 | 0.47992911 | 0.01570899 | 0.44325684 | 0.50827206 | 0.47260175 | 0.48725647
 162 | 0.47444318 | 0.01284537 | 0.45001567 | 0.50306373 | 0.46845153 | 0.48043482
 163 | 0.48136037 | 0.01232608 | 0.45502318 | 0.49922863 | 0.47561095 | 0.48710980
 164 | 0.48143729 | 0.01306724 | 0.44767442 | 0.49805214 | 0.47534216 | 0.48753242
 165 | 0.49316415 | 0.01091402 | 0.46938151 | 0.51291401 | 0.48807337 | 0.49825493
 166 | 0.49140871 | 0.01284262 | 0.46460440 | 0.51397146 | 0.48541835 | 0.49739907
 167 | 0.49349177 | 0.01497202 | 0.46319297 | 0.51668143 | 0.48650816 | 0.50047538
 168 | 0.49547003 | 0.01352179 | 0.47357604 | 0.52405603 | 0.48916288 | 0.50177718
 169 | 0.50088366 | 0.01512861 | 0.47660819 | 0.53004808 | 0.49382702 | 0.50794031
 170 | 0.49729798 | 0.01182633 | 0.47668548 | 0.52362670 | 0.49178166 | 0.50281430
 171 | 0.50826020 | 0.01313495 | 0.48178714 | 0.53670134 | 0.50213349 | 0.51438691
 172 | 0.50785853 | 0.01197718 | 0.48832574 | 0.53382789 | 0.50227185 | 0.51344521
 173 | 0.51457228 | 0.01162899 | 0.49925440 | 0.53808425 | 0.50914801 | 0.51999655
 174 | 0.51711427 | 0.01365640 | 0.48995408 | 0.54475265 | 0.51074433 | 0.52348421
 175 | 0.52386192 | 0.01205541 | 0.50288351 | 0.54478038 | 0.51823875 | 0.52948509
 176 | 0.52370747 | 0.01565900 | 0.49050633 | 0.55314961 | 0.51640342 | 0.53101151
 177 | 0.52332022 | 0.01597997 | 0.48522238 | 0.56416737 | 0.51586646 | 0.53077398
 178 | 0.52187541 | 0.00870171 | 0.50473802 | 0.53874228 | 0.51781655 | 0.52593427
 179 | 0.52316517 | 0.01349829 | 0.49829739 | 0.54353133 | 0.51686898 | 0.52946136
 180 | 0.53154294 | 0.01394087 | 0.50369528 | 0.55617663 | 0.52504031 | 0.53804557
 181 | 0.53240858 | 0.01214712 | 0.50661886 | 0.55728468 | 0.52674263 | 0.53807452
 182 | 0.53342822 | 0.01213630 | 0.51237142 | 0.55954936 | 0.52776732 | 0.53908912
 183 | 0.53914694 | 0.01185675 | 0.51229508 | 0.55715449 | 0.53361643 | 0.54467744
 184 | 0.54141708 | 0.01285283 | 0.51831299 | 0.56501881 | 0.53542195 | 0.54741220
 185 | 0.54296064 | 0.01072545 | 0.52269563 | 0.56925498 | 0.53795782 | 0.54796346
 186 | 0.55175214 | 0.01752467 | 0.51206289 | 0.58938622 | 0.54357786 | 0.55992642
 187 | 0.54878471 | 0.01161915 | 0.52672368 | 0.56824288 | 0.54336503 | 0.55420439
 188 | 0.54829410 | 0.01009005 | 0.52958501 | 0.56677266 | 0.54358766 | 0.55300054
 189 | 0.55222739 | 0.01033448 | 0.53072626 | 0.57012359 | 0.54740694 | 0.55704785
 190 | 0.55714817 | 0.01140472 | 0.54044118 | 0.57900102 | 0.55182851 | 0.56246783
 191 | 0.55976571 | 0.01156599 | 0.54243542 | 0.58820500 | 0.55437082 | 0.56516059
 192 | 0.56115202 | 0.01497069 | 0.52534442 | 0.58147773 | 0.55416903 | 0.56813500
 193 | 0.56129636 | 0.01007868 | 0.53725490 | 0.57920040 | 0.55659523 | 0.56599750
 194 | 0.56139986 | 0.01116839 | 0.54069767 | 0.58532110 | 0.55619043 | 0.56660928
 195 | 0.56696081 | 0.01154274 | 0.54460581 | 0.58589744 | 0.56157677 | 0.57234485
 196 | 0.56851361 | 0.00924215 | 0.55028220 | 0.58486239 | 0.56420266 | 0.57282455
 197 | 0.57508984 | 0.01156115 | 0.54824561 | 0.59489872 | 0.56969722 | 0.58048247
 198 | 0.57818321 | 0.00976495 | 0.56031424 | 0.59346598 | 0.57362841 | 0.58273801
 199 | 0.58030901 | 0.01097794 | 0.56061356 | 0.60215619 | 0.57518842 | 0.58542960
 200 | 0.57935684 | 0.01019527 | 0.55663513 | 0.59810047 | 0.57460132 | 0.58411236
