# TODAS AS PROBABILIDADES (20 SIMULAÇÕES)
# Requisição 4: [4,11]
# Modo: CONJUNTO
# Data: 2026-02-09 23:16:46
# ================================================================================
# Formato: Load | Sim1 | Sim2 | ... | Sim20 | Média | DesvioPadrão
# ================================================================================

Load   1 | 0.00000000 | 0.00000000 | 0.00000000 | 0.00000000 | 0.00000000 | 0.00000000 | 0.00000000 | 0.00000000 | 0.00000000 | 0.00000000 | 0.00000000 | 0.00000000 | 0.00000000 | 0.00000000 | 0.00000000 | 0.00000000 | 0.00000000 | 0.00000000 | 0.00000000 | 0.00000000 | 0.00000000 | 0.00000000
Load   2 | 0.00000000 | 0.00000000 | 0.00000000 | 0.00000000 | 0.00000000 | 0.00000000 | 0.00000000 | 0.00000000 | 0.00000000 | 0.00000000 | 0.00000000 | 0.00000000 | 0.00000000 | 0.00000000 | 0.00000000 | 0.00000000 | 0.00000000 | 0.00000000 | 0.00000000 | 0.00000000 | 0.00000000 | 0.00000000
Load   3 | 0.00000000 | 0.00000000 | 0.00000000 | 0.00000000 | 0.00000000 | 0.00000000 | 0.00000000 | 0.00000000 | 0.00000000 | 0.00000000 | 0.00000000 | 0.00000000 | 0.00000000 | 0.00000000 | 0.00000000 | 0.00000000 | 0.00000000 | 0.00000000 | 0.00000000 | 0.00000000 | 0.00000000 | 0.00000000
Load   4 | 0.00000000 | 0.00000000 | 0.00000000 | 0.00000000 | 0.00000000 | 0.00000000 | 0.00000000 | 0.00000000 | 0.00000000 | 0.00000000 | 0.00000000 | 0.00000000 | 0.00000000 | 0.00000000 | 0.00000000 | 0.00000000 | 0.00000000 | 0.00000000 | 0.00000000 | 0.00000000 | 0.00000000 | 0.00000000
Load   5 | 0.00000000 | 0.00000000 | 0.00000000 | 0.00000000 | 0.00000000 | 0.00000000 | 0.00000000 | 0.00000000 | 0.00000000 | 0.00000000 | 0.00000000 | 0.00000000 | 0.00000000 | 0.00000000 | 0.00000000 | 0.00000000 | 0.00000000 | 0.00000000 | 0.00000000 | 0.00000000 | 0.00000000 | 0.00000000
Load   6 | 0.00000000 | 0.00000000 | 0.00000000 | 0.00000000 | 0.00000000 | 0.00000000 | 0.00000000 | 0.00000000 | 0.00000000 | 0.00000000 | 0.00000000 | 0.00000000 | 0.00000000 | 0.00000000 | 0.00000000 | 0.00000000 | 0.00000000 | 0.00000000 | 0.00000000 | 0.00000000 | 0.00000000 | 0.00000000
Load   7 | 0.00000000 | 0.00000000 | 0.00000000 | 0.00000000 | 0.00000000 | 0.00000000 | 0.00000000 | 0.00000000 | 0.00000000 | 0.00000000 | 0.00000000 | 0.00000000 | 0.00000000 | 0.00000000 | 0.00000000 | 0.00000000 | 0.00000000 | 0.00000000 | 0.00000000 | 0.00000000 | 0.00000000 | 0.00000000
Load   8 | 0.00000000 | 0.00000000 | 0.00000000 | 0.00000000 | 0.00000000 | 0.00000000 | 0.00000000 | 0.00000000 | 0.00000000 | 0.00000000 | 0.00000000 | 0.00000000 | 0.00000000 | 0.00000000 | 0.00000000 | 0.00000000 | 0.00000000 | 0.00000000 | 0.00000000 | 0.00000000 | 0.00000000 | 0.00000000
Load   9 | 0.00000000 | 0.00000000 | 0.00000000 | 0.00000000 | 0.00000000 | 0.00000000 | 0.00000000 | 0.00000000 | 0.00000000 | 0.00000000 | 0.00000000 | 0.00000000 | 0.00000000 | 0.00000000 | 0.00000000 | 0.00000000 | 0.00000000 | 0.00000000 | 0.00000000 | 0.00000000 | 0.00000000 | 0.00000000
Load  10 | 0.00000000 | 0.00000000 | 0.00000000 | 0.00000000 | 0.00000000 | 0.00000000 | 0.00000000 | 0.00000000 | 0.00000000 | 0.00000000 | 0.00000000 | 0.00000000 | 0.00000000 | 0.00000000 | 0.00000000 | 0.00000000 | 0.00000000 | 0.00000000 | 0.00000000 | 0.00000000 | 0.00000000 | 0.00000000
Load  11 | 0.00000000 | 0.00000000 | 0.00000000 | 0.00000000 | 0.00000000 | 0.00000000 | 0.00000000 | 0.00000000 | 0.00000000 | 0.00000000 | 0.00000000 | 0.00000000 | 0.00000000 | 0.00000000 | 0.00000000 | 0.00000000 | 0.00000000 | 0.00000000 | 0.00000000 | 0.00000000 | 0.00000000 | 0.00000000
Load  12 | 0.00000000 | 0.00000000 | 0.00000000 | 0.00000000 | 0.00000000 | 0.00000000 | 0.00000000 | 0.00000000 | 0.00000000 | 0.00000000 | 0.00000000 | 0.00000000 | 0.00000000 | 0.00000000 | 0.00000000 | 0.00000000 | 0.00000000 | 0.00000000 | 0.00000000 | 0.00000000 | 0.00000000 | 0.00000000
Load  13 | 0.00000000 | 0.00000000 | 0.00000000 | 0.00000000 | 0.00000000 | 0.00000000 | 0.00000000 | 0.00000000 | 0.00000000 | 0.00000000 | 0.00000000 | 0.00000000 | 0.00000000 | 0.00000000 | 0.00000000 | 0.00000000 | 0.00000000 | 0.00000000 | 0.00000000 | 0.00000000 | 0.00000000 | 0.00000000
Load  14 | 0.00000000 | 0.00000000 | 0.00000000 | 0.00000000 | 0.00000000 | 0.00000000 | 0.00000000 | 0.00000000 | 0.00000000 | 0.00000000 | 0.00000000 | 0.00000000 | 0.00000000 | 0.00000000 | 0.00000000 | 0.00000000 | 0.00000000 | 0.00000000 | 0.00000000 | 0.00000000 | 0.00000000 | 0.00000000
Load  15 | 0.00000000 | 0.00000000 | 0.00000000 | 0.00000000 | 0.00000000 | 0.00000000 | 0.00000000 | 0.00000000 | 0.00000000 | 0.00000000 | 0.00000000 | 0.00000000 | 0.00000000 | 0.00000000 | 0.00000000 | 0.00000000 | 0.00000000 | 0.00000000 | 0.00000000 | 0.00000000 | 0.00000000 | 0.00000000
Load  16 | 0.00000000 | 0.00000000 | 0.00000000 | 0.00000000 | 0.00000000 | 0.00000000 | 0.00000000 | 0.00000000 | 0.00000000 | 0.00000000 | 0.00000000 | 0.00000000 | 0.00000000 | 0.00000000 | 0.00000000 | 0.00000000 | 0.00000000 | 0.00000000 | 0.00000000 | 0.00000000 | 0.00000000 | 0.00000000
Load  17 | 0.00000000 | 0.00000000 | 0.00000000 | 0.00000000 | 0.00000000 | 0.00000000 | 0.00000000 | 0.00000000 | 0.00000000 | 0.00000000 | 0.00000000 | 0.00000000 | 0.00000000 | 0.00000000 | 0.00000000 | 0.00000000 | 0.00000000 | 0.00000000 | 0.00000000 | 0.00000000 | 0.00000000 | 0.00000000
Load  18 | 0.00000000 | 0.00000000 | 0.00000000 | 0.00000000 | 0.00000000 | 0.00000000 | 0.00000000 | 0.00000000 | 0.00000000 | 0.00000000 | 0.00000000 | 0.00000000 | 0.00000000 | 0.00000000 | 0.00000000 | 0.00000000 | 0.00000000 | 0.00000000 | 0.00000000 | 0.00000000 | 0.00000000 | 0.00000000
Load  19 | 0.00000000 | 0.00000000 | 0.00000000 | 0.00000000 | 0.00000000 | 0.00000000 | 0.00000000 | 0.00000000 | 0.00000000 | 0.00000000 | 0.00000000 | 0.00000000 | 0.00000000 | 0.00000000 | 0.00000000 | 0.00000000 | 0.00000000 | 0.00000000 | 0.00000000 | 0.00000000 | 0.00000000 | 0.00000000
Load  20 | 0.00000000 | 0.00000000 | 0.00000000 | 0.00000000 | 0.00000000 | 0.00000000 | 0.00000000 | 0.00000000 | 0.00000000 | 0.00000000 | 0.00000000 | 0.00000000 | 0.00000000 | 0.00000000 | 0.00000000 | 0.00000000 | 0.00000000 | 0.00000000 | 0.00000000 | 0.00000000 | 0.00000000 | 0.00000000
Load  21 | 0.00000000 | 0.00000000 | 0.00000000 | 0.00000000 | 0.00000000 | 0.00000000 | 0.00000000 | 0.00000000 | 0.00000000 | 0.00000000 | 0.00000000 | 0.00000000 | 0.00000000 | 0.00000000 | 0.00000000 | 0.00000000 | 0.00000000 | 0.00000000 | 0.00000000 | 0.00000000 | 0.00000000 | 0.00000000
Load  22 | 0.00000000 | 0.00000000 | 0.00000000 | 0.00000000 | 0.00000000 | 0.00000000 | 0.00000000 | 0.00000000 | 0.00000000 | 0.00000000 | 0.00000000 | 0.00000000 | 0.00000000 | 0.00000000 | 0.00000000 | 0.00000000 | 0.00000000 | 0.00000000 | 0.00000000 | 0.00000000 | 0.00000000 | 0.00000000
Load  23 | 0.00000000 | 0.00000000 | 0.00000000 | 0.00000000 | 0.00000000 | 0.00000000 | 0.00000000 | 0.00000000 | 0.00000000 | 0.00000000 | 0.00000000 | 0.00000000 | 0.00000000 | 0.00000000 | 0.00000000 | 0.00000000 | 0.00000000 | 0.00000000 | 0.00000000 | 0.00000000 | 0.00000000 | 0.00000000
Load  24 | 0.00000000 | 0.00000000 | 0.00000000 | 0.00000000 | 0.00000000 | 0.00000000 | 0.00000000 | 0.00000000 | 0.00000000 | 0.00000000 | 0.00000000 | 0.00000000 | 0.00000000 | 0.00000000 | 0.00000000 | 0.00000000 | 0.00000000 | 0.00000000 | 0.00000000 | 0.00000000 | 0.00000000 | 0.00000000
Load  25 | 0.00000000 | 0.00000000 | 0.00000000 | 0.00000000 | 0.00000000 | 0.00000000 | 0.00000000 | 0.00000000 | 0.00000000 | 0.00000000 | 0.00000000 | 0.00000000 | 0.00000000 | 0.00000000 | 0.00000000 | 0.00000000 | 0.00000000 | 0.00000000 | 0.00000000 | 0.00000000 | 0.00000000 | 0.00000000
Load  26 | 0.00000000 | 0.00000000 | 0.00000000 | 0.00000000 | 0.00000000 | 0.00000000 | 0.00000000 | 0.00000000 | 0.00000000 | 0.00000000 | 0.00000000 | 0.00000000 | 0.00000000 | 0.00000000 | 0.00000000 | 0.00000000 | 0.00000000 | 0.00000000 | 0.00000000 | 0.00000000 | 0.00000000 | 0.00000000
Load  27 | 0.00000000 | 0.00000000 | 0.00000000 | 0.00000000 | 0.00000000 | 0.00000000 | 0.00000000 | 0.00000000 | 0.00000000 | 0.00000000 | 0.00000000 | 0.00000000 | 0.00000000 | 0.00000000 | 0.00000000 | 0.00000000 | 0.00000000 | 0.00000000 | 0.00000000 | 0.00000000 | 0.00000000 | 0.00000000
Load  28 | 0.00000000 | 0.00000000 | 0.00000000 | 0.00000000 | 0.00000000 | 0.00000000 | 0.00000000 | 0.00000000 | 0.00000000 | 0.00000000 | 0.00000000 | 0.00000000 | 0.00000000 | 0.00000000 | 0.00000000 | 0.00000000 | 0.00000000 | 0.00000000 | 0.00000000 | 0.00000000 | 0.00000000 | 0.00000000
Load  29 | 0.00000000 | 0.00000000 | 0.00000000 | 0.00000000 | 0.00000000 | 0.00000000 | 0.00000000 | 0.00000000 | 0.00000000 | 0.00000000 | 0.00000000 | 0.00000000 | 0.00000000 | 0.00000000 | 0.00000000 | 0.00000000 | 0.00000000 | 0.00000000 | 0.00000000 | 0.00000000 | 0.00000000 | 0.00000000
Load  30 | 0.00000000 | 0.00000000 | 0.00000000 | 0.00000000 | 0.00000000 | 0.00000000 | 0.00000000 | 0.00000000 | 0.00000000 | 0.00000000 | 0.00000000 | 0.00000000 | 0.00000000 | 0.00000000 | 0.00000000 | 0.00000000 | 0.00000000 | 0.00000000 | 0.00000000 | 0.00000000 | 0.00000000 | 0.00000000
Load  31 | 0.00000000 | 0.00000000 | 0.00000000 | 0.00000000 | 0.00000000 | 0.00000000 | 0.00000000 | 0.00000000 | 0.00000000 | 0.00000000 | 0.00000000 | 0.00000000 | 0.00000000 | 0.00000000 | 0.00000000 | 0.00000000 | 0.00000000 | 0.00000000 | 0.00000000 | 0.00000000 | 0.00000000 | 0.00000000
Load  32 | 0.00000000 | 0.00000000 | 0.00000000 | 0.00000000 | 0.00000000 | 0.00000000 | 0.00000000 | 0.00000000 | 0.00000000 | 0.00000000 | 0.00000000 | 0.00000000 | 0.00000000 | 0.00000000 | 0.00000000 | 0.00000000 | 0.00000000 | 0.00000000 | 0.00000000 | 0.00000000 | 0.00000000 | 0.00000000
Load  33 | 0.00000000 | 0.00000000 | 0.00000000 | 0.00000000 | 0.00000000 | 0.00000000 | 0.00000000 | 0.00000000 | 0.00000000 | 0.00000000 | 0.00000000 | 0.00000000 | 0.00000000 | 0.00000000 | 0.00000000 | 0.00000000 | 0.00000000 | 0.00000000 | 0.00000000 | 0.00000000 | 0.00000000 | 0.00000000
Load  34 | 0.00000000 | 0.00000000 | 0.00000000 | 0.00000000 | 0.00000000 | 0.00000000 | 0.00000000 | 0.00000000 | 0.00000000 | 0.00000000 | 0.00000000 | 0.00000000 | 0.00000000 | 0.00000000 | 0.00000000 | 0.00000000 | 0.00000000 | 0.00000000 | 0.00000000 | 0.00000000 | 0.00000000 | 0.00000000
Load  35 | 0.00000000 | 0.00000000 | 0.00000000 | 0.00000000 | 0.00000000 | 0.00000000 | 0.00000000 | 0.00000000 | 0.00000000 | 0.00000000 | 0.00000000 | 0.00000000 | 0.00000000 | 0.00000000 | 0.00000000 | 0.00000000 | 0.00000000 | 0.00000000 | 0.00000000 | 0.00000000 | 0.00000000 | 0.00000000
Load  36 | 0.00000000 | 0.00000000 | 0.00000000 | 0.00000000 | 0.00000000 | 0.00000000 | 0.00000000 | 0.00000000 | 0.00000000 | 0.00000000 | 0.00000000 | 0.00000000 | 0.00000000 | 0.00000000 | 0.00000000 | 0.00000000 | 0.00000000 | 0.00000000 | 0.00000000 | 0.00000000 | 0.00000000 | 0.00000000
Load  37 | 0.00000000 | 0.00000000 | 0.00000000 | 0.00000000 | 0.00000000 | 0.00000000 | 0.00000000 | 0.00000000 | 0.00000000 | 0.00000000 | 0.00000000 | 0.00000000 | 0.00000000 | 0.00000000 | 0.00000000 | 0.00000000 | 0.00000000 | 0.00000000 | 0.00000000 | 0.00000000 | 0.00000000 | 0.00000000
Load  38 | 0.00000000 | 0.00000000 | 0.00000000 | 0.00000000 | 0.00000000 | 0.00000000 | 0.00000000 | 0.00000000 | 0.00000000 | 0.00000000 | 0.00000000 | 0.00000000 | 0.00000000 | 0.00000000 | 0.00000000 | 0.00000000 | 0.00000000 | 0.00000000 | 0.00000000 | 0.00000000 | 0.00000000 | 0.00000000
Load  39 | 0.00000000 | 0.00000000 | 0.00000000 | 0.00000000 | 0.00000000 | 0.00000000 | 0.00000000 | 0.00000000 | 0.00000000 | 0.00000000 | 0.00000000 | 0.00000000 | 0.00000000 | 0.00000000 | 0.00000000 | 0.00000000 | 0.00000000 | 0.00000000 | 0.00000000 | 0.00000000 | 0.00000000 | 0.00000000
Load  40 | 0.00000000 | 0.00000000 | 0.00000000 | 0.00000000 | 0.00000000 | 0.00000000 | 0.00000000 | 0.00000000 | 0.00000000 | 0.00000000 | 0.00000000 | 0.00000000 | 0.00000000 | 0.00000000 | 0.00000000 | 0.00000000 | 0.00000000 | 0.00000000 | 0.00000000 | 0.00000000 | 0.00000000 | 0.00000000
Load  41 | 0.00000000 | 0.00000000 | 0.00000000 | 0.00000000 | 0.00000000 | 0.00000000 | 0.00000000 | 0.00000000 | 0.00000000 | 0.00000000 | 0.00000000 | 0.00000000 | 0.00000000 | 0.00000000 | 0.00000000 | 0.00000000 | 0.00000000 | 0.00000000 | 0.00000000 | 0.00000000 | 0.00000000 | 0.00000000
Load  42 | 0.00000000 | 0.00000000 | 0.00000000 | 0.00000000 | 0.00000000 | 0.00000000 | 0.00000000 | 0.00000000 | 0.00000000 | 0.00000000 | 0.00000000 | 0.00000000 | 0.00000000 | 0.00000000 | 0.00000000 | 0.00000000 | 0.00000000 | 0.00000000 | 0.00000000 | 0.00000000 | 0.00000000 | 0.00000000
Load  43 | 0.00000000 | 0.00000000 | 0.00000000 | 0.00000000 | 0.00000000 | 0.00000000 | 0.00000000 | 0.00000000 | 0.00000000 | 0.00000000 | 0.00000000 | 0.00000000 | 0.00000000 | 0.00000000 | 0.00000000 | 0.00000000 | 0.00000000 | 0.00000000 | 0.00000000 | 0.00000000 | 0.00000000 | 0.00000000
Load  44 | 0.00000000 | 0.00000000 | 0.00000000 | 0.00000000 | 0.00000000 | 0.00000000 | 0.00000000 | 0.00000000 | 0.00000000 | 0.00000000 | 0.00000000 | 0.00000000 | 0.00000000 | 0.00000000 | 0.00000000 | 0.00000000 | 0.00000000 | 0.00000000 | 0.00000000 | 0.00000000 | 0.00000000 | 0.00000000
Load  45 | 0.00000000 | 0.00000000 | 0.00000000 | 0.00000000 | 0.00000000 | 0.00000000 | 0.00000000 | 0.00000000 | 0.00000000 | 0.00000000 | 0.00000000 | 0.00000000 | 0.00000000 | 0.00000000 | 0.00000000 | 0.00000000 | 0.00000000 | 0.00000000 | 0.00000000 | 0.00000000 | 0.00000000 | 0.00000000
Load  46 | 0.00000000 | 0.00208551 | 0.00000000 | 0.00000000 | 0.00000000 | 0.00000000 | 0.00000000 | 0.00000000 | 0.00000000 | 0.00000000 | 0.00000000 | 0.00000000 | 0.00000000 | 0.00000000 | 0.00000000 | 0.00000000 | 0.00000000 | 0.00000000 | 0.00000000 | 0.00000000 | 0.00010428 | 0.00045453
Load  47 | 0.00000000 | 0.00000000 | 0.00000000 | 0.00000000 | 0.00000000 | 0.00000000 | 0.00000000 | 0.00000000 | 0.00000000 | 0.00000000 | 0.00000000 | 0.00000000 | 0.00000000 | 0.00000000 | 0.00000000 | 0.00000000 | 0.00000000 | 0.00000000 | 0.00000000 | 0.00000000 | 0.00000000 | 0.00000000
Load  48 | 0.00000000 | 0.00000000 | 0.00000000 | 0.00000000 | 0.00000000 | 0.00000000 | 0.00000000 | 0.00000000 | 0.00000000 | 0.00000000 | 0.00000000 | 0.00000000 | 0.00000000 | 0.00000000 | 0.00000000 | 0.00000000 | 0.00000000 | 0.00000000 | 0.00000000 | 0.00000000 | 0.00000000 | 0.00000000
Load  49 | 0.00000000 | 0.00000000 | 0.00000000 | 0.00000000 | 0.00000000 | 0.00000000 | 0.00000000 | 0.00000000 | 0.00000000 | 0.00000000 | 0.00000000 | 0.00000000 | 0.00000000 | 0.00000000 | 0.00000000 | 0.00000000 | 0.00000000 | 0.00000000 | 0.00000000 | 0.00000000 | 0.00000000 | 0.00000000
Load  50 | 0.00000000 | 0.00000000 | 0.00000000 | 0.00000000 | 0.00000000 | 0.00000000 | 0.00000000 | 0.00000000 | 0.00000000 | 0.00000000 | 0.00000000 | 0.00000000 | 0.00000000 | 0.00000000 | 0.00000000 | 0.00000000 | 0.00000000 | 0.00000000 | 0.00000000 | 0.00000000 | 0.00000000 | 0.00000000
Load  51 | 0.00000000 | 0.00000000 | 0.00000000 | 0.00000000 | 0.00000000 | 0.00000000 | 0.00000000 | 0.00186567 | 0.00000000 | 0.00000000 | 0.00000000 | 0.00000000 | 0.00000000 | 0.00000000 | 0.00000000 | 0.00000000 | 0.00000000 | 0.00000000 | 0.00000000 | 0.00000000 | 0.00009328 | 0.00040661
Load  52 | 0.00000000 | 0.00000000 | 0.00000000 | 0.00000000 | 0.00000000 | 0.00000000 | 0.00000000 | 0.00000000 | 0.00000000 | 0.00000000 | 0.00000000 | 0.00000000 | 0.00000000 | 0.00000000 | 0.00000000 | 0.00000000 | 0.00000000 | 0.00000000 | 0.00000000 | 0.00000000 | 0.00000000 | 0.00000000
Load  53 | 0.00000000 | 0.00000000 | 0.00000000 | 0.00000000 | 0.00000000 | 0.00000000 | 0.00000000 | 0.00000000 | 0.00000000 | 0.00000000 | 0.00000000 | 0.00000000 | 0.00000000 | 0.00000000 | 0.00000000 | 0.00000000 | 0.00000000 | 0.00183318 | 0.00000000 | 0.00000000 | 0.00009166 | 0.00039953
Load  54 | 0.00000000 | 0.00000000 | 0.00000000 | 0.00000000 | 0.00000000 | 0.00000000 | 0.00000000 | 0.00000000 | 0.00000000 | 0.00000000 | 0.00000000 | 0.00000000 | 0.00000000 | 0.00000000 | 0.00000000 | 0.00000000 | 0.00000000 | 0.00000000 | 0.00000000 | 0.00000000 | 0.00000000 | 0.00000000
Load  55 | 0.00000000 | 0.00000000 | 0.00000000 | 0.00000000 | 0.00000000 | 0.00000000 | 0.00000000 | 0.00000000 | 0.00000000 | 0.00000000 | 0.00000000 | 0.00000000 | 0.00000000 | 0.00000000 | 0.00000000 | 0.00000000 | 0.00000000 | 0.00000000 | 0.00000000 | 0.00435161 | 0.00021758 | 0.00094841
Load  56 | 0.00180180 | 0.00000000 | 0.00000000 | 0.00000000 | 0.00000000 | 0.00179533 | 0.00000000 | 0.00000000 | 0.00000000 | 0.00000000 | 0.00000000 | 0.00000000 | 0.00000000 | 0.00000000 | 0.00000000 | 0.00000000 | 0.00000000 | 0.00000000 | 0.00000000 | 0.00000000 | 0.00017986 | 0.00053957
Load  57 | 0.00090009 | 0.00175593 | 0.00000000 | 0.00000000 | 0.00000000 | 0.00000000 | 0.00000000 | 0.00000000 | 0.00089127 | 0.00000000 | 0.00084818 | 0.00000000 | 0.00000000 | 0.00088731 | 0.00000000 | 0.00000000 | 0.00000000 | 0.00000000 | 0.00176056 | 0.00000000 | 0.00035217 | 0.00058368
Load  58 | 0.00000000 | 0.00087873 | 0.00000000 | 0.00000000 | 0.00000000 | 0.00000000 | 0.00086957 | 0.00000000 | 0.00000000 | 0.00000000 | 0.00000000 | 0.00247934 | 0.00000000 | 0.00000000 | 0.00000000 | 0.00000000 | 0.00000000 | 0.00000000 | 0.00000000 | 0.00000000 | 0.00021138 | 0.00058231
Load  59 | 0.00000000 | 0.00086505 | 0.00000000 | 0.00000000 | 0.00000000 | 0.00000000 | 0.00000000 | 0.00000000 | 0.00158730 | 0.00248550 | 0.00000000 | 0.00000000 | 0.00083472 | 0.00000000 | 0.00000000 | 0.00000000 | 0.00000000 | 0.00173762 | 0.00083333 | 0.00000000 | 0.00041718 | 0.00072026
Load  60 | 0.00079808 | 0.00000000 | 0.00000000 | 0.00083472 | 0.00000000 | 0.00000000 | 0.00000000 | 0.00000000 | 0.00249792 | 0.00256849 | 0.00086580 | 0.00087108 | 0.00000000 | 0.00000000 | 0.00000000 | 0.00168067 | 0.00930626 | 0.00000000 | 0.00489796 | 0.00000000 | 0.00121605 | 0.00223074
Load  61 | 0.00000000 | 0.00000000 | 0.00241741 | 0.00083264 | 0.00000000 | 0.00157109 | 0.00318979 | 0.00666667 | 0.00000000 | 0.00323887 | 0.00081967 | 0.00000000 | 0.00156128 | 0.00083542 | 0.00000000 | 0.00082034 | 0.00000000 | 0.00157604 | 0.00083403 | 0.00080064 | 0.00125819 | 0.00159303
Load  62 | 0.00000000 | 0.00000000 | 0.00000000 | 0.00000000 | 0.00339559 | 0.00000000 | 0.00161031 | 0.00084818 | 0.00243506 | 0.00000000 | 0.00000000 | 0.00162206 | 0.00000000 | 0.00000000 | 0.00080451 | 0.00847458 | 0.00000000 | 0.00079872 | 0.00238474 | 0.00075472 | 0.00115642 | 0.00194958
Load  63 | 0.00311526 | 0.00078125 | 0.00078431 | 0.00161943 | 0.00076046 | 0.00316957 | 0.00000000 | 0.00000000 | 0.00000000 | 0.00000000 | 0.00000000 | 0.00000000 | 0.00000000 | 0.00229709 | 0.00077459 | 0.00481541 | 0.00076923 | 0.00168919 | 0.00162602 | 0.00242131 | 0.00123116 | 0.00132059
Load  64 | 0.00392465 | 0.00076982 | 0.00310318 | 0.00077160 | 0.00000000 | 0.00313234 | 0.00000000 | 0.00079051 | 0.00000000 | 0.00384320 | 0.00075529 | 0.00394945 | 0.00158228 | 0.00227964 | 0.00000000 | 0.00078370 | 0.00316957 | 0.00000000 | 0.00000000 | 0.00000000 | 0.00144276 | 0.00148871
Load  65 | 0.00000000 | 0.00000000 | 0.00000000 | 0.00381098 | 0.00000000 | 0.00152323 | 0.00076104 | 0.00159363 | 0.00237718 | 0.00232198 | 0.00155642 | 0.00308880 | 0.00557325 | 0.00531108 | 0.00000000 | 0.00000000 | 0.00000000 | 0.00157356 | 0.00075131 | 0.00229008 | 0.00162663 | 0.00169711
Load  66 | 0.00308642 | 0.00151860 | 0.00652647 | 0.00464756 | 0.00000000 | 0.00873362 | 0.00703675 | 0.00076336 | 0.00754717 | 0.00469484 | 0.00150376 | 0.00000000 | 0.00152323 | 0.00462963 | 0.00000000 | 0.00148920 | 0.00075188 | 0.00000000 | 0.00219459 | 0.01172161 | 0.00341843 | 0.00330681
Load  67 | 0.00821509 | 0.00233827 | 0.00833965 | 0.00822123 | 0.00151745 | 0.00949598 | 0.00000000 | 0.00000000 | 0.00373413 | 0.00073910 | 0.00365230 | 0.00150943 | 0.00213675 | 0.00944081 | 0.00873362 | 0.00151515 | 0.00000000 | 0.00150150 | 0.00303260 | 0.00925926 | 0.00416912 | 0.00356720
Load  68 | 0.00222883 | 0.00826446 | 0.00632911 | 0.00223881 | 0.00686499 | 0.00073692 | 0.00773015 | 0.00610687 | 0.01188707 | 0.00151057 | 0.00382263 | 0.00150038 | 0.00854701 | 0.00935252 | 0.00516224 | 0.00371471 | 0.00148148 | 0.00712589 | 0.00075131 | 0.00750751 | 0.00514317 | 0.00320415
Load  69 | 0.01338028 | 0.00833333 | 0.00506879 | 0.00287563 | 0.00074460 | 0.00422535 | 0.00150830 | 0.00220751 | 0.00564175 | 0.00073746 | 0.00298730 | 0.00369004 | 0.01097293 | 0.00632911 | 0.00576369 | 0.00372301 | 0.00913563 | 0.00802920 | 0.00296736 | 0.00362056 | 0.00509709 | 0.00332179
Load  70 | 0.00627615 | 0.00830450 | 0.00495400 | 0.00352609 | 0.00503235 | 0.00422833 | 0.00646088 | 0.00556715 | 0.00069493 | 0.00411523 | 0.00559050 | 0.01057082 | 0.00933956 | 0.01265823 | 0.00210084 | 0.00502874 | 0.00435730 | 0.00438596 | 0.00296296 | 0.00499643 | 0.00555755 | 0.00276661
Load  71 | 0.00431034 | 0.00478796 | 0.00217865 | 0.01625442 | 0.00350385 | 0.01316752 | 0.00670641 | 0.00494700 | 0.00705716 | 0.01073826 | 0.00568182 | 0.01439885 | 0.00794798 | 0.01347709 | 0.01163587 | 0.01062323 | 0.00826446 | 0.00073855 | 0.00143781 | 0.01816958 | 0.00830134 | 0.00493022
Load  72 | 0.00627615 | 0.00884354 | 0.00496806 | 0.01988072 | 0.00070323 | 0.00945946 | 0.01538462 | 0.01270903 | 0.00681663 | 0.01491477 | 0.01526211 | 0.00365497 | 0.01237964 | 0.01013514 | 0.00072939 | 0.01164384 | 0.00283487 | 0.00535834 | 0.00778485 | 0.00141243 | 0.00855759 | 0.00532776
Load  73 | 0.00747791 | 0.00796813 | 0.02120383 | 0.00487126 | 0.01898305 | 0.00406504 | 0.01348618 | 0.00984898 | 0.00614334 | 0.01065246 | 0.02130407 | 0.00981033 | 0.01569187 | 0.01165182 | 0.00346021 | 0.00795372 | 0.01054111 | 0.00686342 | 0.00850785 | 0.00488145 | 0.01026830 | 0.00525705
Load  74 | 0.01303155 | 0.01353093 | 0.01242642 | 0.00736278 | 0.01820546 | 0.00920447 | 0.01387971 | 0.00773196 | 0.01786942 | 0.01345895 | 0.02050581 | 0.00890411 | 0.01025992 | 0.01202263 | 0.02025658 | 0.01849406 | 0.00996016 | 0.00554017 | 0.01467645 | 0.02134757 | 0.01343345 | 0.00460643
Load  75 | 0.00552105 | 0.02162162 | 0.01189689 | 0.00945946 | 0.01222651 | 0.00877193 | 0.02346806 | 0.01221167 | 0.02413568 | 0.02633356 | 0.00964852 | 0.01389854 | 0.00958248 | 0.02564103 | 0.01233722 | 0.01208865 | 0.01197605 | 0.01726428 | 0.01376462 | 0.00751366 | 0.01446807 | 0.00618902
Load  76 | 0.01115486 | 0.00972222 | 0.01757945 | 0.01220295 | 0.01468710 | 0.02233567 | 0.01329787 | 0.00488145 | 0.01122853 | 0.00739247 | 0.02631579 | 0.01070234 | 0.02574257 | 0.00862641 | 0.01458465 | 0.00203252 | 0.01127113 | 0.01182327 | 0.01849315 | 0.01756757 | 0.01358210 | 0.00617195
Load  77 | 0.01800643 | 0.02187500 | 0.01811125 | 0.01676727 | 0.01282051 | 0.02047556 | 0.02187902 | 0.02554278 | 0.02046036 | 0.01074547 | 0.01318392 | 0.01611903 | 0.01831965 | 0.01514154 | 0.02164227 | 0.00412371 | 0.01165981 | 0.01821731 | 0.01041667 | 0.01382488 | 0.01646662 | 0.00494524
Load  78 | 0.02878598 | 0.03068253 | 0.03663239 | 0.01381579 | 0.02134757 | 0.02673456 | 0.02223595 | 0.02182285 | 0.03747658 | 0.01633987 | 0.02120610 | 0.03072289 | 0.03722397 | 0.01858736 | 0.04040404 | 0.02321319 | 0.02331779 | 0.01265022 | 0.01581028 | 0.02379421 | 0.02514021 | 0.00803367
Load  79 | 0.01130653 | 0.02103250 | 0.03580402 | 0.02582781 | 0.02222222 | 0.02931804 | 0.02269861 | 0.02789833 | 0.00823306 | 0.01820465 | 0.02087170 | 0.01293900 | 0.02412698 | 0.01769332 | 0.01987179 | 0.01830065 | 0.04078014 | 0.03369358 | 0.02669271 | 0.02869898 | 0.02331073 | 0.00793705
Load  80 | 0.01165803 | 0.03092784 | 0.03369358 | 0.02143295 | 0.02310655 | 0.03448276 | 0.02165605 | 0.02127660 | 0.04144464 | 0.03180662 | 0.03087167 | 0.02338812 | 0.01455428 | 0.02742993 | 0.03070175 | 0.02748931 | 0.02853746 | 0.02892031 | 0.01851852 | 0.01893939 | 0.02604182 | 0.00711503
Load  81 | 0.02961563 | 0.01871491 | 0.03489771 | 0.04034230 | 0.03097345 | 0.01410178 | 0.03662322 | 0.02889825 | 0.02905569 | 0.04721030 | 0.03493976 | 0.01927861 | 0.02250608 | 0.02906617 | 0.02149178 | 0.04475782 | 0.02452483 | 0.03605769 | 0.02681764 | 0.01433022 | 0.02921019 | 0.00908501
Load  82 | 0.03185509 | 0.03814554 | 0.01851852 | 0.02786190 | 0.02877698 | 0.03296703 | 0.03252033 | 0.02926829 | 0.02701080 | 0.04782082 | 0.02068127 | 0.04074074 | 0.04422442 | 0.03155340 | 0.02108434 | 0.03656307 | 0.03256365 | 0.03834261 | 0.04032766 | 0.04084014 | 0.03308333 | 0.00771234
Load  83 | 0.03977273 | 0.03299340 | 0.05349544 | 0.03470975 | 0.04146919 | 0.02865672 | 0.02463677 | 0.05374396 | 0.03105590 | 0.03241590 | 0.03411131 | 0.03573592 | 0.05363528 | 0.03022825 | 0.02347983 | 0.03708207 | 0.03148148 | 0.03257529 | 0.05017921 | 0.03292683 | 0.03671926 | 0.00903963
Load  84 | 0.04525994 | 0.03540904 | 0.03905325 | 0.03163445 | 0.04111175 | 0.02709211 | 0.03855279 | 0.03419316 | 0.04300424 | 0.04164188 | 0.03320802 | 0.04753723 | 0.03458557 | 0.03365385 | 0.04832057 | 0.04997128 | 0.03345281 | 0.05398920 | 0.06204174 | 0.03005115 | 0.04018820 | 0.00865699
Load  85 | 0.04242781 | 0.04712991 | 0.05572021 | 0.05302594 | 0.04251497 | 0.04583836 | 0.04099379 | 0.04732394 | 0.05314286 | 0.04597701 | 0.03342939 | 0.04840614 | 0.04360812 | 0.02969697 | 0.04379124 | 0.03586372 | 0.05717689 | 0.05632115 | 0.03987730 | 0.05017301 | 0.04562194 | 0.00732914
Load  86 | 0.04911479 | 0.03350970 | 0.04095963 | 0.04433221 | 0.05657143 | 0.05823529 | 0.05341410 | 0.04875149 | 0.04345202 | 0.04914150 | 0.04714202 | 0.03816794 | 0.04110393 | 0.04655076 | 0.06038647 | 0.04926686 | 0.05096263 | 0.05797101 | 0.03350970 | 0.03867069 | 0.04706071 | 0.00772650
Load  87 | 0.04182042 | 0.05912744 | 0.04965358 | 0.05800464 | 0.06659013 | 0.05935557 | 0.08094714 | 0.04052443 | 0.05190311 | 0.03315571 | 0.05535714 | 0.04836020 | 0.05795455 | 0.04591532 | 0.03652968 | 0.05194805 | 0.05466053 | 0.04764606 | 0.05176337 | 0.04238806 | 0.05168026 | 0.01058412
Load  88 | 0.05227656 | 0.03101229 | 0.05577918 | 0.03869048 | 0.04656445 | 0.05661435 | 0.03962704 | 0.04389087 | 0.04977117 | 0.03926097 | 0.06371191 | 0.06645057 | 0.05220884 | 0.04521433 | 0.06365615 | 0.09371555 | 0.03308183 | 0.07084020 | 0.07174888 | 0.04302326 | 0.05285694 | 0.01500969
Load  89 | 0.07558456 | 0.05292479 | 0.05872388 | 0.04880817 | 0.06603774 | 0.08187773 | 0.05626034 | 0.05030404 | 0.06246634 | 0.05668685 | 0.06549972 | 0.04869762 | 0.06350975 | 0.08565194 | 0.05811404 | 0.03573454 | 0.05520414 | 0.05954368 | 0.04739336 | 0.08074195 | 0.06048826 | 0.01242631
Load  90 | 0.07620614 | 0.06439185 | 0.07186630 | 0.06200228 | 0.05950413 | 0.07701019 | 0.06322155 | 0.05983380 | 0.05362078 | 0.05895078 | 0.06439596 | 0.06393443 | 0.05546123 | 0.06307339 | 0.08225352 | 0.06300578 | 0.06505889 | 0.07865758 | 0.07555556 | 0.05638665 | 0.06571954 | 0.00809972
Load  91 | 0.07184987 | 0.06194690 | 0.09189777 | 0.07633588 | 0.08315451 | 0.10000000 | 0.07064622 | 0.07920792 | 0.06545655 | 0.09398099 | 0.06666667 | 0.05711207 | 0.07220413 | 0.07987220 | 0.05000000 | 0.06984479 | 0.09146006 | 0.06190476 | 0.05939005 | 0.07330722 | 0.07381193 | 0.01300080
Load  92 | 0.06894650 | 0.09013333 | 0.06196121 | 0.06692265 | 0.06765677 | 0.08656873 | 0.07134894 | 0.04662644 | 0.07142857 | 0.07076756 | 0.08202532 | 0.06829539 | 0.06935484 | 0.06755260 | 0.11331901 | 0.06291028 | 0.06395664 | 0.07543103 | 0.06001122 | 0.09888948 | 0.07320533 | 0.01446889
Load  93 | 0.08593322 | 0.06825569 | 0.06387547 | 0.07053717 | 0.07550158 | 0.05534034 | 0.08551941 | 0.07854821 | 0.09283820 | 0.07399899 | 0.06988082 | 0.08346624 | 0.06067292 | 0.06054169 | 0.08279915 | 0.07955152 | 0.10421053 | 0.05875831 | 0.06165495 | 0.08712329 | 0.07495038 | 0.01259701
Load  94 | 0.10229645 | 0.08835979 | 0.06398235 | 0.07915567 | 0.06789788 | 0.09161091 | 0.07468220 | 0.09984480 | 0.09994767 | 0.06730260 | 0.08189655 | 0.07981221 | 0.10781250 | 0.08423773 | 0.07459459 | 0.09738596 | 0.06947484 | 0.08672936 | 0.08054393 | 0.07088745 | 0.08342277 | 0.01268563
Load  95 | 0.08779221 | 0.07905759 | 0.09961262 | 0.06095638 | 0.10075431 | 0.08010336 | 0.10885417 | 0.09828393 | 0.08714134 | 0.11424100 | 0.08161157 | 0.06839873 | 0.07461140 | 0.07602664 | 0.11064055 | 0.08489583 | 0.08175420 | 0.08143652 | 0.09707724 | 0.08636837 | 0.08798090 | 0.01385323
Load  96 | 0.07525172 | 0.08578811 | 0.08843188 | 0.09105018 | 0.07736842 | 0.10885700 | 0.08059211 | 0.07576602 | 0.08725183 | 0.09533573 | 0.12111801 | 0.08578680 | 0.08222676 | 0.10051282 | 0.10784314 | 0.11026034 | 0.09865005 | 0.09217738 | 0.09222050 | 0.11186975 | 0.09341793 | 0.01283767
Load  97 | 0.09277807 | 0.08259279 | 0.08908342 | 0.10608346 | 0.09183673 | 0.09498681 | 0.09521332 | 0.11729916 | 0.09770992 | 0.13188406 | 0.09178499 | 0.10521092 | 0.08689024 | 0.10114031 | 0.10155830 | 0.10746269 | 0.10010010 | 0.09649123 | 0.07785033 | 0.10562270 | 0.09867898 | 0.01177433
Load  98 | 0.09660843 | 0.09575013 | 0.08905852 | 0.12441437 | 0.11635059 | 0.09422492 | 0.10550227 | 0.12360122 | 0.11995968 | 0.12824351 | 0.09538621 | 0.08929477 | 0.10723192 | 0.11994077 | 0.09526288 | 0.11237624 | 0.10841584 | 0.08945191 | 0.09924433 | 0.10799585 | 0.10591572 | 0.01252503
Load  99 | 0.11181332 | 0.13772455 | 0.11273081 | 0.11688980 | 0.14327917 | 0.10652396 | 0.09908069 | 0.08646999 | 0.10056730 | 0.12607041 | 0.11431412 | 0.12895257 | 0.12962050 | 0.13990385 | 0.11383359 | 0.08629707 | 0.09540816 | 0.09533787 | 0.11430010 | 0.09171908 | 0.11254185 | 0.01710480
Load 100 | 0.11514572 | 0.11083984 | 0.12423935 | 0.14354995 | 0.11464646 | 0.11808670 | 0.09994926 | 0.11511512 | 0.09899497 | 0.12239841 | 0.11003566 | 0.11281266 | 0.12938272 | 0.12549801 | 0.10851170 | 0.12328767 | 0.10775232 | 0.10878447 | 0.12438057 | 0.10388350 | 0.11586475 | 0.01051176
Load 101 | 0.11083375 | 0.12937063 | 0.11061947 | 0.09900498 | 0.15032354 | 0.11450000 | 0.14176441 | 0.12531079 | 0.12952102 | 0.13916192 | 0.11282306 | 0.11837543 | 0.13375486 | 0.13760153 | 0.10257706 | 0.11758942 | 0.10204082 | 0.11450000 | 0.13706086 | 0.13250620 | 0.12296199 | 0.01431332
Load 102 | 0.13085053 | 0.12701514 | 0.12449597 | 0.13268765 | 0.10456853 | 0.14488636 | 0.12189055 | 0.10484669 | 0.12469197 | 0.11773256 | 0.12347487 | 0.12285137 | 0.13468992 | 0.14634146 | 0.10199005 | 0.09903012 | 0.11571072 | 0.14916067 | 0.12175649 | 0.10508637 | 0.12268790 | 0.01433469
Load 103 | 0.12745568 | 0.11464646 | 0.14961390 | 0.10582278 | 0.14790997 | 0.13457760 | 0.13135187 | 0.13236010 | 0.10832932 | 0.12452107 | 0.11331719 | 0.16108987 | 0.13147605 | 0.14746325 | 0.10763012 | 0.17772512 | 0.10629171 | 0.13979542 | 0.12293489 | 0.11675623 | 0.13005343 | 0.01907044
Load 104 | 0.13653663 | 0.11921182 | 0.12985735 | 0.13902439 | 0.14749536 | 0.16805171 | 0.14872521 | 0.14874816 | 0.16758242 | 0.13810861 | 0.15072329 | 0.14922481 | 0.13477218 | 0.14118222 | 0.10161212 | 0.12068966 | 0.15409836 | 0.13314313 | 0.14660422 | 0.12438302 | 0.13998873 | 0.01567911
Load 105 | 0.14299022 | 0.16142656 | 0.15144231 | 0.14186851 | 0.14129919 | 0.16009174 | 0.11816406 | 0.14352501 | 0.15764925 | 0.16895604 | 0.13520039 | 0.15630798 | 0.13987957 | 0.15839243 | 0.13375486 | 0.14265335 | 0.14727185 | 0.15789474 | 0.13078001 | 0.12321598 | 0.14563820 | 0.01308502
Load 106 | 0.14204814 | 0.15416475 | 0.12988894 | 0.14090287 | 0.15181058 | 0.14085821 | 0.14278982 | 0.12125403 | 0.14568600 | 0.14914312 | 0.14724221 | 0.13859076 | 0.15150115 | 0.12829105 | 0.12988235 | 0.14937560 | 0.13876041 | 0.14942529 | 0.15533981 | 0.16399623 | 0.14354757 | 0.01021545
Load 107 | 0.16311399 | 0.13735499 | 0.14572384 | 0.17423200 | 0.15608592 | 0.15936626 | 0.14769520 | 0.16388889 | 0.13619227 | 0.16772439 | 0.16920240 | 0.11923990 | 0.17224004 | 0.15036232 | 0.15849748 | 0.14525407 | 0.14830119 | 0.13294798 | 0.13419118 | 0.15037244 | 0.15159934 | 0.01442583
Load 108 | 0.16216216 | 0.14885496 | 0.14684015 | 0.16148216 | 0.17222964 | 0.15560748 | 0.17867036 | 0.19663942 | 0.15791897 | 0.15648685 | 0.13558538 | 0.14816557 | 0.14351638 | 0.12129760 | 0.14048825 | 0.16461468 | 0.16172382 | 0.16269285 | 0.17213115 | 0.14782206 | 0.15674649 | 0.01609740
Load 109 | 0.15784587 | 0.14325975 | 0.18038529 | 0.16999536 | 0.17815826 | 0.17224453 | 0.17102247 | 0.15150115 | 0.17548621 | 0.13523631 | 0.18661165 | 0.16779738 | 0.15177758 | 0.15443841 | 0.17607223 | 0.14841629 | 0.18690314 | 0.16758494 | 0.15815861 | 0.17397198 | 0.16534337 | 0.01413451
Load 110 | 0.14882033 | 0.17799211 | 0.14199255 | 0.15150115 | 0.15670290 | 0.15405165 | 0.17494305 | 0.18257081 | 0.19308088 | 0.16651904 | 0.14456173 | 0.15100365 | 0.16674260 | 0.18755760 | 0.18613139 | 0.13602251 | 0.15987174 | 0.15920628 | 0.18845121 | 0.15348176 | 0.16406025 | 0.01683130
Load 111 | 0.17377638 | 0.15440181 | 0.18727106 | 0.18529930 | 0.20078057 | 0.18087971 | 0.18424508 | 0.18572695 | 0.15531820 | 0.17429577 | 0.16318962 | 0.17112299 | 0.20121686 | 0.16117216 | 0.17299206 | 0.15693601 | 0.20087146 | 0.17164855 | 0.16183137 | 0.18959963 | 0.17662878 | 0.01474366
Load 112 | 0.16266667 | 0.18244170 | 0.19709898 | 0.16804408 | 0.17324955 | 0.18602541 | 0.19242762 | 0.18036428 | 0.17106460 | 0.18655098 | 0.19810469 | 0.17129841 | 0.18738739 | 0.18372703 | 0.20160930 | 0.18918919 | 0.16416553 | 0.17165847 | 0.17412713 | 0.17181023 | 0.18065056 | 0.01126435
Load 113 | 0.20915896 | 0.19296703 | 0.16983696 | 0.20353982 | 0.19939315 | 0.20249221 | 0.19784946 | 0.19543693 | 0.18680832 | 0.16416593 | 0.20062416 | 0.17442386 | 0.15848717 | 0.19722583 | 0.18530351 | 0.19159512 | 0.18935185 | 0.19234317 | 0.17556600 | 0.17895204 | 0.18827608 | 0.01356654
Load 114 | 0.21104877 | 0.19991213 | 0.17719298 | 0.18040780 | 0.19982238 | 0.19704219 | 0.20202020 | 0.17067635 | 0.20443671 | 0.18396846 | 0.19020300 | 0.16201620 | 0.18693285 | 0.19517544 | 0.19370567 | 0.19845361 | 0.19630797 | 0.18009687 | 0.17795139 | 0.18096932 | 0.18941702 | 0.01218277
Load 115 | 0.18633000 | 0.20100045 | 0.18640252 | 0.18908297 | 0.22070729 | 0.18327703 | 0.17411121 | 0.18137901 | 0.20000000 | 0.20301724 | 0.17739872 | 0.18334049 | 0.20087146 | 0.17863398 | 0.18758374 | 0.20907549 | 0.19584439 | 0.19897084 | 0.19461959 | 0.19612903 | 0.19238877 | 0.01142861
Load 116 | 0.17905259 | 0.20128755 | 0.18584071 | 0.22407330 | 0.20817531 | 0.19294328 | 0.18104982 | 0.18518519 | 0.19601630 | 0.21337185 | 0.21921922 | 0.18387909 | 0.18304348 | 0.18801207 | 0.19191050 | 0.20713664 | 0.18293718 | 0.18738899 | 0.21617021 | 0.20250974 | 0.19646015 | 0.01370140
Load 117 | 0.19800747 | 0.19351975 | 0.16703786 | 0.21667390 | 0.22141328 | 0.20371151 | 0.20738514 | 0.20254777 | 0.21005155 | 0.20765262 | 0.22819644 | 0.20952381 | 0.19119551 | 0.21910348 | 0.21808288 | 0.19772344 | 0.19209282 | 0.19661734 | 0.19828694 | 0.19652928 | 0.20376764 | 0.01335822
Load 118 | 0.20621118 | 0.23851665 | 0.20756303 | 0.20667794 | 0.23585691 | 0.21215986 | 0.23383711 | 0.22656578 | 0.20402915 | 0.21187527 | 0.22560203 | 0.22133221 | 0.20296167 | 0.22295897 | 0.23406006 | 0.21121417 | 0.20069354 | 0.20191055 | 0.20545610 | 0.19271495 | 0.21510986 | 0.01326369
Load 119 | 0.24502235 | 0.21617021 | 0.24863043 | 0.18967742 | 0.24006762 | 0.19895516 | 0.21709691 | 0.18113040 | 0.19965943 | 0.21913190 | 0.22469551 | 0.20989247 | 0.21490468 | 0.22685950 | 0.23974895 | 0.19715957 | 0.19930975 | 0.19662921 | 0.22263374 | 0.21722529 | 0.21523003 | 0.01844194
Load 120 | 0.23759016 | 0.23149284 | 0.21368598 | 0.21511862 | 0.24699544 | 0.20386266 | 0.23126511 | 0.18463553 | 0.23898587 | 0.24140787 | 0.20429655 | 0.25519169 | 0.24304419 | 0.23026585 | 0.22804054 | 0.20959378 | 0.23149671 | 0.21086126 | 0.20346870 | 0.23226073 | 0.22467800 | 0.01758794
Load 121 | 0.24474348 | 0.23479370 | 0.21995842 | 0.24073320 | 0.19983347 | 0.24472574 | 0.22897005 | 0.20909850 | 0.22413071 | 0.21411192 | 0.24543947 | 0.25146689 | 0.23582677 | 0.24251371 | 0.25250417 | 0.24638877 | 0.25399361 | 0.22633745 | 0.22554568 | 0.24009604 | 0.23406059 | 0.01475458
Load 122 | 0.21141649 | 0.22761824 | 0.22393020 | 0.22087379 | 0.22943365 | 0.23584521 | 0.22970297 | 0.24815422 | 0.23875715 | 0.22552301 | 0.22193437 | 0.22939959 | 0.24447226 | 0.22028263 | 0.20538721 | 0.22941417 | 0.23867314 | 0.22829189 | 0.22677824 | 0.21296694 | 0.22744277 | 0.01038102
Load 123 | 0.21280203 | 0.23783784 | 0.22962666 | 0.23348196 | 0.23996757 | 0.23788546 | 0.23976378 | 0.23293829 | 0.23395088 | 0.24682035 | 0.23747981 | 0.24498797 | 0.21921182 | 0.24129652 | 0.23733546 | 0.21516393 | 0.24015748 | 0.24989775 | 0.20204168 | 0.21540415 | 0.23240257 | 0.01247067
Load 124 | 0.25646123 | 0.23121870 | 0.24488994 | 0.25897227 | 0.24290221 | 0.21390809 | 0.21632489 | 0.23951120 | 0.24771735 | 0.23686338 | 0.22150364 | 0.24456959 | 0.23083132 | 0.22009569 | 0.24219376 | 0.22349103 | 0.23867450 | 0.22669323 | 0.23055445 | 0.24191617 | 0.23546463 | 0.01231305
Load 125 | 0.22769857 | 0.24900080 | 0.24558522 | 0.23496165 | 0.24105306 | 0.26504129 | 0.25793491 | 0.24080000 | 0.25685484 | 0.26753864 | 0.25109956 | 0.25518591 | 0.24249700 | 0.27152832 | 0.24073336 | 0.22700119 | 0.21855096 | 0.26368760 | 0.25258964 | 0.25411765 | 0.24817301 | 0.01387165
Load 126 | 0.23983903 | 0.24093904 | 0.25582346 | 0.24224886 | 0.26985981 | 0.22639225 | 0.25049000 | 0.23685251 | 0.24572981 | 0.25000000 | 0.25707547 | 0.25596613 | 0.23581974 | 0.27916993 | 0.23915687 | 0.25653846 | 0.25676752 | 0.26224329 | 0.24412003 | 0.23845541 | 0.24917438 | 0.01239006
Load 127 | 0.24044147 | 0.25756995 | 0.25788644 | 0.27262090 | 0.26403407 | 0.25159236 | 0.26856684 | 0.27340677 | 0.29780801 | 0.25326797 | 0.25106548 | 0.25283757 | 0.24301337 | 0.25316456 | 0.23298639 | 0.24593415 | 0.22009935 | 0.27120623 | 0.24900715 | 0.23637087 | 0.25464399 | 0.01670946
Load 128 | 0.26936416 | 0.25370148 | 0.25507020 | 0.25163524 | 0.23990404 | 0.28686020 | 0.25974026 | 0.26469412 | 0.24582701 | 0.23436323 | 0.24106792 | 0.27018511 | 0.26228240 | 0.25865499 | 0.26260163 | 0.25968109 | 0.27825409 | 0.29061440 | 0.24775876 | 0.28615032 | 0.26092053 | 0.01547645
Load 129 | 0.28341445 | 0.25357143 | 0.26178800 | 0.27482679 | 0.24656997 | 0.27879481 | 0.25732532 | 0.27065527 | 0.25903151 | 0.27453226 | 0.23799919 | 0.27397784 | 0.28255627 | 0.25518035 | 0.28406467 | 0.27704280 | 0.26374502 | 0.25702028 | 0.25425069 | 0.26745517 | 0.26569011 | 0.01269647
Load 130 | 0.25155039 | 0.26890432 | 0.29803776 | 0.26104258 | 0.29398581 | 0.27502877 | 0.25310559 | 0.30311927 | 0.29704097 | 0.28526523 | 0.26799849 | 0.28034901 | 0.24373576 | 0.25948345 | 0.26960388 | 0.28240213 | 0.25872534 | 0.27728840 | 0.26268187 | 0.29374535 | 0.27415472 | 0.01684189
Load 131 | 0.26391097 | 0.26462715 | 0.28382464 | 0.26625146 | 0.28058665 | 0.29542879 | 0.26641366 | 0.27579666 | 0.25891108 | 0.27207547 | 0.29941860 | 0.28619910 | 0.25963020 | 0.27510421 | 0.26786412 | 0.28271652 | 0.30364964 | 0.28468263 | 0.26798144 | 0.25352650 | 0.27542997 | 0.01353682
Load 132 | 0.27214715 | 0.28528073 | 0.26656394 | 0.26267450 | 0.26944758 | 0.28094885 | 0.28326500 | 0.28431373 | 0.27817032 | 0.27162899 | 0.26972406 | 0.29018868 | 0.31610044 | 0.23330745 | 0.27083333 | 0.27086438 | 0.28262491 | 0.27530675 | 0.25506692 | 0.29500367 | 0.27567307 | 0.01604176
Load 133 | 0.26494768 | 0.30067064 | 0.32500932 | 0.30340441 | 0.28683327 | 0.29482824 | 0.27692308 | 0.26319730 | 0.26588943 | 0.30305344 | 0.29076694 | 0.32030402 | 0.27918039 | 0.30269058 | 0.31008340 | 0.30044021 | 0.26027397 | 0.26677067 | 0.27092676 | 0.30999639 | 0.28980951 | 0.01964280
Load 134 | 0.28743169 | 0.29350649 | 0.30722022 | 0.28955114 | 0.27053140 | 0.27536779 | 0.27870722 | 0.29619970 | 0.27673193 | 0.29831144 | 0.29390018 | 0.28242836 | 0.28666420 | 0.32292788 | 0.24797048 | 0.29617605 | 0.28028593 | 0.27242152 | 0.29969419 | 0.31275567 | 0.28843917 | 0.01621546
Load 135 | 0.31037093 | 0.28877400 | 0.32947559 | 0.27097253 | 0.31019678 | 0.27262314 | 0.27892481 | 0.29157088 | 0.29879427 | 0.28205128 | 0.29558824 | 0.29835466 | 0.27940631 | 0.32023721 | 0.31224565 | 0.31716281 | 0.26785054 | 0.28220627 | 0.27668593 | 0.31998544 | 0.29517386 | 0.01839150
Load 136 | 0.27825438 | 0.32751247 | 0.30962186 | 0.29715569 | 0.31224863 | 0.29736842 | 0.30250272 | 0.30515239 | 0.32248629 | 0.30103169 | 0.29012581 | 0.30507855 | 0.29992738 | 0.31764706 | 0.30414071 | 0.28779940 | 0.29939908 | 0.29012567 | 0.30785563 | 0.29522752 | 0.30253307 | 0.01157946
Load 137 | 0.29488104 | 0.31163131 | 0.28718704 | 0.29257481 | 0.29956268 | 0.30612245 | 0.30159305 | 0.30940233 | 0.28160708 | 0.32149464 | 0.30047290 | 0.28410331 | 0.29273504 | 0.28327273 | 0.29618875 | 0.29917886 | 0.29046563 | 0.31419044 | 0.28280961 | 0.29745669 | 0.29734652 | 0.01087169
Load 138 | 0.30633007 | 0.29191395 | 0.28933474 | 0.30141458 | 0.29887559 | 0.29974720 | 0.29477197 | 0.30378816 | 0.29676935 | 0.29948110 | 0.32107143 | 0.29651163 | 0.30606173 | 0.29981982 | 0.30976059 | 0.32170819 | 0.29150233 | 0.31390776 | 0.30297598 | 0.29675538 | 0.30212508 | 0.00874382
Load 139 | 0.30134987 | 0.30082764 | 0.31236598 | 0.32026836 | 0.30049610 | 0.31902058 | 0.31560284 | 0.29748603 | 0.28846867 | 0.33795014 | 0.31809938 | 0.31537916 | 0.30859232 | 0.32190343 | 0.34669407 | 0.30791471 | 0.28706395 | 0.30483271 | 0.33443587 | 0.30047290 | 0.31196124 | 0.01521054
Load 140 | 0.30301915 | 0.31707317 | 0.32028725 | 0.33054393 | 0.30868629 | 0.32178218 | 0.31725417 | 0.32144094 | 0.32097877 | 0.30671506 | 0.31738213 | 0.31595412 | 0.31678571 | 0.32417582 | 0.29882185 | 0.34831461 | 0.30223198 | 0.35124957 | 0.28100988 | 0.33642612 | 0.31800664 | 0.01585946
Load 141 | 0.31819782 | 0.33063665 | 0.34190141 | 0.33274895 | 0.32890961 | 0.32979815 | 0.31933663 | 0.32380632 | 0.31634820 | 0.33821952 | 0.30417847 | 0.31334761 | 0.33946903 | 0.30166837 | 0.33016878 | 0.30144928 | 0.31685945 | 0.31735657 | 0.32198034 | 0.30782255 | 0.32171018 | 0.01196236
Load 142 | 0.30702073 | 0.34767153 | 0.32186732 | 0.32262570 | 0.31157375 | 0.33730159 | 0.32515119 | 0.33437936 | 0.32845188 | 0.31744919 | 0.32087989 | 0.29848046 | 0.32042254 | 0.35077793 | 0.30648114 | 0.31650418 | 0.33768065 | 0.32681564 | 0.33462623 | 0.32953761 | 0.32478493 | 0.01311200
Load 143 | 0.31910427 | 0.32459677 | 0.32853127 | 0.35153584 | 0.33069239 | 0.34284720 | 0.31694376 | 0.33989637 | 0.33793103 | 0.29856851 | 0.36714286 | 0.35469651 | 0.30337861 | 0.34882908 | 0.32845473 | 0.32083634 | 0.32388377 | 0.30920114 | 0.33645833 | 0.33458135 | 0.33090551 | 0.01696178
Load 144 | 0.33039803 | 0.34091681 | 0.32248008 | 0.34667595 | 0.32349879 | 0.33413960 | 0.34335337 | 0.31789474 | 0.35969209 | 0.32423813 | 0.29817800 | 0.33539732 | 0.32367150 | 0.34409318 | 0.33322011 | 0.29612178 | 0.31219512 | 0.34528689 | 0.31217300 | 0.32350877 | 0.32835666 | 0.01588744
Load 145 | 0.35335570 | 0.32957746 | 0.34746922 | 0.30344585 | 0.32790368 | 0.32001390 | 0.34563643 | 0.33151618 | 0.31208867 | 0.32238193 | 0.32574431 | 0.35266030 | 0.32347765 | 0.32126376 | 0.34996559 | 0.30258957 | 0.33763516 | 0.33981612 | 0.35654304 | 0.36231405 | 0.33326993 | 0.01699365
Load 146 | 0.31591780 | 0.32516862 | 0.31307098 | 0.35605805 | 0.32821229 | 0.34679904 | 0.33808200 | 0.32529711 | 0.34486410 | 0.35781991 | 0.31895652 | 0.33437500 | 0.31844528 | 0.33891929 | 0.33333333 | 0.30533004 | 0.34104046 | 0.34133612 | 0.36087402 | 0.32712858 | 0.33355143 | 0.01498077
Load 147 | 0.33869863 | 0.34778192 | 0.33425034 | 0.30745234 | 0.34797529 | 0.32613169 | 0.35310345 | 0.33622415 | 0.36451078 | 0.32611833 | 0.33422819 | 0.34696614 | 0.34650456 | 0.35120643 | 0.32812500 | 0.33209585 | 0.33964772 | 0.36886854 | 0.31743248 | 0.36556522 | 0.34064435 | 0.01554243
Load 148 | 0.37153482 | 0.34897064 | 0.32923996 | 0.35704961 | 0.34231806 | 0.36345246 | 0.32972973 | 0.35152542 | 0.35000000 | 0.33831522 | 0.33550600 | 0.35010128 | 0.35102740 | 0.35806988 | 0.35367115 | 0.34897754 | 0.31848853 | 0.34344491 | 0.35201869 | 0.35974376 | 0.34765925 | 0.01235187
Load 149 | 0.33768016 | 0.36514658 | 0.35497835 | 0.36329841 | 0.33623577 | 0.34051010 | 0.36589460 | 0.36840347 | 0.36537196 | 0.35903533 | 0.38806473 | 0.36801862 | 0.36081794 | 0.33923103 | 0.34582624 | 0.36016233 | 0.36411609 | 0.36445183 | 0.36129905 | 0.36952998 | 0.35890363 | 0.01270945
Load 150 | 0.37529372 | 0.36444886 | 0.34071836 | 0.36453370 | 0.34629692 | 0.35802048 | 0.34917492 | 0.36104670 | 0.35242434 | 0.33241379 | 0.35966667 | 0.36625245 | 0.33310650 | 0.38942931 | 0.35309705 | 0.35600677 | 0.35290148 | 0.35961604 | 0.37868256 | 0.37021550 | 0.35816731 | 0.01397012
Load 151 | 0.34346103 | 0.35806870 | 0.36228534 | 0.35869565 | 0.36744800 | 0.32960326 | 0.37037037 | 0.37649800 | 0.35161930 | 0.36372679 | 0.34596696 | 0.33881038 | 0.36912752 | 0.36651285 | 0.35484961 | 0.34513557 | 0.33806626 | 0.37292724 | 0.37623133 | 0.35466487 | 0.35720345 | 0.01328594
Load 152 | 0.34025717 | 0.36354744 | 0.37206266 | 0.35533333 | 0.38065977 | 0.32976589 | 0.36816564 | 0.34886818 | 0.35456690 | 0.36970518 | 0.40057729 | 0.36043450 | 0.35395875 | 0.32915980 | 0.35916640 | 0.35391766 | 0.36446255 | 0.38015421 | 0.37690561 | 0.37955466 | 0.36206118 | 0.01718460
Load 153 | 0.38315389 | 0.35096774 | 0.36940419 | 0.36988543 | 0.39124755 | 0.36759411 | 0.36445589 | 0.35662009 | 0.38430141 | 0.38558095 | 0.36511089 | 0.37565445 | 0.36101808 | 0.36590984 | 0.36957929 | 0.37671233 | 0.35735736 | 0.38307642 | 0.37395229 | 0.34267810 | 0.36971302 | 0.01212379
Load 154 | 0.36100386 | 0.36454311 | 0.34681496 | 0.38104705 | 0.36463914 | 0.37560193 | 0.37113402 | 0.39906687 | 0.36598952 | 0.35763098 | 0.35496822 | 0.37094723 | 0.35164835 | 0.35786062 | 0.36831483 | 0.37715720 | 0.36720026 | 0.38225594 | 0.33386993 | 0.35074380 | 0.36512189 | 0.01408729
Load 155 | 0.38130185 | 0.38345624 | 0.38459129 | 0.37673219 | 0.37249754 | 0.41040823 | 0.38342297 | 0.37398638 | 0.36944711 | 0.39878283 | 0.36506379 | 0.37934363 | 0.38845554 | 0.38564003 | 0.35915033 | 0.39515072 | 0.39252043 | 0.39301875 | 0.36984494 | 0.36216047 | 0.38124876 | 0.01273951
Load 156 | 0.37247228 | 0.36601307 | 0.36995516 | 0.40859545 | 0.38157895 | 0.35820896 | 0.37407288 | 0.36214262 | 0.39501438 | 0.36743421 | 0.34378061 | 0.38082557 | 0.37095751 | 0.38276423 | 0.36730642 | 0.37204234 | 0.39340019 | 0.39252043 | 0.37439222 | 0.38052241 | 0.37569999 | 0.01416019
Load 157 | 0.36842105 | 0.36610608 | 0.36719264 | 0.37275400 | 0.38582425 | 0.37636832 | 0.37349398 | 0.38554987 | 0.37267277 | 0.38451654 | 0.36840442 | 0.36159281 | 0.39240112 | 0.38316863 | 0.38029525 | 0.38415404 | 0.38911737 | 0.38789376 | 0.39980354 | 0.38920817 | 0.37944693 | 0.01002177
Load 158 | 0.36636163 | 0.38109453 | 0.39523959 | 0.38459027 | 0.38370278 | 0.37014189 | 0.37737022 | 0.37673496 | 0.39303797 | 0.39547312 | 0.40315107 | 0.38014370 | 0.38528407 | 0.38008906 | 0.37146530 | 0.39437954 | 0.37289235 | 0.37331190 | 0.41003407 | 0.40285095 | 0.38486745 | 0.01197403
Load 159 | 0.38731738 | 0.40109223 | 0.40933459 | 0.39143731 | 0.38204055 | 0.40703518 | 0.40205224 | 0.40024822 | 0.38789589 | 0.39704069 | 0.38808838 | 0.39569019 | 0.38261142 | 0.37031100 | 0.41750742 | 0.39626750 | 0.38991117 | 0.39358692 | 0.36995516 | 0.38101110 | 0.39252173 | 0.01184581
Load 160 | 0.39694656 | 0.39031250 | 0.38528407 | 0.38899312 | 0.38736177 | 0.39780018 | 0.41025641 | 0.40393483 | 0.38057825 | 0.38394864 | 0.40219045 | 0.37907268 | 0.38913596 | 0.38522261 | 0.39759778 | 0.38551980 | 0.39044072 | 0.40781779 | 0.39722222 | 0.38579474 | 0.39227155 | 0.00872638
Load 161 | 0.39249462 | 0.37096248 | 0.39586596 | 0.38339057 | 0.40675920 | 0.38740695 | 0.37920299 | 0.40138845 | 0.39828431 | 0.39446689 | 0.41191302 | 0.39733664 | 0.39657903 | 0.38005051 | 0.39981589 | 0.41515341 | 0.37828536 | 0.39897534 | 0.40983607 | 0.39755352 | 0.39478606 | 0.01158601
Load 162 | 0.38341646 | 0.40148699 | 0.38461538 | 0.38995895 | 0.41768666 | 0.41230207 | 0.40493381 | 0.40959410 | 0.41087708 | 0.38201902 | 0.36945048 | 0.40110565 | 0.40182927 | 0.38995660 | 0.40345559 | 0.39783282 | 0.38224527 | 0.39425505 | 0.37746914 | 0.39454488 | 0.39545176 | 0.01257808
Load 163 | 0.38276492 | 0.40439627 | 0.35920852 | 0.38675079 | 0.41419394 | 0.40340076 | 0.41126845 | 0.39987696 | 0.41216849 | 0.38981999 | 0.39062008 | 0.40249610 | 0.38361669 | 0.39476849 | 0.39682540 | 0.40892532 | 0.41823221 | 0.39095415 | 0.39767868 | 0.39391144 | 0.39709388 | 0.01325729
Load 164 | 0.41066586 | 0.42984615 | 0.41284672 | 0.40685820 | 0.41365941 | 0.40357479 | 0.40702736 | 0.40873016 | 0.42016299 | 0.39134383 | 0.39539944 | 0.42667471 | 0.40354035 | 0.40883978 | 0.40982606 | 0.41083591 | 0.40552995 | 0.40246154 | 0.42067947 | 0.39251170 | 0.40905072 | 0.00985509
Load 165 | 0.43145788 | 0.40397554 | 0.41729210 | 0.42125633 | 0.39682540 | 0.43065250 | 0.38924731 | 0.41011068 | 0.40699088 | 0.40882976 | 0.42186572 | 0.42734519 | 0.40791897 | 0.41388401 | 0.39173047 | 0.40491356 | 0.42682927 | 0.39718051 | 0.40457556 | 0.43136077 | 0.41221212 | 0.01298833
Load 166 | 0.40540541 | 0.42301852 | 0.41349584 | 0.40006075 | 0.41732283 | 0.42806812 | 0.41696429 | 0.42882775 | 0.42388060 | 0.41697192 | 0.40801959 | 0.42420538 | 0.43131951 | 0.41517857 | 0.41467780 | 0.41592658 | 0.40250821 | 0.43340646 | 0.39752116 | 0.42030732 | 0.41685433 | 0.00999080
Load 167 | 0.42310030 | 0.40011855 | 0.41018686 | 0.45613515 | 0.41281669 | 0.39821429 | 0.44875507 | 0.39699248 | 0.40902345 | 0.43668502 | 0.41750228 | 0.43331375 | 0.44048321 | 0.40329341 | 0.41017873 | 0.40883318 | 0.43707230 | 0.42460549 | 0.41998205 | 0.40175953 | 0.41945259 | 0.01707475
Load 168 | 0.41868717 | 0.40633403 | 0.42102138 | 0.43034605 | 0.41683778 | 0.43341121 | 0.43952802 | 0.42119323 | 0.42265923 | 0.42179952 | 0.40860534 | 0.42460796 | 0.42375410 | 0.42903995 | 0.43929099 | 0.42458432 | 0.42500734 | 0.42220305 | 0.43048372 | 0.42000000 | 0.42396972 | 0.00819820
Load 169 | 0.41230678 | 0.42952007 | 0.42260295 | 0.42681094 | 0.43864083 | 0.42963404 | 0.40271084 | 0.42117578 | 0.42291667 | 0.44276583 | 0.42568754 | 0.40011944 | 0.42007212 | 0.42655699 | 0.42890173 | 0.42503682 | 0.42922244 | 0.40637329 | 0.43157280 | 0.41107433 | 0.42268511 | 0.01092177
Load 170 | 0.41101569 | 0.42723712 | 0.42781845 | 0.42848820 | 0.40947242 | 0.41525424 | 0.42652945 | 0.42595374 | 0.41491911 | 0.43998812 | 0.41505441 | 0.41022661 | 0.42296678 | 0.43506303 | 0.40240328 | 0.43342191 | 0.43707289 | 0.40660626 | 0.42902850 | 0.45350587 | 0.42360130 | 0.01257807
Load 171 | 0.41933571 | 0.43341961 | 0.45231214 | 0.42285550 | 0.43851508 | 0.42827748 | 0.43629124 | 0.44754628 | 0.43787661 | 0.43494424 | 0.44933295 | 0.44747653 | 0.42502952 | 0.42778262 | 0.44899738 | 0.43228415 | 0.46227233 | 0.43738657 | 0.42583309 | 0.43177843 | 0.43697737 | 0.01095800
Load 172 | 0.43655413 | 0.42697620 | 0.41866667 | 0.42271106 | 0.43419190 | 0.45099715 | 0.44422024 | 0.42621502 | 0.41850869 | 0.43348281 | 0.44060284 | 0.42595769 | 0.43691315 | 0.42628300 | 0.44229149 | 0.41046512 | 0.42203986 | 0.45100907 | 0.43907981 | 0.43007607 | 0.43186210 | 0.01070923
Load 173 | 0.43376919 | 0.43267820 | 0.44543111 | 0.39994097 | 0.43934142 | 0.44444444 | 0.44787204 | 0.42723933 | 0.44434858 | 0.42443361 | 0.44516894 | 0.44629305 | 0.44244502 | 0.44593822 | 0.41757594 | 0.43650325 | 0.46024759 | 0.42786070 | 0.43217391 | 0.43997686 | 0.43668412 | 0.01275572
Load 174 | 0.46313747 | 0.43990865 | 0.43434953 | 0.44616266 | 0.43562661 | 0.44299119 | 0.43727298 | 0.42380813 | 0.46211283 | 0.45736872 | 0.44309173 | 0.45102572 | 0.43714448 | 0.44489209 | 0.43103953 | 0.45691102 | 0.44747191 | 0.41527656 | 0.43297205 | 0.44968190 | 0.44261229 | 0.01203496
Load 175 | 0.43468274 | 0.43209877 | 0.43968531 | 0.45255894 | 0.44389678 | 0.43818920 | 0.44362814 | 0.43787661 | 0.43612597 | 0.42282673 | 0.41883592 | 0.45046083 | 0.43634225 | 0.44363952 | 0.44155481 | 0.42453380 | 0.46480044 | 0.45395480 | 0.46264449 | 0.45092915 | 0.44146326 | 0.01187304
Load 176 | 0.44812680 | 0.44176590 | 0.45906268 | 0.45482177 | 0.45989761 | 0.46443515 | 0.44054524 | 0.43017702 | 0.44924285 | 0.43085258 | 0.44707561 | 0.45022624 | 0.42446465 | 0.43720146 | 0.45295775 | 0.43436960 | 0.44463182 | 0.43050360 | 0.42980437 | 0.42730141 | 0.44287321 | 0.01167535
Load 177 | 0.44394239 | 0.44116813 | 0.45530325 | 0.44790487 | 0.46390870 | 0.42631282 | 0.45636261 | 0.44796884 | 0.47179204 | 0.43799772 | 0.44171247 | 0.46192329 | 0.45201238 | 0.44912380 | 0.46655565 | 0.43826984 | 0.46250348 | 0.46462978 | 0.46136618 | 0.45381295 | 0.45222856 | 0.01141801
Load 178 | 0.48121547 | 0.44450610 | 0.45594714 | 0.45636261 | 0.46546884 | 0.43735632 | 0.44597195 | 0.45537948 | 0.43236515 | 0.44971429 | 0.43733942 | 0.44217687 | 0.44672477 | 0.43419926 | 0.46850829 | 0.45704660 | 0.43527043 | 0.45680700 | 0.44168527 | 0.44468905 | 0.44943672 | 0.01237781
Load 179 | 0.44360692 | 0.43562110 | 0.46266554 | 0.44398682 | 0.45086544 | 0.46689208 | 0.44400227 | 0.47017642 | 0.47196129 | 0.45244073 | 0.45999426 | 0.49115686 | 0.45077139 | 0.47433434 | 0.46887853 | 0.42404151 | 0.45219989 | 0.45413745 | 0.44836415 | 0.44788183 | 0.45569894 | 0.01492973
Load 180 | 0.44201251 | 0.45392022 | 0.43608392 | 0.46292197 | 0.45211888 | 0.45457079 | 0.44381545 | 0.44488750 | 0.46093326 | 0.45391256 | 0.46505152 | 0.46584516 | 0.45035852 | 0.44673157 | 0.46921385 | 0.47151987 | 0.45421451 | 0.44993103 | 0.43321497 | 0.46933187 | 0.45402950 | 0.01080187
Load 181 | 0.46544391 | 0.45524862 | 0.45216908 | 0.44494006 | 0.43323615 | 0.45819398 | 0.44663702 | 0.46453216 | 0.47435897 | 0.46402781 | 0.45091009 | 0.45731532 | 0.45650970 | 0.47482211 | 0.46544546 | 0.45713488 | 0.45343681 | 0.48262346 | 0.46293245 | 0.45072836 | 0.45853232 | 0.01106202
Load 182 | 0.46166760 | 0.46390599 | 0.45487566 | 0.45597138 | 0.47364108 | 0.46418808 | 0.45864872 | 0.44936004 | 0.46920493 | 0.45646800 | 0.43820542 | 0.46533843 | 0.45780534 | 0.44741330 | 0.45066234 | 0.45507812 | 0.44314952 | 0.47430613 | 0.45592212 | 0.43570220 | 0.45657572 | 0.01028506
Load 183 | 0.45610634 | 0.45464481 | 0.46162251 | 0.46534384 | 0.44796003 | 0.46689989 | 0.45691275 | 0.46265390 | 0.45303712 | 0.46102263 | 0.47325328 | 0.45969983 | 0.45392211 | 0.46844861 | 0.45875862 | 0.46548913 | 0.47826087 | 0.45662100 | 0.46521146 | 0.44538968 | 0.46056292 | 0.00783770
Load 184 | 0.45891346 | 0.48022599 | 0.48141061 | 0.47328444 | 0.47222222 | 0.48250972 | 0.46149584 | 0.46233548 | 0.46379909 | 0.45192308 | 0.47241098 | 0.45919187 | 0.46411617 | 0.45784447 | 0.47699304 | 0.45667125 | 0.45827558 | 0.47955592 | 0.46070461 | 0.46701434 | 0.46704491 | 0.00923906
Load 185 | 0.47564546 | 0.45927540 | 0.49788695 | 0.47578271 | 0.47550354 | 0.46517345 | 0.48077448 | 0.48422169 | 0.46066196 | 0.47081712 | 0.46888646 | 0.47142467 | 0.48421053 | 0.47687784 | 0.47358439 | 0.46933333 | 0.48312843 | 0.45537190 | 0.46724418 | 0.45795148 | 0.47268780 | 0.01019369
Load 186 | 0.46360153 | 0.48068331 | 0.46168427 | 0.46774615 | 0.47106109 | 0.47678186 | 0.45021529 | 0.49011045 | 0.50466563 | 0.47857889 | 0.48810782 | 0.47601378 | 0.46956047 | 0.46982055 | 0.45686381 | 0.48262860 | 0.50390829 | 0.47090810 | 0.48289474 | 0.46932185 | 0.47575782 | 0.01359816
Load 187 | 0.48286853 | 0.48777896 | 0.46958175 | 0.48899496 | 0.48268456 | 0.48209960 | 0.47700216 | 0.47717508 | 0.47567710 | 0.46310364 | 0.46255623 | 0.45910076 | 0.47590688 | 0.47869542 | 0.45553203 | 0.47748468 | 0.47959184 | 0.45832202 | 0.47152741 | 0.46984723 | 0.47377654 | 0.00955461
Load 188 | 0.47427984 | 0.49386817 | 0.46627251 | 0.48338131 | 0.47627932 | 0.47843240 | 0.48268625 | 0.48169917 | 0.47821522 | 0.49304644 | 0.49004306 | 0.47294118 | 0.47606167 | 0.50244530 | 0.46438136 | 0.47026170 | 0.46475771 | 0.47230244 | 0.47690655 | 0.48404543 | 0.47911535 | 0.00983706
Load 189 | 0.48078947 | 0.48481729 | 0.47100874 | 0.48404115 | 0.45933531 | 0.49450837 | 0.49036685 | 0.49353050 | 0.47298398 | 0.48175374 | 0.47309237 | 0.47938813 | 0.47950927 | 0.47752957 | 0.51016099 | 0.46696617 | 0.46594595 | 0.49448819 | 0.47720529 | 0.49195223 | 0.48146868 | 0.01172672
Load 190 | 0.47572816 | 0.48130719 | 0.49287532 | 0.46636291 | 0.48028206 | 0.48238058 | 0.49183781 | 0.49244792 | 0.46923488 | 0.48837209 | 0.50391850 | 0.48994845 | 0.49894681 | 0.48323878 | 0.49699974 | 0.47601279 | 0.49225427 | 0.46125364 | 0.49070832 | 0.48017035 | 0.48471403 | 0.01089906
Load 191 | 0.45748438 | 0.48334605 | 0.47802496 | 0.51668405 | 0.48228244 | 0.49216883 | 0.48395794 | 0.49218149 | 0.49282787 | 0.51103037 | 0.47198732 | 0.48795025 | 0.48566921 | 0.45994144 | 0.48910223 | 0.46922061 | 0.49481059 | 0.48006296 | 0.47383876 | 0.50129735 | 0.48519345 | 0.01456871
Load 192 | 0.49160546 | 0.50243527 | 0.49256845 | 0.48734504 | 0.48588449 | 0.49281421 | 0.48992604 | 0.50658588 | 0.48636602 | 0.49794344 | 0.48537859 | 0.49217299 | 0.47978506 | 0.50026497 | 0.48163265 | 0.47865695 | 0.48610750 | 0.51501035 | 0.47711222 | 0.49028871 | 0.49099421 | 0.00940390
Load 193 | 0.49910003 | 0.50484166 | 0.50978399 | 0.48713992 | 0.47782620 | 0.48671436 | 0.48652151 | 0.50305344 | 0.47684703 | 0.48730320 | 0.50524699 | 0.50738916 | 0.48842653 | 0.47593446 | 0.48734673 | 0.50853154 | 0.50423185 | 0.49642310 | 0.49641577 | 0.48755832 | 0.49383179 | 0.01074089
Load 194 | 0.48387909 | 0.50843061 | 0.50012694 | 0.49382398 | 0.49414215 | 0.48774057 | 0.49649077 | 0.49058524 | 0.50685279 | 0.49385194 | 0.47900913 | 0.50369640 | 0.49410223 | 0.48253218 | 0.49287975 | 0.48807998 | 0.51230366 | 0.49732348 | 0.50000000 | 0.48212435 | 0.49439876 | 0.00887980
Load 195 | 0.47756494 | 0.48908075 | 0.48733043 | 0.49117342 | 0.49640288 | 0.48907174 | 0.48917197 | 0.48290155 | 0.49763655 | 0.48858561 | 0.49175336 | 0.51089952 | 0.50661578 | 0.50127812 | 0.51646091 | 0.50051653 | 0.50519382 | 0.50962513 | 0.48672338 | 0.50792434 | 0.49629554 | 0.01031138
Load 196 | 0.48739063 | 0.48847803 | 0.50535714 | 0.49380218 | 0.48338525 | 0.51515152 | 0.50742138 | 0.50938204 | 0.48987342 | 0.50099404 | 0.50155199 | 0.47089533 | 0.50693919 | 0.48208301 | 0.50526316 | 0.49662863 | 0.51486658 | 0.50038256 | 0.52125000 | 0.50544166 | 0.49932689 | 0.01237360
Load 197 | 0.51037449 | 0.51914786 | 0.48816493 | 0.49364837 | 0.50351105 | 0.49422633 | 0.48804320 | 0.49818182 | 0.50450450 | 0.49937826 | 0.49810940 | 0.50758725 | 0.51151607 | 0.49106019 | 0.50752359 | 0.50553981 | 0.49157582 | 0.49338178 | 0.48696985 | 0.49365449 | 0.49930495 | 0.00878472
Load 198 | 0.51737452 | 0.50795655 | 0.48961721 | 0.51313079 | 0.52752976 | 0.48052281 | 0.48610008 | 0.49751120 | 0.50889056 | 0.50969388 | 0.50050891 | 0.50298656 | 0.50062988 | 0.52484322 | 0.49520202 | 0.48585859 | 0.48803828 | 0.49272818 | 0.49654643 | 0.50592089 | 0.50157952 | 0.01264491
Load 199 | 0.51780488 | 0.51154133 | 0.50353001 | 0.50425148 | 0.49774887 | 0.51645138 | 0.48580597 | 0.49587203 | 0.50153139 | 0.52316275 | 0.49621976 | 0.50682853 | 0.49821337 | 0.49720670 | 0.51122129 | 0.50254453 | 0.49797878 | 0.51625813 | 0.51201983 | 0.50177846 | 0.50489847 | 0.00909476
Load 200 | 0.49556401 | 0.50572956 | 0.51437779 | 0.51438025 | 0.52233677 | 0.48022745 | 0.51406844 | 0.50350175 | 0.51263184 | 0.49911100 | 0.51508462 | 0.49796699 | 0.51097561 | 0.51166368 | 0.51986183 | 0.51702554 | 0.51686508 | 0.53173198 | 0.50707786 | 0.50714823 | 0.50986651 | 0.01082720
