# TODAS AS PROBABILIDADES (20 SIMULAÇÕES)
# Requisição 5: [3,8]
# Modo: CONJUNTO
# Data: 2026-02-09 23:16:46
# ================================================================================
# Formato: Load | Sim1 | Sim2 | ... | Sim20 | Média | DesvioPadrão
# ================================================================================

Load   1 | 0.00000000 | 0.00000000 | 0.00000000 | 0.00000000 | 0.00000000 | 0.00000000 | 0.00000000 | 0.00000000 | 0.00000000 | 0.00000000 | 0.00000000 | 0.00000000 | 0.00000000 | 0.00000000 | 0.00000000 | 0.00000000 | 0.00000000 | 0.00000000 | 0.00000000 | 0.00000000 | 0.00000000 | 0.00000000
Load   2 | 0.00000000 | 0.00000000 | 0.00000000 | 0.00000000 | 0.00000000 | 0.00000000 | 0.00000000 | 0.00000000 | 0.00000000 | 0.00000000 | 0.00000000 | 0.00000000 | 0.00000000 | 0.00000000 | 0.00000000 | 0.00000000 | 0.00000000 | 0.00000000 | 0.00000000 | 0.00000000 | 0.00000000 | 0.00000000
Load   3 | 0.00000000 | 0.00000000 | 0.00000000 | 0.00000000 | 0.00000000 | 0.00000000 | 0.00000000 | 0.00000000 | 0.00000000 | 0.00000000 | 0.00000000 | 0.00000000 | 0.00000000 | 0.00000000 | 0.00000000 | 0.00000000 | 0.00000000 | 0.00000000 | 0.00000000 | 0.00000000 | 0.00000000 | 0.00000000
Load   4 | 0.00000000 | 0.00000000 | 0.00000000 | 0.00000000 | 0.00000000 | 0.00000000 | 0.00000000 | 0.00000000 | 0.00000000 | 0.00000000 | 0.00000000 | 0.00000000 | 0.00000000 | 0.00000000 | 0.00000000 | 0.00000000 | 0.00000000 | 0.00000000 | 0.00000000 | 0.00000000 | 0.00000000 | 0.00000000
Load   5 | 0.00000000 | 0.00000000 | 0.00000000 | 0.00000000 | 0.00000000 | 0.00000000 | 0.00000000 | 0.00000000 | 0.00000000 | 0.00000000 | 0.00000000 | 0.00000000 | 0.00000000 | 0.00000000 | 0.00000000 | 0.00000000 | 0.00000000 | 0.00000000 | 0.00000000 | 0.00000000 | 0.00000000 | 0.00000000
Load   6 | 0.00000000 | 0.00000000 | 0.00000000 | 0.00000000 | 0.00000000 | 0.00000000 | 0.00000000 | 0.00000000 | 0.00000000 | 0.00000000 | 0.00000000 | 0.00000000 | 0.00000000 | 0.00000000 | 0.00000000 | 0.00000000 | 0.00000000 | 0.00000000 | 0.00000000 | 0.00000000 | 0.00000000 | 0.00000000
Load   7 | 0.00000000 | 0.00000000 | 0.00000000 | 0.00000000 | 0.00000000 | 0.00000000 | 0.00000000 | 0.00000000 | 0.00000000 | 0.00000000 | 0.00000000 | 0.00000000 | 0.00000000 | 0.00000000 | 0.00000000 | 0.00000000 | 0.00000000 | 0.00000000 | 0.00000000 | 0.00000000 | 0.00000000 | 0.00000000
Load   8 | 0.00000000 | 0.00000000 | 0.00000000 | 0.00000000 | 0.00000000 | 0.00000000 | 0.00000000 | 0.00000000 | 0.00000000 | 0.00000000 | 0.00000000 | 0.00000000 | 0.00000000 | 0.00000000 | 0.00000000 | 0.00000000 | 0.00000000 | 0.00000000 | 0.00000000 | 0.00000000 | 0.00000000 | 0.00000000
Load   9 | 0.00000000 | 0.00000000 | 0.00000000 | 0.00000000 | 0.00000000 | 0.00000000 | 0.00000000 | 0.00000000 | 0.00000000 | 0.00000000 | 0.00000000 | 0.00000000 | 0.00000000 | 0.00000000 | 0.00000000 | 0.00000000 | 0.00000000 | 0.00000000 | 0.00000000 | 0.00000000 | 0.00000000 | 0.00000000
Load  10 | 0.00000000 | 0.00000000 | 0.00000000 | 0.00000000 | 0.00000000 | 0.00000000 | 0.00000000 | 0.00000000 | 0.00000000 | 0.00000000 | 0.00000000 | 0.00000000 | 0.00000000 | 0.00000000 | 0.00000000 | 0.00000000 | 0.00000000 | 0.00000000 | 0.00000000 | 0.00000000 | 0.00000000 | 0.00000000
Load  11 | 0.00000000 | 0.00000000 | 0.00000000 | 0.00000000 | 0.00000000 | 0.00000000 | 0.00000000 | 0.00000000 | 0.00000000 | 0.00000000 | 0.00000000 | 0.00000000 | 0.00000000 | 0.00000000 | 0.00000000 | 0.00000000 | 0.00000000 | 0.00000000 | 0.00000000 | 0.00000000 | 0.00000000 | 0.00000000
Load  12 | 0.00000000 | 0.00000000 | 0.00000000 | 0.00000000 | 0.00000000 | 0.00000000 | 0.00000000 | 0.00000000 | 0.00000000 | 0.00000000 | 0.00000000 | 0.00000000 | 0.00000000 | 0.00000000 | 0.00000000 | 0.00000000 | 0.00000000 | 0.00000000 | 0.00000000 | 0.00000000 | 0.00000000 | 0.00000000
Load  13 | 0.00000000 | 0.00000000 | 0.00000000 | 0.00000000 | 0.00000000 | 0.00000000 | 0.00000000 | 0.00000000 | 0.00000000 | 0.00000000 | 0.00000000 | 0.00000000 | 0.00000000 | 0.00000000 | 0.00000000 | 0.00000000 | 0.00000000 | 0.00000000 | 0.00000000 | 0.00000000 | 0.00000000 | 0.00000000
Load  14 | 0.00000000 | 0.00000000 | 0.00000000 | 0.00000000 | 0.00000000 | 0.00000000 | 0.00000000 | 0.00000000 | 0.00000000 | 0.00000000 | 0.00000000 | 0.00000000 | 0.00000000 | 0.00000000 | 0.00000000 | 0.00000000 | 0.00000000 | 0.00000000 | 0.00000000 | 0.00000000 | 0.00000000 | 0.00000000
Load  15 | 0.00000000 | 0.00000000 | 0.00000000 | 0.00000000 | 0.00000000 | 0.00000000 | 0.00000000 | 0.00000000 | 0.00000000 | 0.00000000 | 0.00000000 | 0.00000000 | 0.00000000 | 0.00000000 | 0.00000000 | 0.00000000 | 0.00000000 | 0.00000000 | 0.00000000 | 0.00000000 | 0.00000000 | 0.00000000
Load  16 | 0.00000000 | 0.00000000 | 0.00000000 | 0.00000000 | 0.00000000 | 0.00000000 | 0.00000000 | 0.00000000 | 0.00000000 | 0.00000000 | 0.00000000 | 0.00000000 | 0.00000000 | 0.00000000 | 0.00000000 | 0.00000000 | 0.00000000 | 0.00000000 | 0.00000000 | 0.00000000 | 0.00000000 | 0.00000000
Load  17 | 0.00000000 | 0.00000000 | 0.00000000 | 0.00000000 | 0.00000000 | 0.00000000 | 0.00000000 | 0.00000000 | 0.00000000 | 0.00000000 | 0.00000000 | 0.00000000 | 0.00000000 | 0.00000000 | 0.00000000 | 0.00000000 | 0.00000000 | 0.00000000 | 0.00000000 | 0.00000000 | 0.00000000 | 0.00000000
Load  18 | 0.00000000 | 0.00000000 | 0.00000000 | 0.00000000 | 0.00000000 | 0.00000000 | 0.00000000 | 0.00000000 | 0.00000000 | 0.00000000 | 0.00000000 | 0.00000000 | 0.00000000 | 0.00000000 | 0.00000000 | 0.00000000 | 0.00000000 | 0.00000000 | 0.00000000 | 0.00000000 | 0.00000000 | 0.00000000
Load  19 | 0.00000000 | 0.00000000 | 0.00000000 | 0.00000000 | 0.00000000 | 0.00000000 | 0.00000000 | 0.00000000 | 0.00000000 | 0.00000000 | 0.00000000 | 0.00000000 | 0.00000000 | 0.00000000 | 0.00000000 | 0.00000000 | 0.00000000 | 0.00000000 | 0.00000000 | 0.00000000 | 0.00000000 | 0.00000000
Load  20 | 0.00000000 | 0.00000000 | 0.00000000 | 0.00000000 | 0.00000000 | 0.00000000 | 0.00000000 | 0.00000000 | 0.00000000 | 0.00000000 | 0.00000000 | 0.00000000 | 0.00000000 | 0.00000000 | 0.00000000 | 0.00000000 | 0.00000000 | 0.00000000 | 0.00000000 | 0.00000000 | 0.00000000 | 0.00000000
Load  21 | 0.00000000 | 0.00000000 | 0.00000000 | 0.00000000 | 0.00000000 | 0.00000000 | 0.00000000 | 0.00000000 | 0.00000000 | 0.00000000 | 0.00000000 | 0.00000000 | 0.00000000 | 0.00000000 | 0.00000000 | 0.00000000 | 0.00000000 | 0.00000000 | 0.00000000 | 0.00000000 | 0.00000000 | 0.00000000
Load  22 | 0.00000000 | 0.00000000 | 0.00000000 | 0.00000000 | 0.00000000 | 0.00000000 | 0.00000000 | 0.00000000 | 0.00000000 | 0.00000000 | 0.00000000 | 0.00000000 | 0.00000000 | 0.00000000 | 0.00000000 | 0.00000000 | 0.00000000 | 0.00000000 | 0.00000000 | 0.00000000 | 0.00000000 | 0.00000000
Load  23 | 0.00000000 | 0.00000000 | 0.00000000 | 0.00000000 | 0.00000000 | 0.00000000 | 0.00000000 | 0.00000000 | 0.00000000 | 0.00000000 | 0.00000000 | 0.00000000 | 0.00000000 | 0.00000000 | 0.00000000 | 0.00000000 | 0.00000000 | 0.00000000 | 0.00000000 | 0.00000000 | 0.00000000 | 0.00000000
Load  24 | 0.00000000 | 0.00000000 | 0.00000000 | 0.00000000 | 0.00000000 | 0.00000000 | 0.00000000 | 0.00000000 | 0.00000000 | 0.00000000 | 0.00000000 | 0.00000000 | 0.00000000 | 0.00000000 | 0.00000000 | 0.00000000 | 0.00000000 | 0.00000000 | 0.00000000 | 0.00000000 | 0.00000000 | 0.00000000
Load  25 | 0.00000000 | 0.00000000 | 0.00000000 | 0.00000000 | 0.00000000 | 0.00000000 | 0.00000000 | 0.00000000 | 0.00000000 | 0.00000000 | 0.00000000 | 0.00000000 | 0.00000000 | 0.00000000 | 0.00000000 | 0.00000000 | 0.00000000 | 0.00000000 | 0.00000000 | 0.00000000 | 0.00000000 | 0.00000000
Load  26 | 0.00000000 | 0.00000000 | 0.00000000 | 0.00000000 | 0.00000000 | 0.00000000 | 0.00000000 | 0.00000000 | 0.00000000 | 0.00000000 | 0.00000000 | 0.00000000 | 0.00000000 | 0.00000000 | 0.00000000 | 0.00000000 | 0.00000000 | 0.00000000 | 0.00000000 | 0.00000000 | 0.00000000 | 0.00000000
Load  27 | 0.00000000 | 0.00000000 | 0.00000000 | 0.00000000 | 0.00000000 | 0.00000000 | 0.00000000 | 0.00000000 | 0.00000000 | 0.00000000 | 0.00000000 | 0.00000000 | 0.00000000 | 0.00000000 | 0.00000000 | 0.00000000 | 0.00000000 | 0.00000000 | 0.00000000 | 0.00000000 | 0.00000000 | 0.00000000
Load  28 | 0.00000000 | 0.00000000 | 0.00000000 | 0.00000000 | 0.00000000 | 0.00000000 | 0.00000000 | 0.00000000 | 0.00000000 | 0.00000000 | 0.00000000 | 0.00000000 | 0.00000000 | 0.00000000 | 0.00000000 | 0.00000000 | 0.00000000 | 0.00000000 | 0.00000000 | 0.00000000 | 0.00000000 | 0.00000000
Load  29 | 0.00000000 | 0.00000000 | 0.00000000 | 0.00000000 | 0.00000000 | 0.00000000 | 0.00000000 | 0.00000000 | 0.00000000 | 0.00000000 | 0.00000000 | 0.00000000 | 0.00000000 | 0.00000000 | 0.00000000 | 0.00000000 | 0.00000000 | 0.00000000 | 0.00000000 | 0.00000000 | 0.00000000 | 0.00000000
Load  30 | 0.00000000 | 0.00000000 | 0.00000000 | 0.00000000 | 0.00000000 | 0.00000000 | 0.00000000 | 0.00000000 | 0.00000000 | 0.00000000 | 0.00000000 | 0.00000000 | 0.00000000 | 0.00000000 | 0.00000000 | 0.00000000 | 0.00000000 | 0.00000000 | 0.00000000 | 0.00000000 | 0.00000000 | 0.00000000
Load  31 | 0.00000000 | 0.00000000 | 0.00000000 | 0.00000000 | 0.00000000 | 0.00000000 | 0.00000000 | 0.00000000 | 0.00000000 | 0.00000000 | 0.00000000 | 0.00000000 | 0.00000000 | 0.00000000 | 0.00000000 | 0.00000000 | 0.00000000 | 0.00000000 | 0.00000000 | 0.00000000 | 0.00000000 | 0.00000000
Load  32 | 0.00000000 | 0.00000000 | 0.00000000 | 0.00000000 | 0.00000000 | 0.00000000 | 0.00000000 | 0.00000000 | 0.00000000 | 0.00000000 | 0.00000000 | 0.00000000 | 0.00000000 | 0.00000000 | 0.00000000 | 0.00000000 | 0.00000000 | 0.00000000 | 0.00000000 | 0.00000000 | 0.00000000 | 0.00000000
Load  33 | 0.00000000 | 0.00000000 | 0.00000000 | 0.00000000 | 0.00000000 | 0.00000000 | 0.00000000 | 0.00000000 | 0.00000000 | 0.00000000 | 0.00000000 | 0.00000000 | 0.00000000 | 0.00000000 | 0.00000000 | 0.00000000 | 0.00000000 | 0.00000000 | 0.00000000 | 0.00000000 | 0.00000000 | 0.00000000
Load  34 | 0.00000000 | 0.00000000 | 0.00000000 | 0.00000000 | 0.00000000 | 0.00000000 | 0.00000000 | 0.00000000 | 0.00000000 | 0.00000000 | 0.00000000 | 0.00000000 | 0.00000000 | 0.00000000 | 0.00000000 | 0.00000000 | 0.00000000 | 0.00000000 | 0.00000000 | 0.00000000 | 0.00000000 | 0.00000000
Load  35 | 0.00000000 | 0.00000000 | 0.00000000 | 0.00000000 | 0.00000000 | 0.00000000 | 0.00000000 | 0.00000000 | 0.00000000 | 0.00000000 | 0.00000000 | 0.00000000 | 0.00000000 | 0.00000000 | 0.00000000 | 0.00000000 | 0.00000000 | 0.00000000 | 0.00000000 | 0.00000000 | 0.00000000 | 0.00000000
Load  36 | 0.00000000 | 0.00000000 | 0.00000000 | 0.00000000 | 0.00000000 | 0.00000000 | 0.00000000 | 0.00000000 | 0.00000000 | 0.00000000 | 0.00000000 | 0.00000000 | 0.00000000 | 0.00000000 | 0.00000000 | 0.00000000 | 0.00000000 | 0.00000000 | 0.00000000 | 0.00000000 | 0.00000000 | 0.00000000
Load  37 | 0.00000000 | 0.00000000 | 0.00000000 | 0.00000000 | 0.00000000 | 0.00000000 | 0.00000000 | 0.00000000 | 0.00000000 | 0.00000000 | 0.00000000 | 0.00000000 | 0.00000000 | 0.00000000 | 0.00000000 | 0.00000000 | 0.00000000 | 0.00000000 | 0.00000000 | 0.00000000 | 0.00000000 | 0.00000000
Load  38 | 0.00000000 | 0.00000000 | 0.00000000 | 0.00000000 | 0.00000000 | 0.00000000 | 0.00000000 | 0.00000000 | 0.00000000 | 0.00000000 | 0.00000000 | 0.00000000 | 0.00000000 | 0.00000000 | 0.00000000 | 0.00000000 | 0.00000000 | 0.00000000 | 0.00000000 | 0.00000000 | 0.00000000 | 0.00000000
Load  39 | 0.00000000 | 0.00000000 | 0.00000000 | 0.00000000 | 0.00000000 | 0.00000000 | 0.00000000 | 0.00000000 | 0.00000000 | 0.00000000 | 0.00000000 | 0.00000000 | 0.00000000 | 0.00000000 | 0.00000000 | 0.00000000 | 0.00000000 | 0.00000000 | 0.00000000 | 0.00000000 | 0.00000000 | 0.00000000
Load  40 | 0.00000000 | 0.00000000 | 0.00000000 | 0.00000000 | 0.00000000 | 0.00000000 | 0.00000000 | 0.00000000 | 0.00000000 | 0.00000000 | 0.00000000 | 0.00000000 | 0.00000000 | 0.00000000 | 0.00000000 | 0.00000000 | 0.00000000 | 0.00000000 | 0.00000000 | 0.00000000 | 0.00000000 | 0.00000000
Load  41 | 0.00000000 | 0.00000000 | 0.00000000 | 0.00000000 | 0.00000000 | 0.00000000 | 0.00000000 | 0.00000000 | 0.00000000 | 0.00000000 | 0.00000000 | 0.00000000 | 0.00000000 | 0.00000000 | 0.00000000 | 0.00000000 | 0.00000000 | 0.00000000 | 0.00000000 | 0.00000000 | 0.00000000 | 0.00000000
Load  42 | 0.00000000 | 0.00000000 | 0.00000000 | 0.00000000 | 0.00000000 | 0.00000000 | 0.00000000 | 0.00000000 | 0.00000000 | 0.00000000 | 0.00000000 | 0.00000000 | 0.00000000 | 0.00000000 | 0.00000000 | 0.00000000 | 0.00000000 | 0.00000000 | 0.00000000 | 0.00000000 | 0.00000000 | 0.00000000
Load  43 | 0.00000000 | 0.00000000 | 0.00000000 | 0.00000000 | 0.00000000 | 0.00000000 | 0.00000000 | 0.00000000 | 0.00000000 | 0.00000000 | 0.00000000 | 0.00000000 | 0.00000000 | 0.00000000 | 0.00000000 | 0.00000000 | 0.00000000 | 0.00000000 | 0.00000000 | 0.00000000 | 0.00000000 | 0.00000000
Load  44 | 0.00000000 | 0.00000000 | 0.00000000 | 0.00000000 | 0.00000000 | 0.00000000 | 0.00000000 | 0.00000000 | 0.00000000 | 0.00000000 | 0.00000000 | 0.00000000 | 0.00000000 | 0.00000000 | 0.00000000 | 0.00000000 | 0.00000000 | 0.00000000 | 0.00000000 | 0.00000000 | 0.00000000 | 0.00000000
Load  45 | 0.00000000 | 0.00000000 | 0.00000000 | 0.00000000 | 0.00000000 | 0.00000000 | 0.00000000 | 0.00000000 | 0.00000000 | 0.00000000 | 0.00000000 | 0.00000000 | 0.00000000 | 0.00000000 | 0.00000000 | 0.00000000 | 0.00000000 | 0.00000000 | 0.00000000 | 0.00000000 | 0.00000000 | 0.00000000
Load  46 | 0.00000000 | 0.00000000 | 0.00000000 | 0.00000000 | 0.00000000 | 0.00000000 | 0.00000000 | 0.00000000 | 0.00000000 | 0.00000000 | 0.00000000 | 0.00000000 | 0.00000000 | 0.00000000 | 0.00000000 | 0.00000000 | 0.00000000 | 0.00000000 | 0.00000000 | 0.00000000 | 0.00000000 | 0.00000000
Load  47 | 0.00000000 | 0.00000000 | 0.00000000 | 0.00000000 | 0.00000000 | 0.00000000 | 0.00000000 | 0.00000000 | 0.00000000 | 0.00000000 | 0.00000000 | 0.00000000 | 0.00000000 | 0.00000000 | 0.00000000 | 0.00000000 | 0.00000000 | 0.00000000 | 0.00000000 | 0.00000000 | 0.00000000 | 0.00000000
Load  48 | 0.00000000 | 0.00000000 | 0.00000000 | 0.00000000 | 0.00000000 | 0.00000000 | 0.00000000 | 0.00000000 | 0.00000000 | 0.00000000 | 0.00000000 | 0.00000000 | 0.00000000 | 0.00000000 | 0.00000000 | 0.00106610 | 0.00000000 | 0.00000000 | 0.00000000 | 0.00100503 | 0.00010356 | 0.00031082
Load  49 | 0.00000000 | 0.00000000 | 0.00000000 | 0.00000000 | 0.00000000 | 0.00000000 | 0.00000000 | 0.00000000 | 0.00000000 | 0.00000000 | 0.00000000 | 0.00000000 | 0.00000000 | 0.00000000 | 0.00000000 | 0.00000000 | 0.00000000 | 0.00000000 | 0.00000000 | 0.00000000 | 0.00000000 | 0.00000000
Load  50 | 0.00000000 | 0.00000000 | 0.00000000 | 0.00000000 | 0.00000000 | 0.00000000 | 0.00000000 | 0.00000000 | 0.00000000 | 0.00000000 | 0.00000000 | 0.00000000 | 0.00000000 | 0.00000000 | 0.00000000 | 0.00000000 | 0.00000000 | 0.00000000 | 0.00000000 | 0.00000000 | 0.00000000 | 0.00000000
Load  51 | 0.00000000 | 0.00097561 | 0.00000000 | 0.00000000 | 0.00000000 | 0.00000000 | 0.00000000 | 0.00000000 | 0.00000000 | 0.00099800 | 0.00000000 | 0.00000000 | 0.00000000 | 0.00000000 | 0.00000000 | 0.00000000 | 0.00000000 | 0.00000000 | 0.00000000 | 0.00000000 | 0.00009868 | 0.00029606
Load  52 | 0.00000000 | 0.00000000 | 0.00000000 | 0.00000000 | 0.00000000 | 0.00000000 | 0.00000000 | 0.00000000 | 0.00556586 | 0.00000000 | 0.00000000 | 0.00000000 | 0.00000000 | 0.00000000 | 0.00000000 | 0.00000000 | 0.00000000 | 0.00000000 | 0.00000000 | 0.00000000 | 0.00027829 | 0.00121305
Load  53 | 0.00000000 | 0.00000000 | 0.00000000 | 0.00000000 | 0.00000000 | 0.00000000 | 0.00000000 | 0.00000000 | 0.00000000 | 0.00000000 | 0.00000000 | 0.00000000 | 0.00000000 | 0.00000000 | 0.00000000 | 0.00000000 | 0.00000000 | 0.00269784 | 0.00000000 | 0.00093110 | 0.00018145 | 0.00061183
Load  54 | 0.00000000 | 0.00088574 | 0.00000000 | 0.00000000 | 0.00178253 | 0.00000000 | 0.00000000 | 0.00000000 | 0.00000000 | 0.00000000 | 0.00000000 | 0.00000000 | 0.00000000 | 0.00000000 | 0.00000000 | 0.00177148 | 0.00000000 | 0.00000000 | 0.00000000 | 0.00000000 | 0.00022199 | 0.00055293
Load  55 | 0.00461681 | 0.00000000 | 0.00000000 | 0.00373832 | 0.00000000 | 0.00000000 | 0.00092251 | 0.00174825 | 0.00000000 | 0.00000000 | 0.00093023 | 0.00000000 | 0.00000000 | 0.00000000 | 0.00088339 | 0.00000000 | 0.00000000 | 0.00187266 | 0.00000000 | 0.00000000 | 0.00073561 | 0.00129475
Load  56 | 0.00000000 | 0.00000000 | 0.00000000 | 0.00087642 | 0.00180668 | 0.00085397 | 0.00174368 | 0.00000000 | 0.00000000 | 0.00000000 | 0.00000000 | 0.00000000 | 0.00000000 | 0.00000000 | 0.00000000 | 0.00175901 | 0.00278293 | 0.00000000 | 0.00000000 | 0.00084459 | 0.00053336 | 0.00082658
Load  57 | 0.00000000 | 0.00000000 | 0.00000000 | 0.00610820 | 0.00172712 | 0.00090498 | 0.00350263 | 0.00084818 | 0.00000000 | 0.00265018 | 0.00000000 | 0.00000000 | 0.00000000 | 0.00000000 | 0.00248756 | 0.00000000 | 0.00260643 | 0.00000000 | 0.00000000 | 0.00000000 | 0.00104176 | 0.00161863
Load  58 | 0.00000000 | 0.00000000 | 0.00173762 | 0.00000000 | 0.00496278 | 0.00340136 | 0.00087336 | 0.00087796 | 0.00085106 | 0.00000000 | 0.00245902 | 0.00000000 | 0.00411862 | 0.00537153 | 0.00668338 | 0.00000000 | 0.00081967 | 0.00000000 | 0.00000000 | 0.00583820 | 0.00189973 | 0.00224258
Load  59 | 0.00347826 | 0.00000000 | 0.00000000 | 0.00263852 | 0.00000000 | 0.00083612 | 0.00166528 | 0.00000000 | 0.00083472 | 0.00558214 | 0.00163934 | 0.00163265 | 0.00172265 | 0.00353669 | 0.00331950 | 0.00000000 | 0.00000000 | 0.00086133 | 0.00168919 | 0.00252951 | 0.00159830 | 0.00150233
Load  60 | 0.00000000 | 0.00085106 | 0.00925926 | 0.00253593 | 0.00326264 | 0.00000000 | 0.00000000 | 0.00000000 | 0.00081433 | 0.00084104 | 0.00325998 | 0.00000000 | 0.00000000 | 0.00343643 | 0.00323887 | 0.00487409 | 0.00000000 | 0.00571429 | 0.00318725 | 0.00585774 | 0.00235665 | 0.00252623
Load  61 | 0.00250209 | 0.00338409 | 0.00080515 | 0.00254022 | 0.00410509 | 0.00476569 | 0.00000000 | 0.00000000 | 0.00239617 | 0.00322061 | 0.00325203 | 0.00381098 | 0.00000000 | 0.00168209 | 0.00079808 | 0.00475436 | 0.00507614 | 0.00165700 | 0.00393391 | 0.00726979 | 0.00279767 | 0.00189683
Load  62 | 0.00321285 | 0.00327869 | 0.00235110 | 0.00000000 | 0.00081235 | 0.00324149 | 0.01211632 | 0.00749376 | 0.00734095 | 0.00242718 | 0.00240192 | 0.00242522 | 0.01081531 | 0.00688600 | 0.00327869 | 0.00417711 | 0.00080257 | 0.00251046 | 0.00884956 | 0.00000000 | 0.00422108 | 0.00341802
Load  63 | 0.00078864 | 0.00719424 | 0.00924499 | 0.00317965 | 0.00902256 | 0.00458716 | 0.01203852 | 0.00238474 | 0.00225904 | 0.00458365 | 0.00079365 | 0.01601281 | 0.00085106 | 0.00235664 | 0.00712589 | 0.00394945 | 0.00404531 | 0.00249169 | 0.00082781 | 0.00718276 | 0.00504601 | 0.00401518
Load  64 | 0.00156128 | 0.01399689 | 0.00469851 | 0.00246305 | 0.00534759 | 0.00775795 | 0.00542636 | 0.00238474 | 0.00000000 | 0.01096491 | 0.00079808 | 0.00856031 | 0.00384615 | 0.00811688 | 0.00845503 | 0.01003086 | 0.00081367 | 0.00083822 | 0.00469484 | 0.01253687 | 0.00566461 | 0.00409975
Load  65 | 0.00761035 | 0.00079808 | 0.00451467 | 0.02191988 | 0.01445967 | 0.01326455 | 0.01195219 | 0.00380518 | 0.00997151 | 0.01369863 | 0.00549882 | 0.00777605 | 0.00236220 | 0.01249024 | 0.00306044 | 0.00000000 | 0.00605144 | 0.01101322 | 0.01527884 | 0.00302115 | 0.00842736 | 0.00561514
Load  66 | 0.01466049 | 0.01497006 | 0.00668151 | 0.00586941 | 0.00538876 | 0.00446429 | 0.01182965 | 0.00813609 | 0.00455235 | 0.00685453 | 0.00642570 | 0.00823970 | 0.01094092 | 0.01713860 | 0.00379939 | 0.01038339 | 0.01150307 | 0.02199413 | 0.00396825 | 0.00612089 | 0.00919606 | 0.00481524
Load  67 | 0.01521739 | 0.01712584 | 0.02327273 | 0.00654070 | 0.00304646 | 0.01402214 | 0.02521614 | 0.01585014 | 0.01851852 | 0.00381098 | 0.00907716 | 0.00447094 | 0.02257336 | 0.00980392 | 0.01220388 | 0.01367891 | 0.00808229 | 0.01785714 | 0.01174743 | 0.01078582 | 0.01314509 | 0.00627087
Load  68 | 0.01872075 | 0.00960828 | 0.02106847 | 0.01359084 | 0.01956522 | 0.00287977 | 0.02433787 | 0.02250563 | 0.01349432 | 0.01866475 | 0.01553254 | 0.00531915 | 0.01429593 | 0.00077042 | 0.01141553 | 0.01699926 | 0.01039347 | 0.00981873 | 0.00571837 | 0.01923077 | 0.01369650 | 0.00648326
Load  69 | 0.01531729 | 0.01414427 | 0.01429646 | 0.02760085 | 0.00863309 | 0.01137225 | 0.01351351 | 0.01651113 | 0.01580135 | 0.03522099 | 0.01895044 | 0.01566952 | 0.01034738 | 0.01627219 | 0.00834598 | 0.01368876 | 0.00869565 | 0.02107558 | 0.00990099 | 0.01518438 | 0.01552710 | 0.00636506
Load  70 | 0.03533569 | 0.01590745 | 0.01457321 | 0.01388889 | 0.01857143 | 0.01641685 | 0.02449568 | 0.01403509 | 0.03608605 | 0.01973684 | 0.01708185 | 0.00228137 | 0.00445104 | 0.01947149 | 0.01092498 | 0.02109091 | 0.02671480 | 0.02536998 | 0.01703336 | 0.01387925 | 0.01836731 | 0.00825581
Load  71 | 0.01835536 | 0.01935038 | 0.02419355 | 0.03091301 | 0.02126152 | 0.02138275 | 0.03358465 | 0.02676733 | 0.02285714 | 0.02357836 | 0.02467443 | 0.02360081 | 0.01534170 | 0.03829480 | 0.01934097 | 0.03986254 | 0.01467351 | 0.01081471 | 0.02010050 | 0.01673945 | 0.02328437 | 0.00737709
Load  72 | 0.02877193 | 0.02400549 | 0.02652330 | 0.02687412 | 0.04307488 | 0.01279318 | 0.02660300 | 0.03021785 | 0.02831492 | 0.01952580 | 0.02726064 | 0.04755614 | 0.01316701 | 0.04032809 | 0.02385821 | 0.02145923 | 0.02805049 | 0.02877698 | 0.02205376 | 0.02049780 | 0.02698564 | 0.00849669
Load  73 | 0.02022927 | 0.03054990 | 0.02951040 | 0.01813110 | 0.01670298 | 0.03914835 | 0.03859174 | 0.04606142 | 0.01666667 | 0.02964960 | 0.01460362 | 0.04629630 | 0.04609475 | 0.03524534 | 0.03140265 | 0.03695955 | 0.03824757 | 0.04400000 | 0.02291667 | 0.02749141 | 0.03142496 | 0.01031146
Load  74 | 0.03614458 | 0.03394433 | 0.05671447 | 0.03801765 | 0.02202340 | 0.04107744 | 0.03856383 | 0.02997859 | 0.04910418 | 0.03275261 | 0.02840159 | 0.03738318 | 0.04000000 | 0.03963613 | 0.04564607 | 0.02379334 | 0.03471749 | 0.03907285 | 0.04241645 | 0.04122991 | 0.03753090 | 0.00789710
Load  75 | 0.02754237 | 0.04262087 | 0.03026038 | 0.06774194 | 0.04718945 | 0.03664224 | 0.03168317 | 0.04830287 | 0.01080351 | 0.03512260 | 0.02781547 | 0.03040317 | 0.03675970 | 0.04144385 | 0.03983516 | 0.04226268 | 0.04186047 | 0.03721245 | 0.03884134 | 0.03094911 | 0.03726464 | 0.01074005
Load  76 | 0.04783748 | 0.03777336 | 0.03528628 | 0.02954695 | 0.05890052 | 0.04040404 | 0.04495825 | 0.07230471 | 0.06515957 | 0.03063885 | 0.05273566 | 0.03147541 | 0.06745050 | 0.04445964 | 0.04391218 | 0.04751922 | 0.05919796 | 0.05436242 | 0.05698779 | 0.03745072 | 0.04791808 | 0.01232925
Load  77 | 0.05495979 | 0.04890945 | 0.06468305 | 0.04660194 | 0.05410567 | 0.01572552 | 0.04870335 | 0.05166776 | 0.05321782 | 0.07929515 | 0.06277191 | 0.03766234 | 0.04886442 | 0.04457751 | 0.04817708 | 0.08302122 | 0.02941176 | 0.04833442 | 0.04034970 | 0.04120340 | 0.05011216 | 0.01475502
Load  78 | 0.06316448 | 0.07565162 | 0.06195869 | 0.08250000 | 0.06180872 | 0.06391478 | 0.05612903 | 0.03672131 | 0.05434783 | 0.05508197 | 0.05956113 | 0.05315822 | 0.07795527 | 0.05914972 | 0.08182912 | 0.05240175 | 0.04958678 | 0.06297229 | 0.04359313 | 0.06330749 | 0.06073967 | 0.01159202
Load  79 | 0.06303349 | 0.06792453 | 0.04245881 | 0.09141445 | 0.06066291 | 0.07565162 | 0.05522682 | 0.06024096 | 0.07953144 | 0.06900878 | 0.04515272 | 0.06281726 | 0.06907281 | 0.05375000 | 0.05698529 | 0.04477612 | 0.08017960 | 0.04400510 | 0.07111936 | 0.08659924 | 0.06398057 | 0.01390212
Load  80 | 0.11405672 | 0.07484277 | 0.05145691 | 0.06541490 | 0.05599473 | 0.05573350 | 0.04205318 | 0.05867347 | 0.10739030 | 0.05809642 | 0.05671078 | 0.06368222 | 0.08396947 | 0.05161290 | 0.06683480 | 0.06613595 | 0.06539683 | 0.07402838 | 0.08536585 | 0.06787879 | 0.06826644 | 0.01756511
Load  81 | 0.05597964 | 0.09041262 | 0.07264687 | 0.08555825 | 0.07734470 | 0.07372986 | 0.08292978 | 0.09296636 | 0.08257987 | 0.10825688 | 0.06924517 | 0.06981017 | 0.08796579 | 0.06903226 | 0.09282700 | 0.05474220 | 0.06905055 | 0.06759318 | 0.06739526 | 0.05360334 | 0.07618349 | 0.01386082
Load  82 | 0.10057471 | 0.08084023 | 0.08448060 | 0.07369682 | 0.06971006 | 0.06556373 | 0.08223289 | 0.07606679 | 0.11304871 | 0.09902795 | 0.09224442 | 0.08225108 | 0.08876474 | 0.05849057 | 0.09705160 | 0.09963100 | 0.08343789 | 0.09009547 | 0.07595731 | 0.06628788 | 0.08397272 | 0.01350169
Load  83 | 0.12455516 | 0.11605081 | 0.07841981 | 0.08274079 | 0.11031175 | 0.11812865 | 0.06649937 | 0.10385757 | 0.11722488 | 0.09273948 | 0.10997596 | 0.08922156 | 0.08791866 | 0.07879925 | 0.09874327 | 0.09216038 | 0.07510600 | 0.08778173 | 0.10536160 | 0.06578153 | 0.09506891 | 0.01717881
Load  84 | 0.08244365 | 0.09786989 | 0.08298999 | 0.10338681 | 0.09090909 | 0.10390390 | 0.09157509 | 0.12009373 | 0.07918416 | 0.10820452 | 0.13206459 | 0.08550637 | 0.11642157 | 0.12006961 | 0.12279671 | 0.09354648 | 0.13479263 | 0.11344538 | 0.09409702 | 0.07779773 | 0.10255495 | 0.01724434
Load  85 | 0.10356934 | 0.15752625 | 0.07476636 | 0.09843938 | 0.11400849 | 0.11710677 | 0.12370541 | 0.10104103 | 0.13739130 | 0.12565142 | 0.15547906 | 0.14436620 | 0.09970501 | 0.10826889 | 0.07164359 | 0.10869565 | 0.10357359 | 0.09683426 | 0.12675234 | 0.08641975 | 0.11274720 | 0.02316972
Load  86 | 0.10228571 | 0.10860774 | 0.12961877 | 0.09862385 | 0.13272830 | 0.11360947 | 0.13763066 | 0.12054632 | 0.10011919 | 0.16422947 | 0.09515571 | 0.12016413 | 0.11175449 | 0.11869436 | 0.12845138 | 0.11222092 | 0.11315166 | 0.09399167 | 0.08616647 | 0.12964090 | 0.11586956 | 0.01774429
Load  87 | 0.12058824 | 0.11942857 | 0.11500863 | 0.11867365 | 0.09549550 | 0.14434180 | 0.13682432 | 0.11968236 | 0.11209440 | 0.12807318 | 0.16431395 | 0.13271783 | 0.11796088 | 0.13926174 | 0.14363736 | 0.13605052 | 0.13911060 | 0.11498856 | 0.10972143 | 0.11935867 | 0.12636661 | 0.01522149
Load  88 | 0.11411411 | 0.12032086 | 0.14179104 | 0.12485682 | 0.12263610 | 0.16584022 | 0.13869863 | 0.13870246 | 0.10605187 | 0.12259887 | 0.13581662 | 0.12371722 | 0.16293393 | 0.12071006 | 0.13584475 | 0.13859155 | 0.13505747 | 0.14380900 | 0.13773478 | 0.13851168 | 0.13341690 | 0.01431299
Load  89 | 0.16925638 | 0.13698630 | 0.15855753 | 0.13390011 | 0.14913232 | 0.12767221 | 0.15915573 | 0.14976690 | 0.13562183 | 0.13089623 | 0.12104072 | 0.14704286 | 0.14005602 | 0.16263736 | 0.16064887 | 0.14960630 | 0.12437256 | 0.15366972 | 0.17769058 | 0.13768513 | 0.14626978 | 0.01509527
Load  90 | 0.14961068 | 0.13525750 | 0.16324381 | 0.14495305 | 0.13321699 | 0.14770241 | 0.14543466 | 0.14261460 | 0.15211268 | 0.12633954 | 0.12457723 | 0.13984018 | 0.13421342 | 0.18396988 | 0.18095238 | 0.18137520 | 0.13833992 | 0.16593407 | 0.15686275 | 0.17517847 | 0.15108647 | 0.01801033
Load  91 | 0.19325843 | 0.19699410 | 0.16446233 | 0.16648936 | 0.16586151 | 0.15223238 | 0.15393258 | 0.17706667 | 0.16309720 | 0.13100686 | 0.16413868 | 0.17119114 | 0.18385650 | 0.19417476 | 0.17833698 | 0.13242784 | 0.18338727 | 0.16130820 | 0.18977705 | 0.18987342 | 0.17064366 | 0.01850349
Load  92 | 0.15956873 | 0.17866667 | 0.14972973 | 0.19419525 | 0.15883669 | 0.15913978 | 0.17732402 | 0.19370861 | 0.18627451 | 0.17497231 | 0.17861021 | 0.10891648 | 0.17831074 | 0.19646925 | 0.20455750 | 0.12234637 | 0.17531003 | 0.17037862 | 0.15485278 | 0.17672887 | 0.16994486 | 0.02309893
Load  93 | 0.19402985 | 0.20552147 | 0.18499218 | 0.18522602 | 0.13605442 | 0.15432099 | 0.14952781 | 0.17175573 | 0.17986799 | 0.17157135 | 0.17139738 | 0.16930639 | 0.16468039 | 0.18136986 | 0.15700219 | 0.20062208 | 0.18063818 | 0.17882611 | 0.13962472 | 0.17189133 | 0.17241132 | 0.01800508
Load  94 | 0.20867769 | 0.21244856 | 0.20302714 | 0.17096265 | 0.20736842 | 0.20670391 | 0.20181527 | 0.17578947 | 0.20073762 | 0.21147715 | 0.16505376 | 0.19849785 | 0.17587131 | 0.20898642 | 0.16414687 | 0.16973758 | 0.18949045 | 0.17768147 | 0.19914117 | 0.16296296 | 0.19052889 | 0.01757593
Load  95 | 0.16153846 | 0.22428420 | 0.19376980 | 0.19705728 | 0.16041327 | 0.21391213 | 0.21047228 | 0.22032193 | 0.17714286 | 0.20387867 | 0.19466667 | 0.20644139 | 0.19583778 | 0.21987315 | 0.18177001 | 0.21317427 | 0.18974630 | 0.20260417 | 0.19924610 | 0.24445565 | 0.20053032 | 0.02001069
Load  96 | 0.20542441 | 0.21921444 | 0.23388672 | 0.19202518 | 0.21523004 | 0.17327539 | 0.22894057 | 0.23353909 | 0.24949084 | 0.18148148 | 0.18421053 | 0.20054054 | 0.21272158 | 0.24740664 | 0.21100917 | 0.22021277 | 0.20959052 | 0.23296355 | 0.21644562 | 0.20156250 | 0.21345858 | 0.02040684
Load  97 | 0.21212121 | 0.21221696 | 0.22364901 | 0.20062860 | 0.22002086 | 0.20865533 | 0.22331606 | 0.22395833 | 0.22302905 | 0.20316767 | 0.20114643 | 0.21998942 | 0.23176179 | 0.23247423 | 0.25722832 | 0.17770598 | 0.19883351 | 0.18968213 | 0.21988724 | 0.22587269 | 0.21526724 | 0.01693655
Load  98 | 0.24652087 | 0.21584561 | 0.28585608 | 0.22406848 | 0.26870229 | 0.20124481 | 0.25411882 | 0.22022022 | 0.23541147 | 0.23248731 | 0.22797927 | 0.22314050 | 0.23465704 | 0.24030612 | 0.21572685 | 0.25112332 | 0.19858156 | 0.25102249 | 0.24839744 | 0.25527638 | 0.23653435 | 0.02126894
Load  99 | 0.27084386 | 0.23656454 | 0.24132730 | 0.27135678 | 0.24665982 | 0.26329243 | 0.22454308 | 0.24735516 | 0.23770907 | 0.25881217 | 0.24059763 | 0.25471218 | 0.28049383 | 0.26683168 | 0.27008379 | 0.26984127 | 0.25754527 | 0.20493066 | 0.24282116 | 0.23802083 | 0.25121713 | 0.01815534
Load 100 | 0.23352999 | 0.26579739 | 0.23568170 | 0.23011506 | 0.23491272 | 0.25363825 | 0.27821394 | 0.26909459 | 0.23526397 | 0.24020101 | 0.25573280 | 0.25869672 | 0.27490040 | 0.26862745 | 0.25000000 | 0.24686402 | 0.23870968 | 0.23902943 | 0.25012048 | 0.26495304 | 0.25120413 | 0.01477106
Load 101 | 0.30173244 | 0.28101644 | 0.26162216 | 0.22524752 | 0.26928896 | 0.25750242 | 0.24539877 | 0.23305294 | 0.25865480 | 0.26538060 | 0.25949679 | 0.26297229 | 0.28486056 | 0.24420947 | 0.28098765 | 0.23763386 | 0.27697495 | 0.26294416 | 0.26595226 | 0.21732365 | 0.25961264 | 0.02052315
Load 102 | 0.29108911 | 0.28826654 | 0.27077077 | 0.24498998 | 0.28363988 | 0.29874055 | 0.28705441 | 0.29097963 | 0.23579262 | 0.27508566 | 0.25788683 | 0.28849903 | 0.27504912 | 0.27855805 | 0.24290692 | 0.28761905 | 0.26541426 | 0.30344828 | 0.27404543 | 0.23963134 | 0.27397337 | 0.01967030
Load 103 | 0.26975610 | 0.25981873 | 0.28804095 | 0.26801579 | 0.28606357 | 0.27255278 | 0.25417263 | 0.27434053 | 0.27953330 | 0.26952381 | 0.26719840 | 0.28350266 | 0.23715415 | 0.29356061 | 0.30062832 | 0.30237984 | 0.32469935 | 0.25624694 | 0.32739528 | 0.30142660 | 0.28080052 | 0.02235934
Load 104 | 0.27030948 | 0.31091181 | 0.23151751 | 0.27468231 | 0.27074443 | 0.30711258 | 0.30881637 | 0.28400955 | 0.28976143 | 0.31602914 | 0.28068506 | 0.27320827 | 0.28402367 | 0.28157248 | 0.26753122 | 0.28094303 | 0.29589429 | 0.28788622 | 0.28364689 | 0.28713340 | 0.28432096 | 0.01832497
Load 105 | 0.29610266 | 0.32214452 | 0.31085605 | 0.31275910 | 0.27321083 | 0.27403846 | 0.30518234 | 0.31447747 | 0.28903654 | 0.29823726 | 0.28099174 | 0.26470588 | 0.29536862 | 0.30465116 | 0.32865825 | 0.29240325 | 0.33444816 | 0.31843318 | 0.32432432 | 0.31493346 | 0.30274816 | 0.01904837
Load 106 | 0.26705940 | 0.31590706 | 0.32241697 | 0.30960344 | 0.28410758 | 0.30567082 | 0.31707317 | 0.30157970 | 0.30657277 | 0.30993877 | 0.31404573 | 0.31739334 | 0.27961165 | 0.29299954 | 0.25862907 | 0.29848628 | 0.31952941 | 0.31091663 | 0.28325359 | 0.32309125 | 0.30189431 | 0.01813058
Load 107 | 0.33090246 | 0.33745988 | 0.29733520 | 0.29673450 | 0.34064396 | 0.25478011 | 0.31697055 | 0.31154580 | 0.30984601 | 0.32476319 | 0.30131827 | 0.34188818 | 0.33893685 | 0.31238095 | 0.31156265 | 0.29942966 | 0.29847815 | 0.34550434 | 0.32329782 | 0.29342723 | 0.31436029 | 0.02156217
Load 108 | 0.35304991 | 0.31838128 | 0.32752941 | 0.33333333 | 0.34498411 | 0.31574031 | 0.30443254 | 0.31489945 | 0.32016925 | 0.29933270 | 0.33080209 | 0.31421687 | 0.35163339 | 0.30972616 | 0.32217195 | 0.29567643 | 0.32000000 | 0.33574333 | 0.38796587 | 0.32304147 | 0.32614149 | 0.02078711
Load 109 | 0.34011759 | 0.35077793 | 0.29294841 | 0.31562359 | 0.33704219 | 0.33271974 | 0.34862798 | 0.32897807 | 0.30279432 | 0.34510870 | 0.35173358 | 0.36510875 | 0.36719437 | 0.33762649 | 0.32304038 | 0.35122628 | 0.36273627 | 0.34417092 | 0.32470588 | 0.31490711 | 0.33685943 | 0.01964671
Load 110 | 0.32102273 | 0.40627803 | 0.32971996 | 0.37187911 | 0.34387528 | 0.33788707 | 0.36135625 | 0.32326420 | 0.31391586 | 0.34872471 | 0.35562445 | 0.33301618 | 0.37033667 | 0.36143498 | 0.35761884 | 0.35757295 | 0.36139067 | 0.31536260 | 0.35916135 | 0.34197362 | 0.34857077 | 0.02196063
Load 111 | 0.33348155 | 0.29952153 | 0.39072257 | 0.37843933 | 0.34578997 | 0.33876812 | 0.36168224 | 0.35338681 | 0.34566787 | 0.31836735 | 0.33515732 | 0.37494346 | 0.32526268 | 0.38084326 | 0.36992945 | 0.37555953 | 0.33795654 | 0.34821831 | 0.38022472 | 0.30918968 | 0.35015562 | 0.02528065
Load 112 | 0.34237901 | 0.39520426 | 0.36298932 | 0.35961272 | 0.39265162 | 0.36784622 | 0.37516930 | 0.39900362 | 0.35033557 | 0.36457864 | 0.36170213 | 0.34841828 | 0.35607772 | 0.36323070 | 0.36323464 | 0.36727434 | 0.36400911 | 0.38045828 | 0.37022222 | 0.37051448 | 0.36774561 | 0.01454025
Load 113 | 0.38983051 | 0.34661525 | 0.37556974 | 0.39393939 | 0.39187359 | 0.35679068 | 0.38143423 | 0.36704947 | 0.37329700 | 0.39661899 | 0.38946421 | 0.37834225 | 0.39310345 | 0.39351446 | 0.34228493 | 0.37549581 | 0.38117547 | 0.33317994 | 0.37035378 | 0.37122558 | 0.37505794 | 0.01783269
Load 114 | 0.38652939 | 0.35923623 | 0.38101430 | 0.35688406 | 0.39261894 | 0.36260237 | 0.36603608 | 0.40535869 | 0.38752197 | 0.40147250 | 0.40565217 | 0.36428571 | 0.40309735 | 0.34947183 | 0.34782609 | 0.39507259 | 0.38713911 | 0.38741866 | 0.37768994 | 0.39956710 | 0.38082475 | 0.01862812
Load 115 | 0.37226277 | 0.41866330 | 0.38475099 | 0.39651416 | 0.40919134 | 0.42024014 | 0.40159798 | 0.39531915 | 0.41216504 | 0.37239583 | 0.42460137 | 0.37077190 | 0.40138110 | 0.43352348 | 0.38011439 | 0.38613427 | 0.37970615 | 0.34803493 | 0.41552511 | 0.38576300 | 0.39543282 | 0.02133381
Load 116 | 0.39037888 | 0.40481400 | 0.36209150 | 0.39792836 | 0.43245576 | 0.41332230 | 0.41049914 | 0.41481481 | 0.37926451 | 0.40685225 | 0.38315789 | 0.42377375 | 0.38828159 | 0.39413540 | 0.40971039 | 0.37404903 | 0.40110591 | 0.40619546 | 0.42722198 | 0.40436915 | 0.40122110 | 0.01753965
Load 117 | 0.41987741 | 0.40171674 | 0.40374564 | 0.39047214 | 0.40562771 | 0.40646259 | 0.39685240 | 0.38123924 | 0.41766212 | 0.41393613 | 0.38182576 | 0.41768827 | 0.40403587 | 0.38296962 | 0.41083916 | 0.40538194 | 0.44439710 | 0.42130435 | 0.41092328 | 0.39767842 | 0.40573179 | 0.01488777
Load 118 | 0.40175219 | 0.39139878 | 0.41847595 | 0.40598651 | 0.42845395 | 0.41952055 | 0.40000000 | 0.40297890 | 0.43957447 | 0.41019108 | 0.40435525 | 0.45016340 | 0.43422148 | 0.41391304 | 0.40366972 | 0.43142976 | 0.41853448 | 0.41361917 | 0.42109669 | 0.41725979 | 0.41632976 | 0.01442892
Load 119 | 0.43755346 | 0.40538232 | 0.43981285 | 0.45080946 | 0.43264792 | 0.41430385 | 0.44967532 | 0.40809298 | 0.44775493 | 0.45313773 | 0.46297872 | 0.41283242 | 0.39632874 | 0.44408428 | 0.42156448 | 0.40303688 | 0.43921233 | 0.41906780 | 0.46447639 | 0.40401024 | 0.43033816 | 0.02090719
Load 120 | 0.43895468 | 0.45544148 | 0.42328482 | 0.45145631 | 0.47748107 | 0.43149284 | 0.45428454 | 0.42589509 | 0.40558221 | 0.42407108 | 0.43505942 | 0.44924497 | 0.43485547 | 0.43418303 | 0.43678161 | 0.42431661 | 0.43938127 | 0.44284505 | 0.44014809 | 0.43604897 | 0.43804043 | 0.01473518
Load 121 | 0.44311129 | 0.41773196 | 0.40150880 | 0.45952677 | 0.39983022 | 0.44604317 | 0.42994012 | 0.45227366 | 0.40884883 | 0.44558698 | 0.47949655 | 0.43016991 | 0.44266338 | 0.48214286 | 0.43804035 | 0.46024401 | 0.47112588 | 0.45358650 | 0.41812136 | 0.44747394 | 0.44137333 | 0.02321164
Load 122 | 0.45974235 | 0.46365173 | 0.46764947 | 0.47410359 | 0.46685879 | 0.41537819 | 0.46360959 | 0.46347403 | 0.47489879 | 0.45729251 | 0.48083905 | 0.44563427 | 0.45890411 | 0.47739096 | 0.46346470 | 0.43911593 | 0.41496321 | 0.47784431 | 0.47077922 | 0.43118503 | 0.45833899 | 0.01896558
Load 123 | 0.45742972 | 0.49332254 | 0.42839657 | 0.46768217 | 0.45859873 | 0.50136346 | 0.47200000 | 0.45267490 | 0.45093268 | 0.49036851 | 0.48418491 | 0.47644192 | 0.46645743 | 0.44019528 | 0.41853818 | 0.47049113 | 0.42766042 | 0.45895074 | 0.44402673 | 0.46405493 | 0.46118855 | 0.02179267
Load 124 | 0.49618933 | 0.45700824 | 0.47843450 | 0.44740024 | 0.48842875 | 0.45046129 | 0.45874183 | 0.46871263 | 0.45892930 | 0.48717949 | 0.48245260 | 0.44668821 | 0.47986987 | 0.49151904 | 0.48169243 | 0.45100402 | 0.46606864 | 0.45575221 | 0.45046502 | 0.47432268 | 0.46856602 | 0.01587170
Load 125 | 0.44271926 | 0.49593810 | 0.45393169 | 0.47439574 | 0.46724351 | 0.50697489 | 0.45940514 | 0.47047007 | 0.49960692 | 0.44333996 | 0.48173701 | 0.49469548 | 0.47028929 | 0.48835373 | 0.47455667 | 0.48886284 | 0.46815042 | 0.44490301 | 0.48803828 | 0.48456914 | 0.47490906 | 0.01859994
Load 126 | 0.48149576 | 0.46791132 | 0.45541891 | 0.47820919 | 0.46013019 | 0.46986971 | 0.50736842 | 0.47590117 | 0.48572561 | 0.46627907 | 0.46624556 | 0.48937876 | 0.50667684 | 0.47776466 | 0.51557508 | 0.49626131 | 0.47338247 | 0.43629191 | 0.48714953 | 0.45421394 | 0.47756247 | 0.01912502
Load 127 | 0.45362495 | 0.50530035 | 0.46564885 | 0.46846489 | 0.47414830 | 0.47370502 | 0.47304687 | 0.51605505 | 0.48825169 | 0.48591549 | 0.49179046 | 0.50293772 | 0.47594015 | 0.48444613 | 0.48324990 | 0.48804781 | 0.46079614 | 0.46213292 | 0.52805022 | 0.49919936 | 0.48403761 | 0.01872989
Load 128 | 0.49940782 | 0.50155763 | 0.48271799 | 0.51299213 | 0.50096937 | 0.48628814 | 0.51703023 | 0.51176471 | 0.54128803 | 0.50897487 | 0.46017699 | 0.49385561 | 0.49243972 | 0.51550681 | 0.47906977 | 0.48030547 | 0.48562300 | 0.49861166 | 0.48978790 | 0.50141414 | 0.49798910 | 0.01710864
Load 129 | 0.47076923 | 0.49699640 | 0.50592281 | 0.51900192 | 0.50970689 | 0.53010671 | 0.49961479 | 0.51231136 | 0.52152918 | 0.49285714 | 0.50930752 | 0.50309358 | 0.46572581 | 0.48916762 | 0.48502528 | 0.49114704 | 0.50059785 | 0.53190705 | 0.52273611 | 0.48206368 | 0.50197940 | 0.01788305
Load 130 | 0.52035861 | 0.50286588 | 0.52543007 | 0.50810185 | 0.52484709 | 0.53187404 | 0.50212273 | 0.51291651 | 0.47168317 | 0.52013943 | 0.50958589 | 0.50914634 | 0.51913413 | 0.51418440 | 0.51037995 | 0.53268584 | 0.52587198 | 0.51713273 | 0.51965875 | 0.50370082 | 0.51409101 | 0.01314917
Load 131 | 0.50733591 | 0.52592036 | 0.52168906 | 0.53086420 | 0.51817160 | 0.47756041 | 0.51738794 | 0.52065176 | 0.53065134 | 0.50814086 | 0.49923722 | 0.51816805 | 0.49823875 | 0.52533125 | 0.49134540 | 0.55666156 | 0.52299703 | 0.51251897 | 0.54397635 | 0.53908356 | 0.51829658 | 0.01792994
Load 132 | 0.53301187 | 0.51972424 | 0.56741573 | 0.52927491 | 0.51004930 | 0.52042764 | 0.51702786 | 0.52271035 | 0.54068915 | 0.53466466 | 0.54043027 | 0.48823529 | 0.53021876 | 0.52293920 | 0.57060850 | 0.51693002 | 0.54663114 | 0.53198781 | 0.50605602 | 0.51791277 | 0.52834728 | 0.01874888
Load 133 | 0.53620427 | 0.56923653 | 0.53510082 | 0.51487414 | 0.54146701 | 0.54794007 | 0.53686200 | 0.51817479 | 0.53149460 | 0.52711414 | 0.52342238 | 0.52150329 | 0.50858034 | 0.55133767 | 0.54171517 | 0.54568902 | 0.53741746 | 0.55465587 | 0.53447619 | 0.54545455 | 0.53613602 | 0.01425724
Load 134 | 0.55060285 | 0.53706395 | 0.53360564 | 0.54382022 | 0.51888975 | 0.53531599 | 0.55394883 | 0.53715170 | 0.53681801 | 0.54821564 | 0.53149460 | 0.51547170 | 0.53177886 | 0.52580765 | 0.57200886 | 0.55599426 | 0.54120267 | 0.54875788 | 0.51648759 | 0.53186731 | 0.53831520 | 0.01376251
Load 135 | 0.54084720 | 0.51961538 | 0.54619970 | 0.53846154 | 0.57861401 | 0.57095588 | 0.56167401 | 0.54723247 | 0.53905961 | 0.56687898 | 0.53558191 | 0.53375371 | 0.56250000 | 0.54737232 | 0.54823444 | 0.55505786 | 0.55518270 | 0.55472371 | 0.54619970 | 0.55576208 | 0.55019536 | 0.01363956
Load 136 | 0.54082024 | 0.55360478 | 0.57511046 | 0.52045028 | 0.56771800 | 0.55749258 | 0.55990957 | 0.55014859 | 0.60290987 | 0.55394345 | 0.55487142 | 0.56272927 | 0.53643354 | 0.58318361 | 0.56975506 | 0.56365615 | 0.54488364 | 0.54365672 | 0.56236244 | 0.56897183 | 0.55863057 | 0.01735142
Load 137 | 0.56238498 | 0.55771305 | 0.57048941 | 0.51543210 | 0.56086006 | 0.59215686 | 0.57682798 | 0.54633782 | 0.55576208 | 0.55809664 | 0.53445133 | 0.54828780 | 0.55377907 | 0.56359012 | 0.56792873 | 0.52021090 | 0.58040665 | 0.56288288 | 0.55316824 | 0.54215543 | 0.55614611 | 0.01818488
Load 138 | 0.60189740 | 0.52666180 | 0.58424585 | 0.56661677 | 0.60368183 | 0.57974684 | 0.58698051 | 0.55499276 | 0.56058446 | 0.55975522 | 0.57928803 | 0.59664765 | 0.58832012 | 0.57056738 | 0.57487580 | 0.56052538 | 0.58164354 | 0.53382084 | 0.58719247 | 0.51884279 | 0.57084437 | 0.02306014
Load 139 | 0.58869814 | 0.54187545 | 0.58765082 | 0.58139535 | 0.56039531 | 0.55082659 | 0.58829825 | 0.57351371 | 0.56453952 | 0.55725748 | 0.58122744 | 0.55260284 | 0.55447681 | 0.54043840 | 0.59568546 | 0.59898477 | 0.57596786 | 0.59051095 | 0.55638829 | 0.59920492 | 0.57199692 | 0.01876093
Load 140 | 0.53112339 | 0.60035336 | 0.58615769 | 0.56379498 | 0.57199140 | 0.57790368 | 0.61745214 | 0.58953069 | 0.59111111 | 0.58232789 | 0.59525471 | 0.60290055 | 0.58628081 | 0.60960113 | 0.54143441 | 0.53627415 | 0.58573913 | 0.56188390 | 0.58863233 | 0.56148576 | 0.57906166 | 0.02305157
Load 141 | 0.59042735 | 0.58527955 | 0.58709677 | 0.55350160 | 0.60474168 | 0.59352256 | 0.57939012 | 0.58623112 | 0.56896552 | 0.57511488 | 0.55610445 | 0.57354497 | 0.61965812 | 0.56939891 | 0.55677786 | 0.56002800 | 0.55462491 | 0.59721739 | 0.58456140 | 0.58087201 | 0.57885296 | 0.01737889
Load 142 | 0.59710245 | 0.58975253 | 0.59620208 | 0.59059946 | 0.58767606 | 0.61576529 | 0.60700525 | 0.58448459 | 0.57896588 | 0.56148981 | 0.56169172 | 0.59441301 | 0.57550158 | 0.59627774 | 0.59524642 | 0.57700348 | 0.60138169 | 0.59084249 | 0.59912536 | 0.55824561 | 0.58793863 | 0.01486022
Load 143 | 0.58295964 | 0.61498619 | 0.58922443 | 0.61066008 | 0.59192201 | 0.57841069 | 0.61092150 | 0.60116874 | 0.60952052 | 0.61223788 | 0.61168385 | 0.57213930 | 0.60976466 | 0.61283784 | 0.62404448 | 0.61759612 | 0.61311141 | 0.61602210 | 0.61423729 | 0.58267446 | 0.60380616 | 0.01473010
Load 144 | 0.58680311 | 0.57581163 | 0.62339018 | 0.59278351 | 0.57218872 | 0.58406152 | 0.64268667 | 0.59515689 | 0.62209906 | 0.61156151 | 0.61207779 | 0.60090624 | 0.61040739 | 0.60729462 | 0.61383479 | 0.61496599 | 0.60641201 | 0.56159034 | 0.61043899 | 0.62142611 | 0.60329485 | 0.01929314
Load 145 | 0.62226148 | 0.60056259 | 0.61984833 | 0.60951714 | 0.58982347 | 0.59993012 | 0.60215802 | 0.61072179 | 0.59345157 | 0.57799145 | 0.59095652 | 0.62513089 | 0.62314335 | 0.61489002 | 0.58114812 | 0.60123330 | 0.60090782 | 0.65617597 | 0.61613352 | 0.59862306 | 0.60673043 | 0.01742301
Load 146 | 0.63357463 | 0.59625213 | 0.60620364 | 0.60901213 | 0.60925095 | 0.61890034 | 0.59607980 | 0.59290188 | 0.62600209 | 0.62600000 | 0.59885999 | 0.59993072 | 0.62215321 | 0.63404549 | 0.59668508 | 0.61146497 | 0.60196906 | 0.63414634 | 0.61338290 | 0.61034004 | 0.61185777 | 0.01333979
Load 147 | 0.61483254 | 0.62457221 | 0.62902122 | 0.63098026 | 0.61280277 | 0.61377448 | 0.64919493 | 0.60926939 | 0.63847997 | 0.61649485 | 0.62433155 | 0.62161258 | 0.62152071 | 0.63918558 | 0.60332295 | 0.61585573 | 0.61512145 | 0.63023560 | 0.59891782 | 0.63498099 | 0.62222538 | 0.01234275
Load 148 | 0.61996034 | 0.62079723 | 0.62807136 | 0.62220740 | 0.62551020 | 0.61965080 | 0.59863481 | 0.63207547 | 0.63967099 | 0.61793570 | 0.62733564 | 0.62911903 | 0.64444444 | 0.62064204 | 0.62104188 | 0.62703804 | 0.64603283 | 0.59395175 | 0.63268062 | 0.63526985 | 0.62510352 | 0.01246883
Load 149 | 0.62162162 | 0.63096038 | 0.65225933 | 0.63543721 | 0.62894560 | 0.63509006 | 0.64116271 | 0.61759729 | 0.62980445 | 0.62755102 | 0.64444444 | 0.62103175 | 0.64580559 | 0.61061360 | 0.62400794 | 0.62774958 | 0.64319092 | 0.64703936 | 0.61377141 | 0.62707838 | 0.63125813 | 0.01133121
Load 150 | 0.60713096 | 0.61644295 | 0.61657860 | 0.63893456 | 0.66141732 | 0.67080537 | 0.67127345 | 0.64498645 | 0.62469480 | 0.64989940 | 0.64114514 | 0.63257828 | 0.66907420 | 0.65686922 | 0.65965143 | 0.63196530 | 0.63125638 | 0.64590386 | 0.63498483 | 0.63154246 | 0.64185675 | 0.01830828
Load 151 | 0.64058442 | 0.64912281 | 0.65813060 | 0.66677440 | 0.67389896 | 0.62621522 | 0.62929894 | 0.63936636 | 0.64330167 | 0.62296714 | 0.65623960 | 0.63270224 | 0.63481675 | 0.63606664 | 0.64863979 | 0.64132231 | 0.62061856 | 0.64160156 | 0.63739188 | 0.64038271 | 0.64197213 | 0.01346724
Load 152 | 0.63985190 | 0.64416973 | 0.67577999 | 0.66377091 | 0.65264542 | 0.65273632 | 0.62622309 | 0.66174541 | 0.62429096 | 0.61826858 | 0.62445268 | 0.63394062 | 0.66894309 | 0.66497462 | 0.65752066 | 0.62902679 | 0.64678595 | 0.63072519 | 0.63849765 | 0.63605672 | 0.64452031 | 0.01654532
Load 153 | 0.61431949 | 0.64012945 | 0.66337265 | 0.63607291 | 0.62176510 | 0.62554917 | 0.64190981 | 0.64662903 | 0.64539714 | 0.64770459 | 0.63390171 | 0.68296580 | 0.64941569 | 0.64913427 | 0.66226041 | 0.66848524 | 0.65908342 | 0.68061458 | 0.64115923 | 0.64387654 | 0.64768731 | 0.01747727
Load 154 | 0.66633858 | 0.67331190 | 0.64163373 | 0.68318756 | 0.68635302 | 0.66377927 | 0.66677675 | 0.68282962 | 0.65312190 | 0.64675492 | 0.66850113 | 0.67687843 | 0.65167433 | 0.68914474 | 0.64520283 | 0.64684744 | 0.63959556 | 0.67923920 | 0.65147541 | 0.68150346 | 0.66470749 | 0.01602680
Load 155 | 0.67194427 | 0.66358418 | 0.65105691 | 0.66666667 | 0.66688000 | 0.65251216 | 0.64912837 | 0.65274655 | 0.64682540 | 0.65254777 | 0.67045824 | 0.67463521 | 0.64047936 | 0.66525147 | 0.66048177 | 0.67287582 | 0.67012253 | 0.64650284 | 0.66040843 | 0.65972445 | 0.65974162 | 0.00991214
Load 156 | 0.67774194 | 0.67166979 | 0.67523810 | 0.65928067 | 0.65674603 | 0.65896868 | 0.64139475 | 0.65856000 | 0.66265843 | 0.65476190 | 0.68564119 | 0.69509528 | 0.65541856 | 0.66538953 | 0.66326866 | 0.66960630 | 0.64447317 | 0.66570881 | 0.66852713 | 0.70954488 | 0.66698469 | 0.01572510
Load 157 | 0.65598223 | 0.64605042 | 0.64814815 | 0.70164145 | 0.65745154 | 0.65908352 | 0.67213642 | 0.66836086 | 0.65845070 | 0.68034080 | 0.66720361 | 0.68815831 | 0.67548613 | 0.65408396 | 0.67454885 | 0.68795447 | 0.67630058 | 0.66446935 | 0.66656201 | 0.69653834 | 0.66994759 | 0.01503882
Load 158 | 0.66899397 | 0.66624041 | 0.68382353 | 0.68060960 | 0.65399610 | 0.68394596 | 0.67830655 | 0.66730893 | 0.68724538 | 0.67801955 | 0.68162129 | 0.67362604 | 0.69629854 | 0.67294413 | 0.68702290 | 0.64398074 | 0.69492054 | 0.68002505 | 0.65357599 | 0.67080360 | 0.67516544 | 0.01319267
Load 159 | 0.67326101 | 0.68937999 | 0.69154388 | 0.68259804 | 0.64184285 | 0.66247177 | 0.68136020 | 0.67528020 | 0.72192513 | 0.67256637 | 0.67202268 | 0.66500932 | 0.66415804 | 0.64018692 | 0.66095669 | 0.66038329 | 0.67784163 | 0.67816092 | 0.69671623 | 0.69954868 | 0.67536069 | 0.01868790
Load 160 | 0.66903915 | 0.67882982 | 0.67006369 | 0.68864697 | 0.68403206 | 0.69497241 | 0.68129032 | 0.68717636 | 0.68699319 | 0.65900259 | 0.69214042 | 0.67761934 | 0.70393504 | 0.68518519 | 0.67826618 | 0.67148695 | 0.71179583 | 0.69003690 | 0.68561064 | 0.68004866 | 0.68380859 | 0.01174691
Load 161 | 0.70049352 | 0.68836352 | 0.68681491 | 0.68556543 | 0.69573284 | 0.68159048 | 0.68382353 | 0.69103405 | 0.68488335 | 0.70862542 | 0.68742138 | 0.66967621 | 0.69936709 | 0.71265784 | 0.69827316 | 0.70805687 | 0.65945122 | 0.69911504 | 0.66015132 | 0.69423483 | 0.68976660 | 0.01413845
Load 162 | 0.68511570 | 0.68164910 | 0.70167428 | 0.69640644 | 0.70881459 | 0.70686456 | 0.69256449 | 0.71485820 | 0.69137303 | 0.68559348 | 0.69219082 | 0.71048655 | 0.66656590 | 0.69712874 | 0.69589209 | 0.70131058 | 0.70259419 | 0.71615058 | 0.68479950 | 0.66645729 | 0.69492451 | 0.01356653
Load 163 | 0.71242424 | 0.68911756 | 0.72558418 | 0.69543147 | 0.70283600 | 0.69266338 | 0.71302763 | 0.70403587 | 0.68755649 | 0.69357295 | 0.70929873 | 0.70546245 | 0.73595166 | 0.69515498 | 0.70990712 | 0.69141966 | 0.70866626 | 0.69910941 | 0.69895205 | 0.67985051 | 0.70250113 | 0.01295028
Load 164 | 0.70791629 | 0.70241287 | 0.69626026 | 0.71565003 | 0.71176112 | 0.68179050 | 0.69651127 | 0.69085271 | 0.69978922 | 0.71367259 | 0.72653915 | 0.71397583 | 0.68625076 | 0.69462025 | 0.70030769 | 0.70428135 | 0.71531532 | 0.70175971 | 0.73490338 | 0.69662921 | 0.70455998 | 0.01278200
Load 165 | 0.70528580 | 0.73948812 | 0.70416540 | 0.69789790 | 0.70957096 | 0.69784391 | 0.71910457 | 0.72062905 | 0.71372667 | 0.71240025 | 0.73679445 | 0.71316425 | 0.72114524 | 0.70607504 | 0.69089236 | 0.69775112 | 0.70834617 | 0.69934025 | 0.68124423 | 0.70595533 | 0.70904105 | 0.01371075
Load 166 | 0.72644018 | 0.71042236 | 0.69905574 | 0.73051360 | 0.70006301 | 0.73599041 | 0.69760479 | 0.72743847 | 0.70493790 | 0.73435620 | 0.74323493 | 0.70365891 | 0.72435513 | 0.71000000 | 0.71521998 | 0.72010952 | 0.69725054 | 0.71241631 | 0.71852078 | 0.72549020 | 0.71685395 | 0.01357124
Load 167 | 0.73136095 | 0.71136225 | 0.71520468 | 0.72170633 | 0.73214286 | 0.72935503 | 0.74121885 | 0.72247498 | 0.71065840 | 0.68718255 | 0.70323361 | 0.73169286 | 0.74004616 | 0.73042966 | 0.72468163 | 0.71790235 | 0.70683941 | 0.71036315 | 0.72682627 | 0.71547729 | 0.72050796 | 0.01297673
Load 168 | 0.72423888 | 0.69071865 | 0.70454545 | 0.70869178 | 0.73281761 | 0.71346963 | 0.72527158 | 0.72238288 | 0.72298920 | 0.70879121 | 0.71637776 | 0.72049502 | 0.70999089 | 0.74414414 | 0.75162818 | 0.73281787 | 0.71985603 | 0.72892805 | 0.72334559 | 0.73455513 | 0.72180278 | 0.01363078
Load 169 | 0.71210306 | 0.72692194 | 0.72409710 | 0.72520228 | 0.73062954 | 0.73179503 | 0.73476494 | 0.73910483 | 0.72326080 | 0.73162090 | 0.72066550 | 0.73228821 | 0.72639579 | 0.73236890 | 0.74175165 | 0.69450285 | 0.72360156 | 0.73881279 | 0.72432272 | 0.74059929 | 0.72774048 | 0.01052401
Load 170 | 0.73567631 | 0.72880355 | 0.71309275 | 0.74452774 | 0.71710333 | 0.73444478 | 0.73761946 | 0.73997028 | 0.72853688 | 0.72727273 | 0.72303634 | 0.74705189 | 0.71773959 | 0.73955916 | 0.72363112 | 0.75100748 | 0.70871560 | 0.77008472 | 0.74087266 | 0.73941648 | 0.73340814 | 0.01410834
Load 171 | 0.74084834 | 0.73337172 | 0.75139583 | 0.73609502 | 0.71465893 | 0.74353820 | 0.74153401 | 0.75843182 | 0.70470799 | 0.74487142 | 0.73026123 | 0.73225806 | 0.74752187 | 0.74668588 | 0.73418854 | 0.71826809 | 0.74143485 | 0.72621810 | 0.72861793 | 0.73408240 | 0.73544951 | 0.01257048
Load 172 | 0.73245109 | 0.75760260 | 0.72711421 | 0.72267206 | 0.72834414 | 0.71920451 | 0.75257126 | 0.74927368 | 0.73009485 | 0.74596774 | 0.75840456 | 0.74032023 | 0.73436587 | 0.72920303 | 0.73817220 | 0.73665689 | 0.75167981 | 0.73567151 | 0.76600058 | 0.74489502 | 0.74003329 | 0.01252198
Load 173 | 0.75000000 | 0.74699140 | 0.74034777 | 0.75734430 | 0.74781341 | 0.77148785 | 0.75365991 | 0.73632130 | 0.76462197 | 0.75660920 | 0.72452830 | 0.71798603 | 0.73779070 | 0.73699506 | 0.73237410 | 0.73085847 | 0.76416494 | 0.71712803 | 0.73910517 | 0.75263008 | 0.74393790 | 0.01486853
Load 174 | 0.74762316 | 0.76884838 | 0.73574978 | 0.75295815 | 0.74153145 | 0.76477438 | 0.74818740 | 0.75501891 | 0.73395798 | 0.74107143 | 0.73878394 | 0.76373626 | 0.74155070 | 0.73309818 | 0.74229452 | 0.76995565 | 0.74837983 | 0.72772277 | 0.74704355 | 0.75210556 | 0.74771960 | 0.01175902
Load 175 | 0.73951498 | 0.75058207 | 0.75491297 | 0.74137414 | 0.79068493 | 0.72555846 | 0.77546228 | 0.75388222 | 0.75181002 | 0.75443618 | 0.72423637 | 0.73903134 | 0.73491828 | 0.76353791 | 0.75359402 | 0.75986179 | 0.74490098 | 0.73444221 | 0.77819549 | 0.75627138 | 0.75136040 | 0.01661047
Load 176 | 0.74184316 | 0.77555682 | 0.76147309 | 0.75070185 | 0.74128648 | 0.75356532 | 0.74336794 | 0.74702886 | 0.74413280 | 0.75036284 | 0.75820982 | 0.74039548 | 0.75757576 | 0.75589656 | 0.79298831 | 0.77649053 | 0.75834034 | 0.74530154 | 0.75968557 | 0.74654776 | 0.75503754 | 0.01326498
Load 177 | 0.76936074 | 0.74742563 | 0.75288814 | 0.75520540 | 0.75318287 | 0.77654867 | 0.74211872 | 0.76652361 | 0.75821065 | 0.76282233 | 0.75520685 | 0.74767442 | 0.75195969 | 0.76439202 | 0.77305356 | 0.76187734 | 0.76892767 | 0.77366703 | 0.75118948 | 0.77649705 | 0.76043659 | 0.01014473
Load 178 | 0.76407658 | 0.73486135 | 0.75863053 | 0.73833839 | 0.77903761 | 0.76763006 | 0.72781912 | 0.74047085 | 0.75863029 | 0.74452765 | 0.75975302 | 0.74146614 | 0.76592225 | 0.75503448 | 0.74599607 | 0.75962627 | 0.77783934 | 0.76678641 | 0.76063528 | 0.75929550 | 0.75531886 | 0.01364746
Load 179 | 0.76326531 | 0.77965624 | 0.75434243 | 0.76809537 | 0.78839590 | 0.77263752 | 0.73518571 | 0.75263450 | 0.76156189 | 0.75470668 | 0.78028014 | 0.75569476 | 0.76336935 | 0.76282225 | 0.76074459 | 0.75167981 | 0.77277747 | 0.75372924 | 0.75870787 | 0.75786251 | 0.76240748 | 0.01177474
Load 180 | 0.77322176 | 0.77814570 | 0.76455907 | 0.77614424 | 0.78302150 | 0.78367803 | 0.76338028 | 0.78812155 | 0.78466241 | 0.77306324 | 0.77442123 | 0.77562550 | 0.77862181 | 0.78483438 | 0.76133519 | 0.74837064 | 0.76157083 | 0.75327937 | 0.77082741 | 0.79047088 | 0.77336775 | 0.01124578
Load 181 | 0.76162629 | 0.76771005 | 0.76462622 | 0.74442916 | 0.79076674 | 0.76404808 | 0.75806452 | 0.77546550 | 0.75806897 | 0.78444748 | 0.77269033 | 0.78658200 | 0.76300578 | 0.75192731 | 0.76143973 | 0.75945871 | 0.75656985 | 0.79368477 | 0.77008004 | 0.79120267 | 0.76879471 | 0.01369704
Load 182 | 0.75491266 | 0.78259661 | 0.75891388 | 0.78281164 | 0.78254886 | 0.78347969 | 0.76046256 | 0.75440591 | 0.77335591 | 0.77051836 | 0.76857923 | 0.77996229 | 0.77069013 | 0.77462851 | 0.76027211 | 0.75548335 | 0.77965194 | 0.76276863 | 0.77442371 | 0.76314363 | 0.76968048 | 0.00999177
Load 183 | 0.79209289 | 0.76566451 | 0.78240741 | 0.78136780 | 0.79611377 | 0.76906016 | 0.76335050 | 0.76828929 | 0.77831121 | 0.77521930 | 0.77309071 | 0.76197066 | 0.78011631 | 0.76109307 | 0.77627302 | 0.77999453 | 0.78199305 | 0.77436037 | 0.77442799 | 0.78569486 | 0.77604457 | 0.00924478
Load 184 | 0.78606424 | 0.77811719 | 0.78498109 | 0.77923497 | 0.78435633 | 0.78198397 | 0.77495953 | 0.76172807 | 0.77458356 | 0.78799894 | 0.79254016 | 0.75638240 | 0.78752759 | 0.78537736 | 0.78184893 | 0.76363125 | 0.78681437 | 0.76582450 | 0.77220708 | 0.77062706 | 0.77783943 | 0.00978724
Load 185 | 0.76162322 | 0.78719912 | 0.77457581 | 0.77615965 | 0.79502275 | 0.76313662 | 0.78389262 | 0.76008906 | 0.78826052 | 0.78448276 | 0.79107338 | 0.78292210 | 0.79877071 | 0.77387863 | 0.76839598 | 0.77647699 | 0.78363832 | 0.78171896 | 0.78455620 | 0.78429775 | 0.78000856 | 0.01040948
Load 186 | 0.79376694 | 0.78508772 | 0.78686397 | 0.78507463 | 0.77062706 | 0.78673246 | 0.78401728 | 0.79829697 | 0.79692142 | 0.78179348 | 0.77934783 | 0.80383285 | 0.75733908 | 0.77766070 | 0.82433891 | 0.78020776 | 0.79102084 | 0.78203782 | 0.80669344 | 0.79578779 | 0.78837245 | 0.01378546
Load 187 | 0.78567708 | 0.79590208 | 0.80678781 | 0.78473742 | 0.78636482 | 0.80743514 | 0.77858881 | 0.78571429 | 0.80891547 | 0.80643432 | 0.79023366 | 0.79460916 | 0.80955025 | 0.79205545 | 0.78617711 | 0.79332812 | 0.80107817 | 0.77458683 | 0.79498364 | 0.80514208 | 0.79441509 | 0.01028273
Load 188 | 0.79615992 | 0.78895571 | 0.76631016 | 0.78445786 | 0.78190069 | 0.82066381 | 0.80767196 | 0.79237399 | 0.78565694 | 0.81218676 | 0.80636743 | 0.80299448 | 0.79580307 | 0.80968586 | 0.77676170 | 0.79603854 | 0.77757207 | 0.82141901 | 0.78712081 | 0.79735099 | 0.79537259 | 0.01442600
Load 189 | 0.80010521 | 0.81498147 | 0.78618163 | 0.81061807 | 0.78855454 | 0.79104880 | 0.79800630 | 0.79905437 | 0.82210797 | 0.77837259 | 0.80158103 | 0.80404686 | 0.80136240 | 0.80149015 | 0.82517296 | 0.78727953 | 0.77231427 | 0.81101540 | 0.81458169 | 0.81614350 | 0.80120094 | 0.01387681
Load 190 | 0.80830923 | 0.78967742 | 0.78486807 | 0.79629630 | 0.82241241 | 0.78860294 | 0.79907025 | 0.80293285 | 0.81156666 | 0.80505992 | 0.78977273 | 0.78016086 | 0.78618508 | 0.80381255 | 0.81021898 | 0.80216874 | 0.80220626 | 0.79471388 | 0.80915033 | 0.78386243 | 0.79855239 | 0.01087914
Load 191 | 0.79074550 | 0.80279094 | 0.80197755 | 0.82582504 | 0.80446497 | 0.81539262 | 0.79682959 | 0.81113163 | 0.79401732 | 0.82028241 | 0.79978981 | 0.79593432 | 0.80485873 | 0.80062225 | 0.79855113 | 0.80408685 | 0.82311734 | 0.81261261 | 0.81120868 | 0.81875826 | 0.80664988 | 0.00986972
Load 192 | 0.81029953 | 0.81111401 | 0.77395642 | 0.81437599 | 0.82242991 | 0.78134879 | 0.80467746 | 0.81406500 | 0.80221227 | 0.80887982 | 0.81243469 | 0.78118449 | 0.81005155 | 0.80057277 | 0.78868329 | 0.80440482 | 0.80044843 | 0.79906299 | 0.81444386 | 0.79407008 | 0.80243581 | 0.01255515
Load 193 | 0.81831720 | 0.82824236 | 0.79772669 | 0.80394138 | 0.79530639 | 0.79615992 | 0.80913838 | 0.79316547 | 0.79847134 | 0.79721030 | 0.79655350 | 0.80908853 | 0.80256479 | 0.80127226 | 0.81431535 | 0.80479452 | 0.79876480 | 0.82009893 | 0.80752270 | 0.81525077 | 0.80539528 | 0.00941821
Load 194 | 0.80276546 | 0.79208430 | 0.80975863 | 0.79096195 | 0.80102564 | 0.81351215 | 0.81502299 | 0.81282723 | 0.80323243 | 0.81466077 | 0.82541377 | 0.80627213 | 0.81394744 | 0.80833757 | 0.81002571 | 0.80609631 | 0.80548370 | 0.79616858 | 0.80682720 | 0.82264347 | 0.80785337 | 0.00867172
Load 195 | 0.82224506 | 0.83123555 | 0.80971558 | 0.81262729 | 0.80309174 | 0.81555108 | 0.82566709 | 0.81062356 | 0.82008052 | 0.80361757 | 0.80235837 | 0.80443185 | 0.79707917 | 0.80617978 | 0.79784505 | 0.80854310 | 0.82074296 | 0.79449208 | 0.80873611 | 0.80055894 | 0.80977112 | 0.00985141
Load 196 | 0.82282966 | 0.80900621 | 0.81861075 | 0.80828221 | 0.81518066 | 0.82162850 | 0.82942262 | 0.81251603 | 0.82432778 | 0.81104199 | 0.82076446 | 0.80740357 | 0.82736895 | 0.80030411 | 0.80992581 | 0.81510682 | 0.80308392 | 0.81531076 | 0.81752763 | 0.82176218 | 0.81557023 | 0.00771225
Load 197 | 0.82705611 | 0.83255356 | 0.80849974 | 0.82198953 | 0.79729039 | 0.81318402 | 0.82644206 | 0.81338118 | 0.80704365 | 0.83068520 | 0.81624467 | 0.83728037 | 0.80645161 | 0.82920730 | 0.80567010 | 0.80282757 | 0.81928934 | 0.82861476 | 0.82941935 | 0.81843647 | 0.81857835 | 0.01113526
Load 198 | 0.82745871 | 0.80584972 | 0.82861554 | 0.79716495 | 0.81292261 | 0.81384615 | 0.81795511 | 0.82342787 | 0.80665978 | 0.82691830 | 0.83602886 | 0.82668673 | 0.82571429 | 0.82094763 | 0.80978809 | 0.82524272 | 0.82479054 | 0.83320659 | 0.82132999 | 0.81000996 | 0.81972821 | 0.00986321
Load 199 | 0.82992519 | 0.83096447 | 0.83032581 | 0.83312263 | 0.82888380 | 0.81655312 | 0.81765739 | 0.82692308 | 0.81885350 | 0.83601205 | 0.83063512 | 0.83201430 | 0.82863613 | 0.82488366 | 0.82016419 | 0.83333333 | 0.81628499 | 0.83521889 | 0.82231825 | 0.81960784 | 0.82661589 | 0.00635888
Load 200 | 0.81605435 | 0.82101070 | 0.82936105 | 0.82270916 | 0.81894425 | 0.82753516 | 0.84159882 | 0.84130920 | 0.83802109 | 0.82518023 | 0.82601054 | 0.83518145 | 0.83177340 | 0.82687927 | 0.85300102 | 0.84668645 | 0.83008008 | 0.82971372 | 0.82807104 | 0.80741114 | 0.82982661 | 0.01044929
