# TODAS AS PROBABILIDADES (20 SIMULAÇÕES)
# Requisição 2: [2,6]
# Modo: CONJUNTO
# Data: 2026-02-09 23:16:46
# ================================================================================
# Formato: Load | Sim1 | Sim2 | ... | Sim20 | Média | DesvioPadrão
# ================================================================================

Load   1 | 0.00000000 | 0.00000000 | 0.00000000 | 0.00000000 | 0.00000000 | 0.00000000 | 0.00000000 | 0.00000000 | 0.00000000 | 0.00000000 | 0.00000000 | 0.00000000 | 0.00000000 | 0.00000000 | 0.00000000 | 0.00000000 | 0.00000000 | 0.00000000 | 0.00000000 | 0.00000000 | 0.00000000 | 0.00000000
Load   2 | 0.00000000 | 0.00000000 | 0.00000000 | 0.00000000 | 0.00000000 | 0.00000000 | 0.00000000 | 0.00000000 | 0.00000000 | 0.00000000 | 0.00000000 | 0.00000000 | 0.00000000 | 0.00000000 | 0.00000000 | 0.00000000 | 0.00000000 | 0.00000000 | 0.00000000 | 0.00000000 | 0.00000000 | 0.00000000
Load   3 | 0.00000000 | 0.00000000 | 0.00000000 | 0.00000000 | 0.00000000 | 0.00000000 | 0.00000000 | 0.00000000 | 0.00000000 | 0.00000000 | 0.00000000 | 0.00000000 | 0.00000000 | 0.00000000 | 0.00000000 | 0.00000000 | 0.00000000 | 0.00000000 | 0.00000000 | 0.00000000 | 0.00000000 | 0.00000000
Load   4 | 0.00000000 | 0.00000000 | 0.00000000 | 0.00000000 | 0.00000000 | 0.00000000 | 0.00000000 | 0.00000000 | 0.00000000 | 0.00000000 | 0.00000000 | 0.00000000 | 0.00000000 | 0.00000000 | 0.00000000 | 0.00000000 | 0.00000000 | 0.00000000 | 0.00000000 | 0.00000000 | 0.00000000 | 0.00000000
Load   5 | 0.00000000 | 0.00000000 | 0.00000000 | 0.00000000 | 0.00000000 | 0.00000000 | 0.00000000 | 0.00000000 | 0.00000000 | 0.00000000 | 0.00000000 | 0.00000000 | 0.00000000 | 0.00000000 | 0.00000000 | 0.00000000 | 0.00000000 | 0.00000000 | 0.00000000 | 0.00000000 | 0.00000000 | 0.00000000
Load   6 | 0.00000000 | 0.00000000 | 0.00000000 | 0.00000000 | 0.00000000 | 0.00000000 | 0.00000000 | 0.00000000 | 0.00000000 | 0.00000000 | 0.00000000 | 0.00000000 | 0.00000000 | 0.00000000 | 0.00000000 | 0.00000000 | 0.00000000 | 0.00000000 | 0.00000000 | 0.00000000 | 0.00000000 | 0.00000000
Load   7 | 0.00000000 | 0.00000000 | 0.00000000 | 0.00000000 | 0.00000000 | 0.00000000 | 0.00000000 | 0.00000000 | 0.00000000 | 0.00000000 | 0.00000000 | 0.00000000 | 0.00000000 | 0.00000000 | 0.00000000 | 0.00000000 | 0.00000000 | 0.00000000 | 0.00000000 | 0.00000000 | 0.00000000 | 0.00000000
Load   8 | 0.00000000 | 0.00000000 | 0.00000000 | 0.00000000 | 0.00000000 | 0.00000000 | 0.00000000 | 0.00000000 | 0.00000000 | 0.00000000 | 0.00000000 | 0.00000000 | 0.00000000 | 0.00000000 | 0.00000000 | 0.00000000 | 0.00000000 | 0.00000000 | 0.00000000 | 0.00000000 | 0.00000000 | 0.00000000
Load   9 | 0.00000000 | 0.00000000 | 0.00000000 | 0.00000000 | 0.00000000 | 0.00000000 | 0.00000000 | 0.00000000 | 0.00000000 | 0.00000000 | 0.00000000 | 0.00000000 | 0.00000000 | 0.00000000 | 0.00000000 | 0.00000000 | 0.00000000 | 0.00000000 | 0.00000000 | 0.00000000 | 0.00000000 | 0.00000000
Load  10 | 0.00000000 | 0.00000000 | 0.00000000 | 0.00000000 | 0.00000000 | 0.00000000 | 0.00000000 | 0.00000000 | 0.00000000 | 0.00000000 | 0.00000000 | 0.00000000 | 0.00000000 | 0.00000000 | 0.00000000 | 0.00000000 | 0.00000000 | 0.00000000 | 0.00000000 | 0.00000000 | 0.00000000 | 0.00000000
Load  11 | 0.00000000 | 0.00000000 | 0.00000000 | 0.00000000 | 0.00000000 | 0.00000000 | 0.00000000 | 0.00000000 | 0.00000000 | 0.00000000 | 0.00000000 | 0.00000000 | 0.00000000 | 0.00000000 | 0.00000000 | 0.00000000 | 0.00000000 | 0.00000000 | 0.00000000 | 0.00000000 | 0.00000000 | 0.00000000
Load  12 | 0.00000000 | 0.00000000 | 0.00000000 | 0.00000000 | 0.00000000 | 0.00000000 | 0.00000000 | 0.00000000 | 0.00000000 | 0.00000000 | 0.00000000 | 0.00000000 | 0.00000000 | 0.00000000 | 0.00000000 | 0.00000000 | 0.00000000 | 0.00000000 | 0.00000000 | 0.00000000 | 0.00000000 | 0.00000000
Load  13 | 0.00000000 | 0.00000000 | 0.00000000 | 0.00000000 | 0.00000000 | 0.00000000 | 0.00000000 | 0.00000000 | 0.00000000 | 0.00000000 | 0.00000000 | 0.00000000 | 0.00000000 | 0.00000000 | 0.00000000 | 0.00000000 | 0.00000000 | 0.00000000 | 0.00000000 | 0.00000000 | 0.00000000 | 0.00000000
Load  14 | 0.00000000 | 0.00000000 | 0.00000000 | 0.00000000 | 0.00000000 | 0.00000000 | 0.00000000 | 0.00000000 | 0.00000000 | 0.00000000 | 0.00000000 | 0.00000000 | 0.00000000 | 0.00000000 | 0.00000000 | 0.00000000 | 0.00000000 | 0.00000000 | 0.00000000 | 0.00000000 | 0.00000000 | 0.00000000
Load  15 | 0.00000000 | 0.00000000 | 0.00000000 | 0.00000000 | 0.00000000 | 0.00000000 | 0.00000000 | 0.00000000 | 0.00000000 | 0.00000000 | 0.00000000 | 0.00000000 | 0.00000000 | 0.00000000 | 0.00000000 | 0.00000000 | 0.00000000 | 0.00000000 | 0.00000000 | 0.00000000 | 0.00000000 | 0.00000000
Load  16 | 0.00000000 | 0.00000000 | 0.00000000 | 0.00000000 | 0.00000000 | 0.00000000 | 0.00000000 | 0.00000000 | 0.00000000 | 0.00000000 | 0.00000000 | 0.00000000 | 0.00000000 | 0.00000000 | 0.00000000 | 0.00000000 | 0.00000000 | 0.00000000 | 0.00000000 | 0.00000000 | 0.00000000 | 0.00000000
Load  17 | 0.00000000 | 0.00000000 | 0.00000000 | 0.00000000 | 0.00000000 | 0.00000000 | 0.00000000 | 0.00000000 | 0.00000000 | 0.00000000 | 0.00000000 | 0.00000000 | 0.00000000 | 0.00000000 | 0.00000000 | 0.00000000 | 0.00000000 | 0.00000000 | 0.00000000 | 0.00000000 | 0.00000000 | 0.00000000
Load  18 | 0.00000000 | 0.00000000 | 0.00000000 | 0.00000000 | 0.00000000 | 0.00000000 | 0.00000000 | 0.00000000 | 0.00000000 | 0.00000000 | 0.00000000 | 0.00000000 | 0.00000000 | 0.00000000 | 0.00000000 | 0.00000000 | 0.00000000 | 0.00000000 | 0.00000000 | 0.00000000 | 0.00000000 | 0.00000000
Load  19 | 0.00000000 | 0.00000000 | 0.00000000 | 0.00000000 | 0.00000000 | 0.00000000 | 0.00000000 | 0.00000000 | 0.00000000 | 0.00000000 | 0.00000000 | 0.00000000 | 0.00000000 | 0.00000000 | 0.00000000 | 0.00000000 | 0.00000000 | 0.00000000 | 0.00000000 | 0.00000000 | 0.00000000 | 0.00000000
Load  20 | 0.00000000 | 0.00000000 | 0.00000000 | 0.00000000 | 0.00000000 | 0.00000000 | 0.00000000 | 0.00000000 | 0.00000000 | 0.00000000 | 0.00000000 | 0.00000000 | 0.00000000 | 0.00000000 | 0.00000000 | 0.00000000 | 0.00000000 | 0.00000000 | 0.00000000 | 0.00000000 | 0.00000000 | 0.00000000
Load  21 | 0.00000000 | 0.00000000 | 0.00000000 | 0.00000000 | 0.00000000 | 0.00000000 | 0.00000000 | 0.00000000 | 0.00000000 | 0.00000000 | 0.00000000 | 0.00000000 | 0.00000000 | 0.00000000 | 0.00000000 | 0.00000000 | 0.00000000 | 0.00000000 | 0.00000000 | 0.00000000 | 0.00000000 | 0.00000000
Load  22 | 0.00000000 | 0.00000000 | 0.00000000 | 0.00000000 | 0.00000000 | 0.00000000 | 0.00000000 | 0.00000000 | 0.00000000 | 0.00000000 | 0.00000000 | 0.00000000 | 0.00000000 | 0.00000000 | 0.00000000 | 0.00000000 | 0.00000000 | 0.00000000 | 0.00000000 | 0.00000000 | 0.00000000 | 0.00000000
Load  23 | 0.00000000 | 0.00000000 | 0.00000000 | 0.00000000 | 0.00000000 | 0.00000000 | 0.00000000 | 0.00000000 | 0.00000000 | 0.00000000 | 0.00000000 | 0.00000000 | 0.00000000 | 0.00000000 | 0.00000000 | 0.00000000 | 0.00000000 | 0.00000000 | 0.00000000 | 0.00000000 | 0.00000000 | 0.00000000
Load  24 | 0.00000000 | 0.00000000 | 0.00000000 | 0.00000000 | 0.00000000 | 0.00000000 | 0.00000000 | 0.00000000 | 0.00000000 | 0.00000000 | 0.00000000 | 0.00000000 | 0.00000000 | 0.00000000 | 0.00000000 | 0.00000000 | 0.00000000 | 0.00000000 | 0.00000000 | 0.00000000 | 0.00000000 | 0.00000000
Load  25 | 0.00000000 | 0.00000000 | 0.00000000 | 0.00000000 | 0.00000000 | 0.00000000 | 0.00000000 | 0.00000000 | 0.00000000 | 0.00000000 | 0.00000000 | 0.00000000 | 0.00000000 | 0.00000000 | 0.00000000 | 0.00000000 | 0.00000000 | 0.00000000 | 0.00000000 | 0.00000000 | 0.00000000 | 0.00000000
Load  26 | 0.00000000 | 0.00000000 | 0.00000000 | 0.00000000 | 0.00000000 | 0.00000000 | 0.00000000 | 0.00000000 | 0.00000000 | 0.00000000 | 0.00000000 | 0.00000000 | 0.00000000 | 0.00000000 | 0.00000000 | 0.00000000 | 0.00000000 | 0.00000000 | 0.00000000 | 0.00000000 | 0.00000000 | 0.00000000
Load  27 | 0.00000000 | 0.00000000 | 0.00000000 | 0.00000000 | 0.00000000 | 0.00000000 | 0.00000000 | 0.00000000 | 0.00000000 | 0.00000000 | 0.00000000 | 0.00000000 | 0.00000000 | 0.00000000 | 0.00000000 | 0.00000000 | 0.00000000 | 0.00000000 | 0.00000000 | 0.00000000 | 0.00000000 | 0.00000000
Load  28 | 0.00000000 | 0.00000000 | 0.00000000 | 0.00000000 | 0.00000000 | 0.00000000 | 0.00000000 | 0.00000000 | 0.00000000 | 0.00000000 | 0.00000000 | 0.00000000 | 0.00000000 | 0.00000000 | 0.00000000 | 0.00000000 | 0.00000000 | 0.00000000 | 0.00000000 | 0.00000000 | 0.00000000 | 0.00000000
Load  29 | 0.00000000 | 0.00000000 | 0.00000000 | 0.00000000 | 0.00000000 | 0.00000000 | 0.00000000 | 0.00000000 | 0.00000000 | 0.00000000 | 0.00000000 | 0.00000000 | 0.00000000 | 0.00000000 | 0.00000000 | 0.00000000 | 0.00000000 | 0.00000000 | 0.00000000 | 0.00000000 | 0.00000000 | 0.00000000
Load  30 | 0.00000000 | 0.00000000 | 0.00000000 | 0.00000000 | 0.00000000 | 0.00000000 | 0.00000000 | 0.00000000 | 0.00000000 | 0.00000000 | 0.00000000 | 0.00000000 | 0.00000000 | 0.00000000 | 0.00000000 | 0.00000000 | 0.00000000 | 0.00000000 | 0.00000000 | 0.00000000 | 0.00000000 | 0.00000000
Load  31 | 0.00000000 | 0.00000000 | 0.00000000 | 0.00000000 | 0.00000000 | 0.00000000 | 0.00000000 | 0.00000000 | 0.00000000 | 0.00000000 | 0.00000000 | 0.00000000 | 0.00000000 | 0.00000000 | 0.00000000 | 0.00000000 | 0.00000000 | 0.00000000 | 0.00000000 | 0.00000000 | 0.00000000 | 0.00000000
Load  32 | 0.00000000 | 0.00000000 | 0.00000000 | 0.00000000 | 0.00000000 | 0.00000000 | 0.00000000 | 0.00000000 | 0.00000000 | 0.00000000 | 0.00000000 | 0.00000000 | 0.00000000 | 0.00000000 | 0.00000000 | 0.00000000 | 0.00000000 | 0.00000000 | 0.00000000 | 0.00000000 | 0.00000000 | 0.00000000
Load  33 | 0.00000000 | 0.00000000 | 0.00000000 | 0.00000000 | 0.00000000 | 0.00000000 | 0.00000000 | 0.00000000 | 0.00000000 | 0.00000000 | 0.00000000 | 0.00000000 | 0.00000000 | 0.00000000 | 0.00000000 | 0.00000000 | 0.00000000 | 0.00000000 | 0.00000000 | 0.00000000 | 0.00000000 | 0.00000000
Load  34 | 0.00000000 | 0.00000000 | 0.00000000 | 0.00000000 | 0.00000000 | 0.00000000 | 0.00000000 | 0.00000000 | 0.00000000 | 0.00000000 | 0.00000000 | 0.00000000 | 0.00000000 | 0.00000000 | 0.00000000 | 0.00000000 | 0.00000000 | 0.00000000 | 0.00000000 | 0.00000000 | 0.00000000 | 0.00000000
Load  35 | 0.00000000 | 0.00000000 | 0.00000000 | 0.00000000 | 0.00000000 | 0.00000000 | 0.00000000 | 0.00000000 | 0.00000000 | 0.00000000 | 0.00000000 | 0.00000000 | 0.00000000 | 0.00000000 | 0.00000000 | 0.00000000 | 0.00000000 | 0.00000000 | 0.00000000 | 0.00000000 | 0.00000000 | 0.00000000
Load  36 | 0.00000000 | 0.00000000 | 0.00000000 | 0.00000000 | 0.00000000 | 0.00000000 | 0.00000000 | 0.00000000 | 0.00000000 | 0.00000000 | 0.00000000 | 0.00000000 | 0.00000000 | 0.00000000 | 0.00000000 | 0.00000000 | 0.00000000 | 0.00000000 | 0.00000000 | 0.00000000 | 0.00000000 | 0.00000000
Load  37 | 0.00000000 | 0.00000000 | 0.00000000 | 0.00000000 | 0.00000000 | 0.00000000 | 0.00000000 | 0.00000000 | 0.00000000 | 0.00000000 | 0.00000000 | 0.00000000 | 0.00000000 | 0.00000000 | 0.00000000 | 0.00000000 | 0.00000000 | 0.00000000 | 0.00000000 | 0.00000000 | 0.00000000 | 0.00000000
Load  38 | 0.00000000 | 0.00000000 | 0.00000000 | 0.00000000 | 0.00000000 | 0.00000000 | 0.00000000 | 0.00000000 | 0.00000000 | 0.00000000 | 0.00000000 | 0.00000000 | 0.00000000 | 0.00000000 | 0.00000000 | 0.00000000 | 0.00000000 | 0.00000000 | 0.00000000 | 0.00000000 | 0.00000000 | 0.00000000
Load  39 | 0.00000000 | 0.00000000 | 0.00000000 | 0.00000000 | 0.00000000 | 0.00000000 | 0.00000000 | 0.00000000 | 0.00000000 | 0.00000000 | 0.00000000 | 0.00000000 | 0.00000000 | 0.00000000 | 0.00000000 | 0.00000000 | 0.00000000 | 0.00000000 | 0.00000000 | 0.00000000 | 0.00000000 | 0.00000000
Load  40 | 0.00000000 | 0.00000000 | 0.00000000 | 0.00000000 | 0.00000000 | 0.00000000 | 0.00000000 | 0.00000000 | 0.00000000 | 0.00000000 | 0.00000000 | 0.00000000 | 0.00000000 | 0.00000000 | 0.00000000 | 0.00000000 | 0.00000000 | 0.00000000 | 0.00000000 | 0.00000000 | 0.00000000 | 0.00000000
Load  41 | 0.00000000 | 0.00000000 | 0.00000000 | 0.00000000 | 0.00000000 | 0.00000000 | 0.00000000 | 0.00000000 | 0.00000000 | 0.00000000 | 0.00000000 | 0.00000000 | 0.00000000 | 0.00000000 | 0.00000000 | 0.00000000 | 0.00000000 | 0.00000000 | 0.00000000 | 0.00000000 | 0.00000000 | 0.00000000
Load  42 | 0.00000000 | 0.00000000 | 0.00000000 | 0.00000000 | 0.00000000 | 0.00000000 | 0.00000000 | 0.00000000 | 0.00000000 | 0.00000000 | 0.00000000 | 0.00000000 | 0.00000000 | 0.00000000 | 0.00000000 | 0.00000000 | 0.00000000 | 0.00000000 | 0.00000000 | 0.00000000 | 0.00000000 | 0.00000000
Load  43 | 0.00000000 | 0.00000000 | 0.00000000 | 0.00000000 | 0.00000000 | 0.00000000 | 0.00000000 | 0.00000000 | 0.00000000 | 0.00000000 | 0.00000000 | 0.00000000 | 0.00000000 | 0.00000000 | 0.00000000 | 0.00000000 | 0.00000000 | 0.00000000 | 0.00000000 | 0.00000000 | 0.00000000 | 0.00000000
Load  44 | 0.00000000 | 0.00000000 | 0.00000000 | 0.00000000 | 0.00000000 | 0.00000000 | 0.00000000 | 0.00000000 | 0.00000000 | 0.00000000 | 0.00000000 | 0.00000000 | 0.00000000 | 0.00000000 | 0.00000000 | 0.00000000 | 0.00000000 | 0.00000000 | 0.00000000 | 0.00000000 | 0.00000000 | 0.00000000
Load  45 | 0.00000000 | 0.00000000 | 0.00000000 | 0.00000000 | 0.00000000 | 0.00000000 | 0.00000000 | 0.00000000 | 0.00000000 | 0.00000000 | 0.00000000 | 0.00000000 | 0.00000000 | 0.00000000 | 0.00000000 | 0.00000000 | 0.00000000 | 0.00000000 | 0.00000000 | 0.00000000 | 0.00000000 | 0.00000000
Load  46 | 0.00000000 | 0.00109409 | 0.00000000 | 0.00000000 | 0.00000000 | 0.00000000 | 0.00000000 | 0.00000000 | 0.00000000 | 0.00000000 | 0.00000000 | 0.00000000 | 0.00000000 | 0.00000000 | 0.00000000 | 0.00000000 | 0.00000000 | 0.00000000 | 0.00000000 | 0.00000000 | 0.00005470 | 0.00023845
Load  47 | 0.00000000 | 0.00000000 | 0.00000000 | 0.00000000 | 0.00000000 | 0.00000000 | 0.00000000 | 0.00000000 | 0.00000000 | 0.00000000 | 0.00000000 | 0.00000000 | 0.00000000 | 0.00000000 | 0.00000000 | 0.00000000 | 0.00000000 | 0.00000000 | 0.00000000 | 0.00000000 | 0.00000000 | 0.00000000
Load  48 | 0.00000000 | 0.00000000 | 0.00000000 | 0.00000000 | 0.00000000 | 0.00000000 | 0.00000000 | 0.00000000 | 0.00000000 | 0.00000000 | 0.00000000 | 0.00000000 | 0.00000000 | 0.00000000 | 0.00000000 | 0.00000000 | 0.00000000 | 0.00000000 | 0.00000000 | 0.00000000 | 0.00000000 | 0.00000000
Load  49 | 0.00000000 | 0.00000000 | 0.00000000 | 0.00000000 | 0.00000000 | 0.00000000 | 0.00000000 | 0.00000000 | 0.00000000 | 0.00000000 | 0.00000000 | 0.00000000 | 0.00000000 | 0.00000000 | 0.00000000 | 0.00000000 | 0.00000000 | 0.00000000 | 0.00000000 | 0.00000000 | 0.00000000 | 0.00000000
Load  50 | 0.00000000 | 0.00000000 | 0.00000000 | 0.00000000 | 0.00000000 | 0.00000000 | 0.00000000 | 0.00000000 | 0.00000000 | 0.00000000 | 0.00000000 | 0.00000000 | 0.00000000 | 0.00000000 | 0.00000000 | 0.00000000 | 0.00000000 | 0.00000000 | 0.00000000 | 0.00000000 | 0.00000000 | 0.00000000
Load  51 | 0.00000000 | 0.00000000 | 0.00000000 | 0.00000000 | 0.00000000 | 0.00000000 | 0.00000000 | 0.00097371 | 0.00000000 | 0.00000000 | 0.00000000 | 0.00000000 | 0.00000000 | 0.00000000 | 0.00000000 | 0.00000000 | 0.00000000 | 0.00000000 | 0.00000000 | 0.00000000 | 0.00004869 | 0.00021222
Load  52 | 0.00000000 | 0.00000000 | 0.00000000 | 0.00000000 | 0.00000000 | 0.00000000 | 0.00000000 | 0.00000000 | 0.00000000 | 0.00000000 | 0.00000000 | 0.00000000 | 0.00000000 | 0.00000000 | 0.00000000 | 0.00000000 | 0.00000000 | 0.00000000 | 0.00000000 | 0.00000000 | 0.00000000 | 0.00000000
Load  53 | 0.00000000 | 0.00092678 | 0.00000000 | 0.00000000 | 0.00000000 | 0.00000000 | 0.00000000 | 0.00000000 | 0.00000000 | 0.00000000 | 0.00000000 | 0.00000000 | 0.00000000 | 0.00000000 | 0.00000000 | 0.00000000 | 0.00000000 | 0.00189215 | 0.00000000 | 0.00000000 | 0.00014095 | 0.00044955
Load  54 | 0.00000000 | 0.00000000 | 0.00000000 | 0.00000000 | 0.00000000 | 0.00000000 | 0.00000000 | 0.00000000 | 0.00000000 | 0.00000000 | 0.00000000 | 0.00000000 | 0.00000000 | 0.00000000 | 0.00000000 | 0.00000000 | 0.00000000 | 0.00000000 | 0.00000000 | 0.00000000 | 0.00000000 | 0.00000000
Load  55 | 0.00000000 | 0.00000000 | 0.00000000 | 0.00000000 | 0.00000000 | 0.00000000 | 0.00000000 | 0.00000000 | 0.00000000 | 0.00000000 | 0.00000000 | 0.00000000 | 0.00000000 | 0.00000000 | 0.00000000 | 0.00000000 | 0.00000000 | 0.00000000 | 0.00000000 | 0.00434783 | 0.00021739 | 0.00094759
Load  56 | 0.00000000 | 0.00000000 | 0.00000000 | 0.00000000 | 0.00000000 | 0.00264550 | 0.00000000 | 0.00000000 | 0.00000000 | 0.00000000 | 0.00000000 | 0.00000000 | 0.00000000 | 0.00000000 | 0.00000000 | 0.00000000 | 0.00177936 | 0.00000000 | 0.00000000 | 0.00000000 | 0.00022124 | 0.00067771
Load  57 | 0.00090090 | 0.00000000 | 0.00000000 | 0.00088810 | 0.00000000 | 0.00000000 | 0.00000000 | 0.00000000 | 0.00000000 | 0.00000000 | 0.00000000 | 0.00000000 | 0.00000000 | 0.00000000 | 0.00000000 | 0.00000000 | 0.00000000 | 0.00000000 | 0.00362647 | 0.00000000 | 0.00027077 | 0.00081502
Load  58 | 0.00000000 | 0.00086207 | 0.00000000 | 0.00000000 | 0.00000000 | 0.00000000 | 0.00085034 | 0.00000000 | 0.00000000 | 0.00000000 | 0.00000000 | 0.00085763 | 0.00000000 | 0.00000000 | 0.00000000 | 0.00090253 | 0.00000000 | 0.00000000 | 0.00000000 | 0.00000000 | 0.00017363 | 0.00034738
Load  59 | 0.00000000 | 0.00167926 | 0.00174978 | 0.00000000 | 0.00000000 | 0.00000000 | 0.00000000 | 0.00000000 | 0.00083822 | 0.00084246 | 0.00000000 | 0.00000000 | 0.00081367 | 0.00000000 | 0.00000000 | 0.00000000 | 0.00000000 | 0.00168492 | 0.00089127 | 0.00000000 | 0.00042498 | 0.00063155
Load  60 | 0.00000000 | 0.00000000 | 0.00088183 | 0.00000000 | 0.00000000 | 0.00000000 | 0.00000000 | 0.00000000 | 0.00159744 | 0.00080841 | 0.00000000 | 0.00086430 | 0.00000000 | 0.00081566 | 0.00000000 | 0.00241741 | 0.00251889 | 0.00000000 | 0.00481928 | 0.00160514 | 0.00081642 | 0.00122587
Load  61 | 0.00000000 | 0.00000000 | 0.00079177 | 0.00417711 | 0.00000000 | 0.00412201 | 0.00248139 | 0.00390625 | 0.00000000 | 0.00081037 | 0.00081037 | 0.00000000 | 0.00000000 | 0.00000000 | 0.00167926 | 0.00084388 | 0.00000000 | 0.00081103 | 0.00077942 | 0.00077760 | 0.00109952 | 0.00139676
Load  62 | 0.00000000 | 0.00000000 | 0.00000000 | 0.00000000 | 0.00000000 | 0.00081633 | 0.00079428 | 0.00083682 | 0.00079808 | 0.00154799 | 0.00000000 | 0.00081235 | 0.00000000 | 0.00083612 | 0.00000000 | 0.00995025 | 0.00000000 | 0.00082850 | 0.00242131 | 0.00169348 | 0.00106678 | 0.00214539
Load  63 | 0.00238474 | 0.00233827 | 0.00234192 | 0.00000000 | 0.00000000 | 0.00160514 | 0.00160514 | 0.00000000 | 0.00390930 | 0.00077399 | 0.00000000 | 0.00326797 | 0.00078864 | 0.00531915 | 0.00000000 | 0.00227101 | 0.00080386 | 0.00236593 | 0.00313234 | 0.00239044 | 0.00176489 | 0.00144739
Load  64 | 0.00229885 | 0.00625978 | 0.00158103 | 0.00081500 | 0.00078740 | 0.00403551 | 0.00000000 | 0.00076511 | 0.00314961 | 0.00377644 | 0.00152672 | 0.00385208 | 0.00163934 | 0.00315706 | 0.00000000 | 0.00075988 | 0.00396825 | 0.00000000 | 0.00000000 | 0.00000000 | 0.00191860 | 0.00175831
Load  65 | 0.00075075 | 0.00234742 | 0.00076570 | 0.00315457 | 0.00244101 | 0.00302115 | 0.00319489 | 0.00000000 | 0.00075873 | 0.00231303 | 0.00074906 | 0.00222717 | 0.00224383 | 0.00224888 | 0.00000000 | 0.00231303 | 0.00000000 | 0.00076628 | 0.00076453 | 0.00156250 | 0.00158113 | 0.00105849
Load  66 | 0.00585223 | 0.00000000 | 0.00447094 | 0.00686499 | 0.00075075 | 0.00528302 | 0.00230061 | 0.00070872 | 0.00455927 | 0.00073529 | 0.00244698 | 0.00159490 | 0.00312500 | 0.00224215 | 0.00000000 | 0.00304183 | 0.00077160 | 0.00000000 | 0.00078003 | 0.01124438 | 0.00283863 | 0.00279305
Load  67 | 0.00593912 | 0.00075245 | 0.00522778 | 0.00519288 | 0.00356379 | 0.00873362 | 0.00000000 | 0.00532319 | 0.00681302 | 0.00074794 | 0.00373413 | 0.00157233 | 0.00387297 | 0.00438276 | 0.01135557 | 0.00371747 | 0.00000000 | 0.00000000 | 0.00450450 | 0.00442804 | 0.00399308 | 0.00290536
Load  68 | 0.00149477 | 0.00574713 | 0.00295203 | 0.00075131 | 0.00506146 | 0.00147820 | 0.00787966 | 0.00758725 | 0.00939306 | 0.00070972 | 0.00152323 | 0.00149031 | 0.00667161 | 0.00442804 | 0.00300300 | 0.00213828 | 0.00287563 | 0.00742390 | 0.00076628 | 0.00816630 | 0.00407706 | 0.00283897
Load  69 | 0.01120239 | 0.00771930 | 0.00602410 | 0.00070771 | 0.00301432 | 0.00368732 | 0.00429492 | 0.00000000 | 0.00145773 | 0.00214746 | 0.00371747 | 0.00070323 | 0.01125176 | 0.00897790 | 0.00502874 | 0.00298954 | 0.00367918 | 0.00865801 | 0.00337382 | 0.00953079 | 0.00490828 | 0.00342325
Load  70 | 0.00853485 | 0.00950292 | 0.00211119 | 0.00355366 | 0.00703730 | 0.00424628 | 0.00762829 | 0.00366300 | 0.00146735 | 0.00591716 | 0.00632467 | 0.00982456 | 0.00421348 | 0.01281139 | 0.00213828 | 0.00492264 | 0.00217865 | 0.00512821 | 0.00744602 | 0.00730994 | 0.00579799 | 0.00292717
Load  71 | 0.00454890 | 0.01265823 | 0.00140449 | 0.01427600 | 0.00485437 | 0.00838574 | 0.01790831 | 0.00840336 | 0.00512445 | 0.00841515 | 0.00347222 | 0.01605839 | 0.01083032 | 0.01717967 | 0.00844476 | 0.00902151 | 0.00575126 | 0.00282486 | 0.00217549 | 0.01396648 | 0.00878520 | 0.00500654
Load  72 | 0.00635593 | 0.00601504 | 0.00674764 | 0.02672011 | 0.00000000 | 0.01165803 | 0.01592798 | 0.01360057 | 0.01116539 | 0.00348675 | 0.01706485 | 0.00206469 | 0.00710732 | 0.01671309 | 0.00068729 | 0.00996016 | 0.00345781 | 0.00637845 | 0.01069138 | 0.00207469 | 0.00889386 | 0.00656395
Load  73 | 0.00354359 | 0.00690131 | 0.01763047 | 0.00752909 | 0.01709402 | 0.00815217 | 0.01188904 | 0.01162791 | 0.00729443 | 0.01462396 | 0.02133333 | 0.01369863 | 0.01084184 | 0.00949796 | 0.00491228 | 0.00546075 | 0.00739744 | 0.00777385 | 0.01087695 | 0.00766017 | 0.01028696 | 0.00452867
Load  74 | 0.01027397 | 0.01016949 | 0.01638177 | 0.00723684 | 0.01037613 | 0.00618132 | 0.01577909 | 0.00981079 | 0.00993377 | 0.01728723 | 0.01174168 | 0.02165088 | 0.00966184 | 0.01667825 | 0.01094391 | 0.01521164 | 0.01256983 | 0.00951087 | 0.01616304 | 0.01704158 | 0.01273020 | 0.00391538
Load  75 | 0.00600400 | 0.01732179 | 0.01866667 | 0.00272665 | 0.00916138 | 0.00693963 | 0.02236842 | 0.01830065 | 0.01713909 | 0.02124834 | 0.00691389 | 0.01531292 | 0.01074547 | 0.02266839 | 0.01399067 | 0.01064538 | 0.01843318 | 0.01612903 | 0.01212938 | 0.01008742 | 0.01384662 | 0.00565448
Load  76 | 0.01000667 | 0.01365410 | 0.02344273 | 0.01619171 | 0.01777485 | 0.01402806 | 0.01005362 | 0.00779221 | 0.01530273 | 0.00668896 | 0.02685003 | 0.00786885 | 0.03474903 | 0.01663340 | 0.01210491 | 0.00421941 | 0.01754386 | 0.00994695 | 0.01452145 | 0.01462766 | 0.01470006 | 0.00704563
Load  77 | 0.02210663 | 0.02948886 | 0.01289491 | 0.01814516 | 0.01140174 | 0.01835443 | 0.02225048 | 0.01723077 | 0.01949318 | 0.01348748 | 0.01104210 | 0.01888021 | 0.02009073 | 0.01772152 | 0.01672026 | 0.00327225 | 0.01221865 | 0.01449275 | 0.01152542 | 0.01377049 | 0.01622940 | 0.00536129
Load  78 | 0.02636783 | 0.02644836 | 0.02283951 | 0.01520913 | 0.02312500 | 0.02363268 | 0.02279924 | 0.02487245 | 0.03075957 | 0.02193548 | 0.01649077 | 0.01627604 | 0.02753442 | 0.01573770 | 0.03611457 | 0.01701571 | 0.02290536 | 0.01388889 | 0.01326595 | 0.02327044 | 0.02202446 | 0.00581706
Load  79 | 0.01043025 | 0.02491803 | 0.03628262 | 0.03344051 | 0.02539683 | 0.01539448 | 0.03086817 | 0.02432610 | 0.00504414 | 0.02330097 | 0.02258065 | 0.01114754 | 0.02295918 | 0.01671123 | 0.02144608 | 0.02133161 | 0.03171642 | 0.04571071 | 0.02406586 | 0.03281734 | 0.02399444 | 0.00935886
Load  80 | 0.01773274 | 0.02918782 | 0.03522868 | 0.02314251 | 0.02419355 | 0.03808354 | 0.02809706 | 0.02626642 | 0.04009870 | 0.02704327 | 0.02418842 | 0.03119152 | 0.02118380 | 0.02517306 | 0.02904290 | 0.02540273 | 0.03349876 | 0.02336145 | 0.02164227 | 0.01876173 | 0.02712605 | 0.00590929
Load  81 | 0.02406739 | 0.02059925 | 0.03659268 | 0.03312883 | 0.02821317 | 0.01778907 | 0.03439650 | 0.02969697 | 0.04495074 | 0.04540024 | 0.03600758 | 0.01509434 | 0.02869619 | 0.03452453 | 0.02800764 | 0.02782819 | 0.01680149 | 0.04484848 | 0.03331238 | 0.01699182 | 0.02984737 | 0.00914538
Load  82 | 0.02979738 | 0.03733170 | 0.02668284 | 0.02166065 | 0.03194888 | 0.03089533 | 0.03201970 | 0.02840237 | 0.02690864 | 0.04174340 | 0.02249240 | 0.03404255 | 0.03778040 | 0.04384896 | 0.01843318 | 0.04098855 | 0.04051565 | 0.04014168 | 0.04564820 | 0.03931204 | 0.03352973 | 0.00764345
Load  83 | 0.03627570 | 0.03778184 | 0.04590354 | 0.03710353 | 0.04071561 | 0.02260982 | 0.02946482 | 0.05369128 | 0.02878966 | 0.03113984 | 0.02055623 | 0.03130755 | 0.03865337 | 0.03249097 | 0.02332913 | 0.02322811 | 0.02892308 | 0.02805377 | 0.05361305 | 0.02416918 | 0.03339000 | 0.00939710
Load  84 | 0.03305785 | 0.03143190 | 0.04124328 | 0.03253012 | 0.04322430 | 0.03754693 | 0.04002354 | 0.03519908 | 0.04169148 | 0.03594579 | 0.03321471 | 0.04521739 | 0.03987730 | 0.02862363 | 0.05097087 | 0.05225225 | 0.02979738 | 0.04540094 | 0.06639723 | 0.01918605 | 0.03914160 | 0.00989810
Load  85 | 0.04613541 | 0.04029099 | 0.05945303 | 0.04619076 | 0.04156909 | 0.05138568 | 0.02752294 | 0.04936785 | 0.04876649 | 0.04805492 | 0.03567110 | 0.05403868 | 0.04427391 | 0.02536873 | 0.03758542 | 0.03780488 | 0.05774728 | 0.05545927 | 0.03951890 | 0.04133739 | 0.04437714 | 0.00895360
Load  86 | 0.05254042 | 0.03790087 | 0.04080426 | 0.04082840 | 0.05217925 | 0.04137116 | 0.05291971 | 0.04074296 | 0.04843305 | 0.05104408 | 0.04540094 | 0.03278689 | 0.05216882 | 0.04610778 | 0.04707884 | 0.06050605 | 0.05174353 | 0.04884005 | 0.03882353 | 0.02883436 | 0.04555275 | 0.00753797
Load  87 | 0.04745763 | 0.04664723 | 0.05011013 | 0.04321330 | 0.05586907 | 0.06321839 | 0.08300171 | 0.04867006 | 0.05499439 | 0.03606748 | 0.04626335 | 0.06026786 | 0.06073113 | 0.04781582 | 0.03613744 | 0.04409271 | 0.05099150 | 0.06091954 | 0.05164586 | 0.03817664 | 0.05131456 | 0.01067107
Load  88 | 0.04848131 | 0.03802497 | 0.05134328 | 0.04474143 | 0.05778756 | 0.06563927 | 0.04293074 | 0.03667055 | 0.04664391 | 0.04742626 | 0.06147772 | 0.06711788 | 0.06321185 | 0.04909707 | 0.05918828 | 0.09746904 | 0.03460011 | 0.07111111 | 0.06487696 | 0.05366922 | 0.05507543 | 0.01425872
Load  89 | 0.07360960 | 0.06162791 | 0.05247642 | 0.05507745 | 0.06246514 | 0.08454647 | 0.05725853 | 0.05448155 | 0.05809363 | 0.04373522 | 0.06510851 | 0.02722222 | 0.06759777 | 0.07958288 | 0.05008441 | 0.04370939 | 0.04748445 | 0.06898518 | 0.04421769 | 0.08517699 | 0.05912707 | 0.01448094
Load  90 | 0.06586169 | 0.07281553 | 0.09025471 | 0.06518106 | 0.06890849 | 0.08391235 | 0.06267487 | 0.07162534 | 0.05266106 | 0.04988789 | 0.07094595 | 0.05373832 | 0.05866667 | 0.05628198 | 0.08405172 | 0.06329817 | 0.06318681 | 0.07565415 | 0.07853685 | 0.05687754 | 0.06725106 | 0.01098037
Load  91 | 0.06681271 | 0.05738576 | 0.08717105 | 0.07907477 | 0.07704918 | 0.11413333 | 0.06659389 | 0.09908945 | 0.06589786 | 0.07995495 | 0.07876154 | 0.05272206 | 0.06087937 | 0.06501881 | 0.04890388 | 0.07409502 | 0.09379968 | 0.06804239 | 0.05227656 | 0.07631161 | 0.07319869 | 0.01609709
Load  92 | 0.05561614 | 0.08800419 | 0.06611111 | 0.05173363 | 0.06760563 | 0.08385269 | 0.06924755 | 0.05346985 | 0.09293478 | 0.06554622 | 0.06786102 | 0.06469298 | 0.08588298 | 0.07301587 | 0.11099692 | 0.06187291 | 0.07822172 | 0.07003257 | 0.05901639 | 0.08847624 | 0.07270957 | 0.01469828
Load  93 | 0.08631922 | 0.07012848 | 0.08478261 | 0.07474227 | 0.08136339 | 0.04901408 | 0.09210526 | 0.07658643 | 0.10673575 | 0.07816712 | 0.06853070 | 0.07635207 | 0.06263617 | 0.05181918 | 0.07934783 | 0.08015062 | 0.10156250 | 0.05504587 | 0.06463878 | 0.10169492 | 0.07708616 | 0.01563917
Load  94 | 0.09624537 | 0.08487654 | 0.06844305 | 0.08165375 | 0.06666667 | 0.07767518 | 0.08000000 | 0.10153358 | 0.10178668 | 0.08093427 | 0.07893333 | 0.08991228 | 0.09613428 | 0.08096515 | 0.07097458 | 0.09526288 | 0.06836679 | 0.09469303 | 0.08065395 | 0.06876015 | 0.08322358 | 0.01116155
Load  95 | 0.10434322 | 0.08175105 | 0.09242820 | 0.06300923 | 0.08115049 | 0.07557812 | 0.10129199 | 0.09455293 | 0.08846761 | 0.10827375 | 0.09095745 | 0.07667560 | 0.07935657 | 0.07891949 | 0.09863589 | 0.08150470 | 0.06553148 | 0.08311415 | 0.10564854 | 0.08319914 | 0.08671948 | 0.01237391
Load  96 | 0.07544141 | 0.08421053 | 0.09974684 | 0.10590631 | 0.08222104 | 0.11562179 | 0.07917297 | 0.09119497 | 0.10174881 | 0.09551761 | 0.11669129 | 0.09090909 | 0.08126036 | 0.11123052 | 0.11553986 | 0.09331260 | 0.10200846 | 0.09707724 | 0.09317719 | 0.12916453 | 0.09805767 | 0.01403736
Load  97 | 0.09052632 | 0.09565217 | 0.08636837 | 0.10056151 | 0.09722922 | 0.10252366 | 0.09142857 | 0.11172345 | 0.08477237 | 0.11930364 | 0.09095717 | 0.08137715 | 0.09513961 | 0.09057203 | 0.10770005 | 0.10203019 | 0.09521411 | 0.09470468 | 0.08131868 | 0.08984176 | 0.09544723 | 0.00953241
Load  98 | 0.10536981 | 0.10294853 | 0.08320169 | 0.10443199 | 0.10205103 | 0.08686552 | 0.10747664 | 0.13310580 | 0.13101331 | 0.12879165 | 0.08082409 | 0.07646177 | 0.10357143 | 0.12323232 | 0.10364289 | 0.08658923 | 0.10365854 | 0.09109009 | 0.09787675 | 0.10539216 | 0.10287976 | 0.01594777
Load  99 | 0.11454638 | 0.12992701 | 0.11646998 | 0.10928144 | 0.13423831 | 0.08970976 | 0.11183225 | 0.10773067 | 0.11066998 | 0.12986330 | 0.11530815 | 0.12537917 | 0.11556240 | 0.13300971 | 0.09830339 | 0.10089463 | 0.10690537 | 0.09726295 | 0.10684392 | 0.09559939 | 0.11246691 | 0.01259973
Load 100 | 0.11328527 | 0.12379503 | 0.11690209 | 0.13873695 | 0.10494753 | 0.13687839 | 0.10990099 | 0.10841584 | 0.09863429 | 0.12148594 | 0.11964108 | 0.12056738 | 0.13432099 | 0.12362911 | 0.11134127 | 0.13176353 | 0.11066998 | 0.11553589 | 0.10758886 | 0.10608346 | 0.11770619 | 0.01097274
Load 101 | 0.12469675 | 0.11928429 | 0.12382368 | 0.10766149 | 0.15377268 | 0.11232604 | 0.13642961 | 0.11095031 | 0.12773360 | 0.13364706 | 0.12204922 | 0.11698307 | 0.14020029 | 0.12615235 | 0.11741490 | 0.13142580 | 0.10438729 | 0.11851852 | 0.13371193 | 0.12562066 | 0.12433948 | 0.01155891
Load 102 | 0.12671233 | 0.12626020 | 0.13735741 | 0.13273898 | 0.09860510 | 0.15514741 | 0.13240250 | 0.11077543 | 0.13027990 | 0.12137862 | 0.13899614 | 0.11844006 | 0.12808120 | 0.12761715 | 0.11401777 | 0.09456838 | 0.12083132 | 0.13746898 | 0.12119675 | 0.10600194 | 0.12394388 | 0.01405116
Load 103 | 0.11434109 | 0.12797619 | 0.14456107 | 0.08922306 | 0.15533499 | 0.14647202 | 0.12128476 | 0.12385982 | 0.12800819 | 0.13965087 | 0.12234830 | 0.14995270 | 0.12139011 | 0.14471780 | 0.10303634 | 0.16990982 | 0.11501901 | 0.14497608 | 0.12225549 | 0.12266010 | 0.13034889 | 0.01854104
Load 104 | 0.13263359 | 0.10313253 | 0.13439850 | 0.12827715 | 0.14975610 | 0.16491396 | 0.13435796 | 0.13636364 | 0.16643551 | 0.13551859 | 0.15166105 | 0.15281115 | 0.13432145 | 0.14170616 | 0.11213592 | 0.12156863 | 0.16453295 | 0.12987631 | 0.14496198 | 0.11450752 | 0.13769353 | 0.01700878
Load 105 | 0.13819578 | 0.15506035 | 0.14145199 | 0.13681241 | 0.14721296 | 0.15648855 | 0.13349169 | 0.14325323 | 0.15959872 | 0.15399061 | 0.13092330 | 0.17407758 | 0.14619883 | 0.15529412 | 0.12790698 | 0.16104869 | 0.14850071 | 0.15253411 | 0.13004695 | 0.14183038 | 0.14669590 | 0.01170341
Load 106 | 0.13157895 | 0.14997649 | 0.12481645 | 0.14035940 | 0.15849595 | 0.13518790 | 0.14129401 | 0.11739544 | 0.15517241 | 0.15116279 | 0.13793103 | 0.14583333 | 0.13764045 | 0.12233286 | 0.14442326 | 0.14111580 | 0.13185255 | 0.15483280 | 0.15956949 | 0.17882353 | 0.14298974 | 0.01415713
Load 107 | 0.15735360 | 0.13720930 | 0.13942752 | 0.15566038 | 0.14600939 | 0.15729310 | 0.14049976 | 0.16306306 | 0.15568290 | 0.16491067 | 0.17742664 | 0.10776471 | 0.17832647 | 0.13414044 | 0.15554533 | 0.14519906 | 0.13763234 | 0.14555766 | 0.14058739 | 0.14959505 | 0.14944424 | 0.01556464
Load 108 | 0.14153562 | 0.15122873 | 0.13804878 | 0.15880430 | 0.15538033 | 0.13843266 | 0.16643678 | 0.18122677 | 0.16550442 | 0.14589235 | 0.13876967 | 0.15152941 | 0.15384615 | 0.12946860 | 0.15227704 | 0.15159944 | 0.15535308 | 0.15346084 | 0.18406841 | 0.14943074 | 0.15311471 | 0.01330209
Load 109 | 0.16697674 | 0.15947297 | 0.18061271 | 0.18256881 | 0.16869096 | 0.16936251 | 0.17381387 | 0.16892502 | 0.17301796 | 0.14265335 | 0.17409091 | 0.18811439 | 0.14617486 | 0.17715827 | 0.17897196 | 0.15990566 | 0.18487395 | 0.19774542 | 0.15485075 | 0.18566176 | 0.17168214 | 0.01363948
Load 110 | 0.17433303 | 0.19440686 | 0.14382632 | 0.16876688 | 0.15929204 | 0.17745487 | 0.15806602 | 0.19604234 | 0.17545455 | 0.16735823 | 0.15157032 | 0.15987461 | 0.17201302 | 0.17737557 | 0.17961383 | 0.13602251 | 0.15801253 | 0.15461121 | 0.20418149 | 0.15808491 | 0.16831806 | 0.01689740
Load 111 | 0.17670505 | 0.17559658 | 0.17503332 | 0.16043956 | 0.17935258 | 0.19579140 | 0.19405673 | 0.16731350 | 0.17047532 | 0.17729534 | 0.15174920 | 0.17399267 | 0.19518838 | 0.16697674 | 0.17993557 | 0.15155616 | 0.18227501 | 0.18572074 | 0.16371078 | 0.17954545 | 0.17513550 | 0.01228335
Load 112 | 0.17040359 | 0.17122683 | 0.18644818 | 0.18416370 | 0.17190961 | 0.18711111 | 0.18520160 | 0.19068541 | 0.16821602 | 0.19926369 | 0.20008834 | 0.17397198 | 0.18917730 | 0.17341306 | 0.20328010 | 0.20864579 | 0.17553894 | 0.17731773 | 0.16512141 | 0.17053924 | 0.18258618 | 0.01250885
Load 113 | 0.19782609 | 0.19982394 | 0.16466933 | 0.18676535 | 0.20727918 | 0.21151330 | 0.20423805 | 0.18850987 | 0.18218807 | 0.17793917 | 0.19509044 | 0.17828132 | 0.16116071 | 0.21316478 | 0.19435875 | 0.20244328 | 0.18686196 | 0.18440980 | 0.18280543 | 0.17902589 | 0.18991774 | 0.01396644
Load 114 | 0.20860782 | 0.20386266 | 0.19206492 | 0.18014060 | 0.20926169 | 0.20272049 | 0.23368870 | 0.18531623 | 0.19737991 | 0.18317503 | 0.17827420 | 0.17964332 | 0.18015666 | 0.17550111 | 0.18386817 | 0.21174923 | 0.18343452 | 0.20070891 | 0.18255396 | 0.18820351 | 0.19301558 | 0.01466540
Load 115 | 0.18011592 | 0.19108561 | 0.18605628 | 0.18189509 | 0.20061055 | 0.16881386 | 0.17179830 | 0.18094406 | 0.19929763 | 0.21608040 | 0.18730853 | 0.19139596 | 0.19889503 | 0.18069634 | 0.16695958 | 0.18739280 | 0.18407534 | 0.20511709 | 0.19876325 | 0.20739130 | 0.18923465 | 0.01277731
Load 116 | 0.17977528 | 0.19810099 | 0.19921191 | 0.20292347 | 0.20025510 | 0.17771998 | 0.17539378 | 0.21196130 | 0.19524618 | 0.21722198 | 0.21476793 | 0.18388792 | 0.18137255 | 0.19242359 | 0.21157851 | 0.20511745 | 0.17451155 | 0.19061584 | 0.22699387 | 0.19734020 | 0.19682097 | 0.01466233
Load 117 | 0.21150442 | 0.20704285 | 0.17146486 | 0.19461959 | 0.23305999 | 0.21618151 | 0.22781570 | 0.21884368 | 0.21301020 | 0.20213220 | 0.21364379 | 0.19305019 | 0.20154706 | 0.22452361 | 0.19563356 | 0.21094092 | 0.19191489 | 0.19653949 | 0.19653680 | 0.20133668 | 0.20606710 | 0.01416779
Load 118 | 0.20771513 | 0.25020145 | 0.20522708 | 0.20878210 | 0.21819679 | 0.21002088 | 0.22470054 | 0.22781676 | 0.20025510 | 0.22309028 | 0.21579392 | 0.21786311 | 0.20271993 | 0.21937086 | 0.22366765 | 0.19982884 | 0.20604055 | 0.19991565 | 0.20050125 | 0.21722529 | 0.21394666 | 0.01222178
Load 119 | 0.22414539 | 0.21595092 | 0.23362907 | 0.18591906 | 0.24222850 | 0.18912848 | 0.20408163 | 0.19536713 | 0.20378151 | 0.23421927 | 0.22435363 | 0.21358394 | 0.22976288 | 0.23170222 | 0.22453311 | 0.21170980 | 0.19224283 | 0.19633508 | 0.20934043 | 0.21323837 | 0.21376266 | 0.01619691
Load 120 | 0.23692946 | 0.24209194 | 0.22327693 | 0.19256605 | 0.23054873 | 0.21381307 | 0.24110506 | 0.18112245 | 0.25385577 | 0.23387097 | 0.20787930 | 0.26035260 | 0.23239437 | 0.23566610 | 0.23411102 | 0.20254833 | 0.23132428 | 0.21833689 | 0.21627409 | 0.24016227 | 0.22641148 | 0.01922279
Load 121 | 0.22574178 | 0.23745410 | 0.22176252 | 0.24703961 | 0.22553549 | 0.22841444 | 0.22329284 | 0.21951220 | 0.22034596 | 0.22808442 | 0.22382671 | 0.24303279 | 0.24369017 | 0.22066694 | 0.23238566 | 0.26079935 | 0.24824453 | 0.24086109 | 0.21855146 | 0.24574830 | 0.23274952 | 0.01187789
Load 122 | 0.22335647 | 0.21052632 | 0.23688593 | 0.22212978 | 0.23438767 | 0.25128815 | 0.23663489 | 0.24718650 | 0.24188912 | 0.22692953 | 0.21643036 | 0.21078431 | 0.24011076 | 0.24236414 | 0.19840269 | 0.22995523 | 0.23126253 | 0.24352548 | 0.23712183 | 0.21815941 | 0.22996655 | 0.01356029
Load 123 | 0.21087588 | 0.21763985 | 0.25298231 | 0.22425722 | 0.24822134 | 0.23070505 | 0.24814381 | 0.23603239 | 0.23373016 | 0.24656427 | 0.24725498 | 0.26904376 | 0.21264127 | 0.23435583 | 0.23767383 | 0.21553156 | 0.24172720 | 0.24278648 | 0.23144105 | 0.20833333 | 0.23449708 | 0.01556406
Load 124 | 0.26183953 | 0.24122630 | 0.24656981 | 0.23614458 | 0.23663489 | 0.21830701 | 0.21333333 | 0.22559741 | 0.24137931 | 0.24493042 | 0.23902634 | 0.24612877 | 0.23204197 | 0.23372902 | 0.23576584 | 0.24079437 | 0.22404596 | 0.23610548 | 0.26440000 | 0.23985680 | 0.23789286 | 0.01203986
Load 125 | 0.24309171 | 0.25610244 | 0.23393214 | 0.23738393 | 0.25858666 | 0.26595745 | 0.25896728 | 0.24133714 | 0.24979790 | 0.25602894 | 0.25292284 | 0.29306220 | 0.24199844 | 0.26387772 | 0.25061224 | 0.23971749 | 0.24182479 | 0.26627451 | 0.23014587 | 0.23610564 | 0.25088637 | 0.01440722
Load 126 | 0.23273761 | 0.24403816 | 0.26444972 | 0.25306445 | 0.28560189 | 0.22284795 | 0.25805153 | 0.25528455 | 0.27340972 | 0.23887122 | 0.26382005 | 0.25657628 | 0.23286052 | 0.26277372 | 0.24471058 | 0.27009901 | 0.24194847 | 0.25732383 | 0.21997574 | 0.23779528 | 0.25081201 | 0.01673301
Load 127 | 0.25334957 | 0.25727773 | 0.25314402 | 0.27241511 | 0.24382208 | 0.26104101 | 0.25000000 | 0.29050059 | 0.30122268 | 0.26946565 | 0.27592879 | 0.25520220 | 0.23206232 | 0.26159065 | 0.24762282 | 0.24510196 | 0.24367724 | 0.27439724 | 0.25849561 | 0.24510978 | 0.25957135 | 0.01652836
Load 128 | 0.25897845 | 0.25504152 | 0.27803922 | 0.24865073 | 0.24335723 | 0.28829869 | 0.24962064 | 0.25412412 | 0.23888233 | 0.26247987 | 0.25383707 | 0.27237803 | 0.26327856 | 0.27012384 | 0.26818007 | 0.26781609 | 0.29616725 | 0.27655389 | 0.25389408 | 0.26994106 | 0.26348214 | 0.01424808
Load 129 | 0.28675624 | 0.26600791 | 0.27202173 | 0.28350321 | 0.27157165 | 0.27477134 | 0.25507717 | 0.26738379 | 0.26596980 | 0.27745242 | 0.25748957 | 0.26808511 | 0.25599381 | 0.26215480 | 0.27119939 | 0.27160983 | 0.27262181 | 0.24689441 | 0.25518591 | 0.25450180 | 0.26681258 | 0.01007178
Load 130 | 0.26176024 | 0.25623322 | 0.29676935 | 0.25481139 | 0.29321579 | 0.27138531 | 0.24512535 | 0.29271115 | 0.29288703 | 0.28481013 | 0.27219853 | 0.28989362 | 0.25775272 | 0.24066874 | 0.26664056 | 0.29031051 | 0.26724822 | 0.25731895 | 0.26782346 | 0.27248476 | 0.27160245 | 0.01671219
Load 131 | 0.27474207 | 0.25405619 | 0.27890625 | 0.26951673 | 0.28087798 | 0.29778445 | 0.25294341 | 0.26676888 | 0.25528701 | 0.29629630 | 0.28624674 | 0.29811600 | 0.26003899 | 0.26144036 | 0.26793722 | 0.25918909 | 0.30500188 | 0.28371408 | 0.27404382 | 0.26434109 | 0.27436243 | 0.01562841
Load 132 | 0.28484618 | 0.27689464 | 0.27296988 | 0.26699211 | 0.26267979 | 0.26516330 | 0.28958944 | 0.27820372 | 0.28406552 | 0.27339720 | 0.25393082 | 0.28825085 | 0.29218408 | 0.26080306 | 0.28306878 | 0.27416322 | 0.27402547 | 0.28659239 | 0.26873089 | 0.30166976 | 0.27691106 | 0.01166237
Load 133 | 0.28518104 | 0.28291949 | 0.30819199 | 0.30007257 | 0.27307841 | 0.28308271 | 0.28501873 | 0.27197802 | 0.27128862 | 0.29960246 | 0.28790787 | 0.32700893 | 0.28287002 | 0.29717514 | 0.27668278 | 0.28948360 | 0.26617590 | 0.25731661 | 0.28173847 | 0.28355388 | 0.28551636 | 0.01521412
Load 134 | 0.28709199 | 0.29316679 | 0.30267062 | 0.29449472 | 0.26396700 | 0.29070195 | 0.27745872 | 0.29797787 | 0.28327772 | 0.28938547 | 0.29245974 | 0.28158577 | 0.28587786 | 0.30917874 | 0.28013777 | 0.29085567 | 0.25653657 | 0.29171484 | 0.27489743 | 0.30033125 | 0.28718842 | 0.01225370
Load 135 | 0.28664495 | 0.31512915 | 0.31477438 | 0.29538690 | 0.30379747 | 0.27964206 | 0.27574872 | 0.30176861 | 0.29648992 | 0.27387121 | 0.28511290 | 0.28731762 | 0.28961334 | 0.30132569 | 0.30691278 | 0.32048458 | 0.29043280 | 0.27666667 | 0.26461655 | 0.29948868 | 0.29326125 | 0.01466542
Load 136 | 0.29205176 | 0.30997405 | 0.29837251 | 0.30010718 | 0.27745665 | 0.29120060 | 0.32405063 | 0.30040249 | 0.30704329 | 0.28979144 | 0.29175865 | 0.29670330 | 0.29193246 | 0.31452193 | 0.30464286 | 0.28260870 | 0.29876274 | 0.31410727 | 0.31516500 | 0.29596251 | 0.29983080 | 0.01142014
Load 137 | 0.29907975 | 0.29914846 | 0.33013294 | 0.28581739 | 0.29820789 | 0.29989134 | 0.30219978 | 0.27300265 | 0.29607698 | 0.30518018 | 0.28153903 | 0.30544392 | 0.29893107 | 0.30813953 | 0.29806978 | 0.29411765 | 0.28412463 | 0.29388346 | 0.28518381 | 0.31880403 | 0.29784871 | 0.01252201
Load 138 | 0.28862974 | 0.29812981 | 0.30153509 | 0.28392330 | 0.30977444 | 0.30285080 | 0.29302832 | 0.30283224 | 0.31797235 | 0.28960943 | 0.33657307 | 0.30880231 | 0.28792913 | 0.31259259 | 0.30314098 | 0.30490956 | 0.29234770 | 0.31868524 | 0.30797501 | 0.28807339 | 0.30246573 | 0.01270851
Load 139 | 0.30591168 | 0.28945455 | 0.32402645 | 0.31629503 | 0.32496464 | 0.30876217 | 0.33499289 | 0.29411765 | 0.29935159 | 0.33262184 | 0.33865371 | 0.30666667 | 0.29383886 | 0.31900533 | 0.33913649 | 0.31501962 | 0.30681818 | 0.28689705 | 0.32299652 | 0.29811184 | 0.31288214 | 0.01603002
Load 140 | 0.31781017 | 0.30744567 | 0.31205674 | 0.32953331 | 0.33083779 | 0.30979021 | 0.31438721 | 0.33552860 | 0.32008368 | 0.30823364 | 0.29449838 | 0.31096037 | 0.30577058 | 0.32914666 | 0.31238843 | 0.31771020 | 0.29062276 | 0.34058989 | 0.29483395 | 0.34691745 | 0.31645728 | 0.01487342
Load 141 | 0.31926215 | 0.31614751 | 0.31669596 | 0.32187070 | 0.32078103 | 0.33203815 | 0.32921960 | 0.32707300 | 0.32733051 | 0.33024911 | 0.32627119 | 0.31696273 | 0.33333333 | 0.34256301 | 0.33262861 | 0.30956779 | 0.32605683 | 0.33345070 | 0.32450805 | 0.33297683 | 0.32594934 | 0.00765280
Load 142 | 0.32750786 | 0.31252205 | 0.33217391 | 0.31951394 | 0.30497925 | 0.34520927 | 0.31303419 | 0.32746226 | 0.32492329 | 0.30194105 | 0.31054336 | 0.30306306 | 0.32269022 | 0.31549879 | 0.31543624 | 0.29116245 | 0.33888311 | 0.32992850 | 0.33894809 | 0.30396797 | 0.31896944 | 0.01393307
Load 143 | 0.32761701 | 0.33637640 | 0.34899095 | 0.35106743 | 0.35077990 | 0.33414804 | 0.32254623 | 0.34459930 | 0.32415254 | 0.30159292 | 0.33863867 | 0.34609929 | 0.32121212 | 0.33862069 | 0.32949389 | 0.30942335 | 0.33529006 | 0.31353251 | 0.34026533 | 0.35005189 | 0.33322493 | 0.01399521
Load 144 | 0.32500000 | 0.35586207 | 0.32607168 | 0.32353958 | 0.34092502 | 0.32323232 | 0.35130435 | 0.32914485 | 0.33810498 | 0.32121636 | 0.31422580 | 0.34715929 | 0.31673729 | 0.33586994 | 0.33989267 | 0.30558520 | 0.32531825 | 0.34046223 | 0.33747841 | 0.34128878 | 0.33192095 | 0.01265332
Load 145 | 0.36098577 | 0.32917965 | 0.34862704 | 0.32494759 | 0.33870968 | 0.33171071 | 0.33218707 | 0.33447332 | 0.33003413 | 0.34521314 | 0.33039181 | 0.35494998 | 0.33402275 | 0.31859331 | 0.32956951 | 0.33240709 | 0.35112652 | 0.33411844 | 0.34727891 | 0.35916695 | 0.33838467 | 0.01151031
Load 146 | 0.32149201 | 0.32226833 | 0.33096085 | 0.34865772 | 0.33206107 | 0.34334471 | 0.34711864 | 0.34631433 | 0.34391892 | 0.36186903 | 0.31738382 | 0.33668005 | 0.31536577 | 0.32002753 | 0.33321666 | 0.32225684 | 0.33985165 | 0.35103926 | 0.33889816 | 0.35631001 | 0.33645177 | 0.01322574
Load 147 | 0.34201624 | 0.33783784 | 0.33096927 | 0.31141986 | 0.32952974 | 0.32344633 | 0.34764964 | 0.33687093 | 0.34741784 | 0.33756684 | 0.35104942 | 0.34034611 | 0.32494046 | 0.34056761 | 0.33321976 | 0.35120275 | 0.35108210 | 0.35944242 | 0.32649573 | 0.35138841 | 0.33872297 | 0.01166422
Load 148 | 0.36463023 | 0.34147169 | 0.33231810 | 0.36791809 | 0.35767663 | 0.37406653 | 0.33810986 | 0.36840347 | 0.34662162 | 0.34891715 | 0.32623123 | 0.35867769 | 0.35333112 | 0.35341909 | 0.34214003 | 0.36296046 | 0.32807571 | 0.35516543 | 0.34684228 | 0.36767198 | 0.35173242 | 0.01362655
Load 149 | 0.32523109 | 0.35985353 | 0.35702424 | 0.34521385 | 0.34060228 | 0.37094595 | 0.35046729 | 0.34036145 | 0.35519308 | 0.33847669 | 0.37948374 | 0.35790885 | 0.34747745 | 0.34604905 | 0.32406780 | 0.34503311 | 0.34588471 | 0.34189980 | 0.34090909 | 0.35494542 | 0.34835142 | 0.01294029
Load 150 | 0.37089504 | 0.37870216 | 0.33961606 | 0.36200598 | 0.33553547 | 0.36037492 | 0.35554804 | 0.35976656 | 0.35229174 | 0.34676066 | 0.38448899 | 0.34027090 | 0.34533333 | 0.37557909 | 0.35212248 | 0.34090909 | 0.37318841 | 0.35145758 | 0.37729659 | 0.36648865 | 0.35843159 | 0.01441093
Load 151 | 0.35245082 | 0.36582064 | 0.36014810 | 0.36993639 | 0.33969986 | 0.34805890 | 0.36595886 | 0.37917613 | 0.35529335 | 0.35792988 | 0.34749419 | 0.34565435 | 0.36110189 | 0.37842190 | 0.36780455 | 0.35415304 | 0.35383065 | 0.35899160 | 0.38247012 | 0.35231788 | 0.35983565 | 0.01134528
Load 152 | 0.35369128 | 0.36164652 | 0.36282306 | 0.34840871 | 0.37756820 | 0.33267974 | 0.38640777 | 0.37851406 | 0.35375041 | 0.36390436 | 0.39025974 | 0.35403307 | 0.36145765 | 0.35972405 | 0.34948212 | 0.37098345 | 0.37614081 | 0.36845507 | 0.36967133 | 0.37722997 | 0.36484157 | 0.01373434
Load 153 | 0.35445860 | 0.35890682 | 0.36133902 | 0.37060178 | 0.36305529 | 0.35571979 | 0.38060924 | 0.36550176 | 0.38952164 | 0.38790608 | 0.36945170 | 0.38255668 | 0.35936487 | 0.36739974 | 0.35353535 | 0.37782663 | 0.37636480 | 0.37738958 | 0.39871383 | 0.34277048 | 0.36964968 | 0.01377571
Load 154 | 0.37075718 | 0.37040682 | 0.34822028 | 0.37148277 | 0.37569422 | 0.36404639 | 0.37937938 | 0.38805970 | 0.38167457 | 0.35296042 | 0.36009026 | 0.37932170 | 0.34820240 | 0.35540765 | 0.37265501 | 0.36693679 | 0.38258575 | 0.38259175 | 0.36969079 | 0.35798429 | 0.36890741 | 0.01164707
Load 155 | 0.37840532 | 0.39288026 | 0.37567482 | 0.37802485 | 0.36141479 | 0.39528880 | 0.39523666 | 0.35862752 | 0.37859008 | 0.39192246 | 0.37921260 | 0.37990431 | 0.36053068 | 0.37122442 | 0.37253635 | 0.38744797 | 0.39884947 | 0.37898391 | 0.35816062 | 0.38953488 | 0.37912254 | 0.01240960
Load 156 | 0.36584576 | 0.35812582 | 0.36250816 | 0.41140025 | 0.37793503 | 0.38348741 | 0.36640502 | 0.36331284 | 0.37438098 | 0.38272404 | 0.35222930 | 0.38632800 | 0.36968517 | 0.38310854 | 0.36981865 | 0.37989182 | 0.39317014 | 0.39281130 | 0.36517219 | 0.35718830 | 0.37477644 | 0.01423475
Load 157 | 0.38258914 | 0.38385401 | 0.38441890 | 0.34646695 | 0.38358719 | 0.37627226 | 0.37295082 | 0.40291878 | 0.36184857 | 0.36676500 | 0.38149722 | 0.37603306 | 0.39192626 | 0.39227705 | 0.38055909 | 0.39075220 | 0.38030399 | 0.38073980 | 0.38283628 | 0.37263698 | 0.37956168 | 0.01174273
Load 158 | 0.37520233 | 0.36903603 | 0.39114043 | 0.39536341 | 0.38572343 | 0.38694418 | 0.36924552 | 0.38722741 | 0.39193178 | 0.38835878 | 0.40371517 | 0.35036266 | 0.39336493 | 0.39317889 | 0.36676127 | 0.40931832 | 0.38424592 | 0.39215061 | 0.41057297 | 0.39498141 | 0.38694127 | 0.01441108
Load 159 | 0.39379845 | 0.41149068 | 0.39564541 | 0.38600954 | 0.40338240 | 0.39981273 | 0.38869810 | 0.40387671 | 0.40379147 | 0.40062305 | 0.38637790 | 0.38488299 | 0.39068890 | 0.37472143 | 0.40557276 | 0.37329959 | 0.39401655 | 0.38267263 | 0.39007752 | 0.38826547 | 0.39288521 | 0.00999434
Load 160 | 0.39112388 | 0.37414523 | 0.38544558 | 0.38545910 | 0.38285361 | 0.39138405 | 0.39707228 | 0.38447147 | 0.35754717 | 0.39057657 | 0.39449541 | 0.39005317 | 0.38379254 | 0.37088000 | 0.40321583 | 0.40376766 | 0.39534884 | 0.41829865 | 0.39550842 | 0.39802225 | 0.38967309 | 0.01263249
Load 161 | 0.41128546 | 0.37449203 | 0.40498922 | 0.38376723 | 0.41436799 | 0.39510050 | 0.39375203 | 0.39399567 | 0.39698018 | 0.39126214 | 0.39776840 | 0.37937500 | 0.39428396 | 0.36508931 | 0.40329835 | 0.38533541 | 0.36025437 | 0.39342780 | 0.39781931 | 0.39700841 | 0.39168264 | 0.01345026
Load 162 | 0.40296663 | 0.41852746 | 0.39129082 | 0.37584929 | 0.43000915 | 0.39858636 | 0.40037186 | 0.41216636 | 0.40928270 | 0.37726988 | 0.39883149 | 0.39484188 | 0.40108142 | 0.39388323 | 0.38373932 | 0.40608507 | 0.38925750 | 0.38408408 | 0.38731952 | 0.39861195 | 0.39770280 | 0.01315028
Load 163 | 0.39790076 | 0.41471572 | 0.38784601 | 0.38187500 | 0.39818863 | 0.41540365 | 0.41394201 | 0.41375114 | 0.41109102 | 0.38432483 | 0.39268978 | 0.39645693 | 0.38637790 | 0.39402341 | 0.39593596 | 0.41619019 | 0.41264609 | 0.38325434 | 0.40161641 | 0.41139049 | 0.40048101 | 0.01188260
Load 164 | 0.40522876 | 0.41669159 | 0.39927624 | 0.39921898 | 0.41724660 | 0.40981668 | 0.40905031 | 0.39826451 | 0.42440637 | 0.40993037 | 0.39713663 | 0.41033343 | 0.39627822 | 0.41779381 | 0.40516973 | 0.40326054 | 0.41580349 | 0.39826033 | 0.41684403 | 0.38348624 | 0.40667484 | 0.00969803
Load 165 | 0.43564937 | 0.40585652 | 0.42261905 | 0.39391144 | 0.41149355 | 0.40819334 | 0.39420111 | 0.41265432 | 0.38757576 | 0.42373398 | 0.43260474 | 0.39587819 | 0.40145322 | 0.40823275 | 0.41054973 | 0.42812500 | 0.42635213 | 0.40836897 | 0.40635401 | 0.39975736 | 0.41067823 | 0.01330639
Load 166 | 0.39129082 | 0.41122328 | 0.42024632 | 0.40678466 | 0.41404358 | 0.43217287 | 0.40971168 | 0.43751855 | 0.43406428 | 0.39298893 | 0.40072311 | 0.40764331 | 0.43794326 | 0.41012733 | 0.41550575 | 0.41390630 | 0.40941033 | 0.42164069 | 0.39272727 | 0.41272234 | 0.41361973 | 0.01359826
Load 167 | 0.41537562 | 0.43548881 | 0.41937407 | 0.43417203 | 0.42683667 | 0.40339703 | 0.44071786 | 0.40758294 | 0.41769042 | 0.44525106 | 0.40922708 | 0.42194093 | 0.44379391 | 0.40522479 | 0.41466310 | 0.41281354 | 0.43447462 | 0.41988131 | 0.40972428 | 0.43164595 | 0.42246380 | 0.01289387
Load 168 | 0.41028009 | 0.39639364 | 0.42611484 | 0.42992593 | 0.39294479 | 0.42373389 | 0.42848665 | 0.40759723 | 0.43836018 | 0.43281771 | 0.43448076 | 0.41983373 | 0.41718152 | 0.41664242 | 0.42558208 | 0.40812092 | 0.44157369 | 0.40547112 | 0.42234170 | 0.41228337 | 0.41950831 | 0.01303598
Load 169 | 0.41592658 | 0.44160047 | 0.42686828 | 0.43123543 | 0.45229785 | 0.41575686 | 0.41875000 | 0.43086530 | 0.42922244 | 0.45096905 | 0.42997118 | 0.41633648 | 0.41818182 | 0.43408072 | 0.42815249 | 0.42414307 | 0.42483660 | 0.38989280 | 0.42111369 | 0.42034606 | 0.42602736 | 0.01319877
Load 170 | 0.40132172 | 0.42167974 | 0.44460727 | 0.42831911 | 0.42944965 | 0.41904202 | 0.43442381 | 0.41818717 | 0.44165694 | 0.44261347 | 0.41845187 | 0.43782235 | 0.42800729 | 0.43057629 | 0.41941229 | 0.44221698 | 0.43027310 | 0.43892461 | 0.43286692 | 0.44021896 | 0.43000358 | 0.01080491
Load 171 | 0.44020648 | 0.43665224 | 0.43715369 | 0.42106843 | 0.43699187 | 0.41002686 | 0.45491447 | 0.41617991 | 0.43394011 | 0.44476576 | 0.43009513 | 0.43946316 | 0.43028571 | 0.43193033 | 0.44069289 | 0.42622004 | 0.43983645 | 0.42406877 | 0.41809220 | 0.44076395 | 0.43266742 | 0.01058713
Load 172 | 0.40214866 | 0.42538845 | 0.44377163 | 0.42083936 | 0.44329286 | 0.44516129 | 0.44192140 | 0.41248926 | 0.42534068 | 0.42462968 | 0.42977365 | 0.43307314 | 0.42618139 | 0.41384221 | 0.43140689 | 0.42902118 | 0.43072902 | 0.43593520 | 0.44807468 | 0.44099561 | 0.43020081 | 0.01171972
Load 173 | 0.43909513 | 0.43961494 | 0.41837645 | 0.42878251 | 0.41566088 | 0.45146199 | 0.44354606 | 0.42986293 | 0.43616407 | 0.43191116 | 0.43954439 | 0.42849131 | 0.44528302 | 0.43225246 | 0.42857143 | 0.43448076 | 0.44877473 | 0.43820559 | 0.41484716 | 0.43014493 | 0.43375359 | 0.00981057
Load 174 | 0.44840365 | 0.44303440 | 0.43007991 | 0.43184389 | 0.43148358 | 0.44685650 | 0.45179472 | 0.43739328 | 0.45193121 | 0.44254835 | 0.45362319 | 0.44622748 | 0.43714609 | 0.42327736 | 0.44343118 | 0.43587522 | 0.43762604 | 0.41987651 | 0.43016281 | 0.44450688 | 0.43935611 | 0.00927198
Load 175 | 0.44061521 | 0.43670520 | 0.44281609 | 0.44487969 | 0.43154930 | 0.43304598 | 0.44119318 | 0.46376812 | 0.43015964 | 0.43433769 | 0.43208133 | 0.43385940 | 0.43399433 | 0.46091569 | 0.46066482 | 0.43286168 | 0.44221835 | 0.43048815 | 0.44736842 | 0.43773155 | 0.44056269 | 0.01014502
Load 176 | 0.46005666 | 0.45599091 | 0.45839132 | 0.47894302 | 0.45988420 | 0.44195688 | 0.44131586 | 0.44419069 | 0.45104381 | 0.44213302 | 0.44459989 | 0.44003476 | 0.44787204 | 0.43298109 | 0.42857143 | 0.43660714 | 0.44579358 | 0.45666199 | 0.42262417 | 0.41783768 | 0.44537451 | 0.01389044
Load 177 | 0.43470839 | 0.46361111 | 0.46096346 | 0.44178853 | 0.45285150 | 0.43546996 | 0.43280632 | 0.44897959 | 0.46919431 | 0.43774872 | 0.43469563 | 0.45715081 | 0.46593348 | 0.44366197 | 0.46895015 | 0.43211637 | 0.45749218 | 0.46048299 | 0.45301624 | 0.45485137 | 0.45032365 | 0.01244197
Load 178 | 0.46310706 | 0.45614533 | 0.46626298 | 0.45696097 | 0.46812128 | 0.43526722 | 0.45080092 | 0.44896266 | 0.45292116 | 0.45490417 | 0.45178258 | 0.46430595 | 0.45175187 | 0.44359255 | 0.45432366 | 0.45117845 | 0.42116244 | 0.47034135 | 0.45281950 | 0.44887348 | 0.45317928 | 0.01101526
Load 179 | 0.44353473 | 0.45449325 | 0.46622185 | 0.44691495 | 0.46929221 | 0.44633078 | 0.44244806 | 0.46284617 | 0.46485578 | 0.43987609 | 0.45864872 | 0.46301296 | 0.46053379 | 0.44551101 | 0.48624106 | 0.43014395 | 0.46329891 | 0.45295100 | 0.45893452 | 0.46149660 | 0.45587932 | 0.01235863
Load 180 | 0.46072127 | 0.46864686 | 0.45225574 | 0.46963004 | 0.45925511 | 0.45162192 | 0.45496140 | 0.44663003 | 0.46396896 | 0.46561723 | 0.46191380 | 0.44789116 | 0.44512535 | 0.44809498 | 0.46855699 | 0.44824754 | 0.47123954 | 0.45719036 | 0.45605497 | 0.45961382 | 0.45786185 | 0.00816490
Load 181 | 0.47801759 | 0.45716617 | 0.46675862 | 0.45630795 | 0.43868834 | 0.45294277 | 0.45407041 | 0.45609689 | 0.45999442 | 0.46117051 | 0.46619916 | 0.43350843 | 0.46195214 | 0.45073550 | 0.45623941 | 0.45817387 | 0.46911197 | 0.48773915 | 0.45497238 | 0.44622054 | 0.45830331 | 0.01184303
Load 182 | 0.45789180 | 0.45971046 | 0.47364130 | 0.46852003 | 0.47888446 | 0.45772914 | 0.46944294 | 0.44162011 | 0.46269071 | 0.45297237 | 0.43110618 | 0.46330778 | 0.48029557 | 0.46076795 | 0.46674120 | 0.46414888 | 0.45049505 | 0.47487844 | 0.45877551 | 0.43875839 | 0.46061891 | 0.01262202
Load 183 | 0.46184956 | 0.44426185 | 0.44861338 | 0.48838466 | 0.46245689 | 0.46266189 | 0.46452145 | 0.45943012 | 0.44574944 | 0.47691016 | 0.46298312 | 0.46985274 | 0.45971046 | 0.47203765 | 0.45754717 | 0.46737017 | 0.48005427 | 0.45147797 | 0.44572501 | 0.43693946 | 0.46092687 | 0.01267647
Load 184 | 0.47697368 | 0.46976866 | 0.48191180 | 0.48241342 | 0.43160246 | 0.44856077 | 0.45932621 | 0.46286794 | 0.46506609 | 0.46269885 | 0.46461622 | 0.47010647 | 0.47565842 | 0.46521375 | 0.47815468 | 0.45881039 | 0.46702413 | 0.47230559 | 0.45523397 | 0.46044133 | 0.46543774 | 0.01162766
Load 185 | 0.48310191 | 0.46999178 | 0.48816568 | 0.48419301 | 0.45186207 | 0.44792260 | 0.47462277 | 0.48332040 | 0.46436170 | 0.48180337 | 0.46492175 | 0.47329259 | 0.46829661 | 0.47764901 | 0.47922288 | 0.47275684 | 0.46429549 | 0.45436730 | 0.47252747 | 0.45825553 | 0.47074654 | 0.01115841
Load 186 | 0.46589340 | 0.46933900 | 0.47527998 | 0.47001091 | 0.46133118 | 0.48245614 | 0.46421769 | 0.48466594 | 0.47573076 | 0.49959448 | 0.48820136 | 0.47148394 | 0.46832332 | 0.47582153 | 0.46040268 | 0.47451809 | 0.49187317 | 0.44520548 | 0.47436249 | 0.47808658 | 0.47383991 | 0.01182820
Load 187 | 0.48499210 | 0.48072970 | 0.46848517 | 0.48302387 | 0.49059603 | 0.49086577 | 0.45346320 | 0.46679215 | 0.47678864 | 0.48369856 | 0.48674765 | 0.47315618 | 0.48257228 | 0.49379456 | 0.46361406 | 0.46947083 | 0.48662252 | 0.46242004 | 0.47815789 | 0.47058824 | 0.47732897 | 0.01065600
Load 188 | 0.47134440 | 0.52246170 | 0.46484479 | 0.47968545 | 0.47124011 | 0.47502714 | 0.48148148 | 0.46782178 | 0.46343381 | 0.49973348 | 0.48935051 | 0.50357048 | 0.47564626 | 0.50406291 | 0.46097759 | 0.46084337 | 0.46714937 | 0.49237529 | 0.48711690 | 0.47490145 | 0.48065341 | 0.01640078
Load 189 | 0.48216645 | 0.48311346 | 0.47924235 | 0.49825691 | 0.46944294 | 0.47216547 | 0.47237941 | 0.48068894 | 0.47755835 | 0.49119580 | 0.46559874 | 0.46639232 | 0.46602196 | 0.47646104 | 0.49373434 | 0.46818062 | 0.48374200 | 0.48745709 | 0.46882462 | 0.49522546 | 0.47889241 | 0.01010333
Load 190 | 0.47238296 | 0.49686848 | 0.49151629 | 0.46483751 | 0.48610744 | 0.47667185 | 0.49289474 | 0.51549076 | 0.47104648 | 0.48666839 | 0.49688474 | 0.48791382 | 0.49920677 | 0.49067017 | 0.49233965 | 0.45593668 | 0.49365120 | 0.46288210 | 0.48573612 | 0.47367014 | 0.48466881 | 0.01411054
Load 191 | 0.47676282 | 0.50276680 | 0.47980321 | 0.50241915 | 0.47050974 | 0.47291166 | 0.49448294 | 0.50000000 | 0.48484848 | 0.50065565 | 0.47287428 | 0.49725203 | 0.47646595 | 0.47785978 | 0.48509628 | 0.45902944 | 0.50543911 | 0.49592641 | 0.46769231 | 0.47986312 | 0.48513296 | 0.01339451
Load 192 | 0.48551829 | 0.49804840 | 0.49568747 | 0.49626192 | 0.50158311 | 0.47738434 | 0.48924731 | 0.47741273 | 0.47611465 | 0.46846375 | 0.49213715 | 0.48269533 | 0.48048845 | 0.49438496 | 0.48950682 | 0.48181818 | 0.50078044 | 0.50038081 | 0.48409264 | 0.48563293 | 0.48788198 | 0.00918803
Load 193 | 0.50568769 | 0.50442031 | 0.49790686 | 0.50000000 | 0.48929336 | 0.47281007 | 0.49009901 | 0.48709344 | 0.48817875 | 0.47038961 | 0.51355384 | 0.49987294 | 0.48328025 | 0.50052466 | 0.48940568 | 0.51851852 | 0.49441123 | 0.48201798 | 0.50115949 | 0.49298648 | 0.49408051 | 0.01186246
Load 194 | 0.48720600 | 0.49274255 | 0.50294947 | 0.48506881 | 0.49369324 | 0.49436764 | 0.50089813 | 0.50857875 | 0.48964123 | 0.48854962 | 0.46766297 | 0.50454060 | 0.47506427 | 0.48022893 | 0.48811653 | 0.50560334 | 0.50364394 | 0.47574089 | 0.48172928 | 0.47949769 | 0.49027619 | 0.01128896
Load 195 | 0.46848469 | 0.50076220 | 0.48372703 | 0.49603073 | 0.49896266 | 0.49705807 | 0.49590583 | 0.49700000 | 0.48226221 | 0.50127356 | 0.50346065 | 0.49780532 | 0.50351229 | 0.47774633 | 0.49758822 | 0.49430524 | 0.50142009 | 0.49771341 | 0.49497886 | 0.51195929 | 0.49509783 | 0.00970454
Load 196 | 0.48610029 | 0.48540055 | 0.49775192 | 0.48418301 | 0.49089043 | 0.51215727 | 0.50537109 | 0.51659237 | 0.48580926 | 0.49788188 | 0.48427673 | 0.50128139 | 0.50954774 | 0.49936208 | 0.50202840 | 0.49884586 | 0.48869698 | 0.51755915 | 0.51640159 | 0.48942970 | 0.49847838 | 0.01122224
Load 197 | 0.49311927 | 0.50126199 | 0.50185874 | 0.50330957 | 0.49255614 | 0.49822515 | 0.50051787 | 0.49665428 | 0.50638733 | 0.51036601 | 0.49987440 | 0.49318591 | 0.49898167 | 0.49503691 | 0.47897670 | 0.49348659 | 0.50902062 | 0.47876939 | 0.48581011 | 0.48803462 | 0.49627166 | 0.00847574
Load 198 | 0.51794494 | 0.50287572 | 0.47808974 | 0.52339034 | 0.51109430 | 0.49356665 | 0.49696510 | 0.49364191 | 0.51188707 | 0.50527638 | 0.50464157 | 0.50786517 | 0.49785840 | 0.51605676 | 0.50405474 | 0.50012598 | 0.49771921 | 0.50899101 | 0.51341772 | 0.50114475 | 0.50433037 | 0.00998829
Load 199 | 0.52771507 | 0.52317042 | 0.51535088 | 0.52121362 | 0.51642950 | 0.51643192 | 0.49242230 | 0.49673695 | 0.49577114 | 0.51948705 | 0.51030151 | 0.49936500 | 0.50956047 | 0.50551876 | 0.51634639 | 0.50140629 | 0.49987300 | 0.50050505 | 0.51598402 | 0.48794110 | 0.50857652 | 0.01100887
Load 200 | 0.50012466 | 0.50295567 | 0.53775687 | 0.49936273 | 0.52714321 | 0.50050302 | 0.51856529 | 0.50868486 | 0.51632047 | 0.47838322 | 0.52219656 | 0.52014099 | 0.51982379 | 0.51188434 | 0.50306122 | 0.51582278 | 0.50517331 | 0.51018923 | 0.50920398 | 0.50197239 | 0.51046343 | 0.01234363
