# Resultados para rota [3,8]
# Formato: Load Probabilidade_Media Desvio_Padrao
1 0.315297 0.061892
2 0.315841 0.097947
3 0.354143 0.083041
4 0.368740 0.117529
5 0.422187 0.089364
6 0.443139 0.091266
7 0.441994 0.082495
8 0.460985 0.078478
9 0.457872 0.099214
10 0.497142 0.090313
11 0.469646 0.070062
12 0.493545 0.079378
13 0.508731 0.082849
14 0.532508 0.083109
15 0.550228 0.078680
16 0.530778 0.074739
17 0.559616 0.053989
18 0.541146 0.054328
19 0.587377 0.064737
20 0.602957 0.069176
21 0.594236 0.046727
22 0.601062 0.060157
23 0.595072 0.056151
24 0.616651 0.059018
25 0.613252 0.073926
26 0.620279 0.069908
27 0.623694 0.047833
28 0.642964 0.062716
29 0.644571 0.058760
30 0.628212 0.050421
31 0.620271 0.057776
32 0.663401 0.059726
33 0.663187 0.068132
34 0.671298 0.070833
35 0.664116 0.050337
36 0.686348 0.054547
37 0.702824 0.043162
38 0.681830 0.049494
39 0.665378 0.032413
40 0.703053 0.052193
41 0.688758 0.047899
42 0.705134 0.039133
43 0.699858 0.040116
44 0.695029 0.043954
45 0.706811 0.052468
46 0.693089 0.044308
47 0.701488 0.042330
48 0.704149 0.050894
49 0.694932 0.039056
50 0.729131 0.047001
51 0.687963 0.046309
52 0.711130 0.045793
53 0.733368 0.050647
54 0.701018 0.040538
55 0.731181 0.051201
56 0.715280 0.050684
57 0.724108 0.042389
58 0.730281 0.048069
59 0.726070 0.045522
60 0.719654 0.041910
61 0.743076 0.042175
62 0.754594 0.043173
63 0.732343 0.043291
64 0.731659 0.043108
65 0.738902 0.049604
66 0.745389 0.062655
67 0.733392 0.054457
68 0.747331 0.031557
69 0.758777 0.041833
70 0.751198 0.029876
71 0.745402 0.042491
72 0.744355 0.038496
73 0.744137 0.041766
74 0.751350 0.030407
75 0.751107 0.039330
76 0.733807 0.041649
77 0.755232 0.034980
78 0.766111 0.047495
79 0.754743 0.042684
80 0.756665 0.031710
81 0.755033 0.037292
82 0.751560 0.043403
83 0.753327 0.028545
84 0.763994 0.041580
85 0.755501 0.041513
86 0.764572 0.036101
87 0.764640 0.027523
88 0.767423 0.021561
89 0.758060 0.040792
90 0.785816 0.032213
91 0.756452 0.053911
92 0.772829 0.033869
93 0.761935 0.035311
94 0.761184 0.030951
95 0.777550 0.045719
96 0.778480 0.044902
97 0.786550 0.039563
98 0.787148 0.033592
99 0.787996 0.028779
100 0.763219 0.036230
101 0.769504 0.038339
102 0.777996 0.032446
103 0.786154 0.037648
104 0.789286 0.021332
105 0.786804 0.029531
106 0.794198 0.038329
107 0.788595 0.029899
108 0.799108 0.034739
109 0.783755 0.028364
110 0.777960 0.028305
111 0.791930 0.031231
112 0.790310 0.041859
113 0.784107 0.039386
114 0.774969 0.033129
115 0.786811 0.035843
116 0.789447 0.032061
117 0.792591 0.029934
118 0.796606 0.026332
119 0.786025 0.026658
120 0.790336 0.027654
121 0.781663 0.032179
122 0.790346 0.030110
123 0.790525 0.035474
124 0.786511 0.020201
125 0.794985 0.022791
126 0.787572 0.029656
127 0.778945 0.033788
128 0.783973 0.028397
129 0.784034 0.029549
130 0.795919 0.024459
131 0.801485 0.031251
132 0.794668 0.032076
133 0.787322 0.028298
134 0.794990 0.026842
135 0.796677 0.034554
136 0.800588 0.029531
137 0.792628 0.035302
138 0.802944 0.033584
139 0.798848 0.035253
140 0.813336 0.025859
141 0.791649 0.028645
142 0.794806 0.025237
143 0.799978 0.029789
144 0.797171 0.029334
145 0.798056 0.033744
146 0.806219 0.023239
147 0.800382 0.029805
148 0.805949 0.019734
149 0.795077 0.025682
150 0.801840 0.025390
151 0.812398 0.028074
152 0.812075 0.029925
153 0.791741 0.029978
154 0.808421 0.029019
155 0.805037 0.028997
156 0.809388 0.027915
157 0.814932 0.023694
158 0.809731 0.021800
159 0.807587 0.024437
160 0.813757 0.028841
161 0.805324 0.030386
162 0.805071 0.023338
163 0.810693 0.020362
164 0.817079 0.027460
165 0.816102 0.019913
166 0.818554 0.023628
167 0.811159 0.026332
168 0.816191 0.027438
169 0.807917 0.027545
170 0.819938 0.017197
171 0.814222 0.024455
172 0.809019 0.029966
173 0.819617 0.026561
174 0.802268 0.025642
175 0.810562 0.022678
176 0.816892 0.027310
177 0.812691 0.019763
178 0.813403 0.019206
179 0.818106 0.024248
180 0.813412 0.027103
181 0.818998 0.020260
182 0.816977 0.027785
183 0.819498 0.021551
184 0.824122 0.028044
185 0.820495 0.018212
186 0.813333 0.027444
187 0.822484 0.029773
188 0.822534 0.024244
189 0.818818 0.025160
190 0.821654 0.023424
191 0.820470 0.021400
192 0.815287 0.020689
193 0.821924 0.024317
194 0.828353 0.025930
195 0.821527 0.022767
196 0.823411 0.027198
197 0.811897 0.026375
198 0.814768 0.026487
199 0.829122 0.021798
200 0.808607 0.026781
