# Resultados para rota [2,6]
# Formato: Load Probabilidade_Media Desvio_Padrao
1 0.000000 0.000000
2 0.000000 0.000000
3 0.000000 0.000000
4 0.000000 0.000000
5 0.000000 0.000000
6 0.000000 0.000000
7 0.000000 0.000000
8 0.000000 0.000000
9 0.000000 0.000000
10 0.000000 0.000000
11 0.000000 0.000000
12 0.000000 0.000000
13 0.000000 0.000000
14 0.009269 0.027963
15 0.000000 0.000000
16 0.003437 0.011002
17 0.001190 0.005189
18 0.001163 0.005068
19 0.000000 0.000000
20 0.011026 0.024737
21 0.007228 0.019978
22 0.017081 0.046501
23 0.018194 0.032675
24 0.023775 0.034963
25 0.053041 0.056784
26 0.052191 0.054850
27 0.028646 0.035412
28 0.040706 0.065052
29 0.050616 0.058360
30 0.036827 0.058468
31 0.062041 0.058316
32 0.097230 0.089241
33 0.084701 0.089836
34 0.067293 0.069962
35 0.077745 0.098509
36 0.085614 0.084910
37 0.101400 0.062786
38 0.104405 0.072017
39 0.095852 0.089590
40 0.103186 0.056990
41 0.118115 0.064930
42 0.172724 0.086386
43 0.181033 0.085473
44 0.174432 0.075440
45 0.176926 0.081411
46 0.186585 0.088351
47 0.194847 0.079357
48 0.204335 0.093318
49 0.178263 0.094791
50 0.186244 0.108946
51 0.209314 0.097714
52 0.190743 0.074468
53 0.202180 0.062986
54 0.233868 0.081024
55 0.201503 0.075482
56 0.238095 0.073320
57 0.244611 0.069196
58 0.195148 0.074610
59 0.227236 0.067190
60 0.246931 0.071673
61 0.260316 0.061059
62 0.265083 0.086754
63 0.248290 0.094295
64 0.252443 0.090418
65 0.270013 0.063810
66 0.291284 0.053980
67 0.293437 0.099805
68 0.294181 0.069066
69 0.307970 0.053355
70 0.275605 0.074173
71 0.265144 0.064536
72 0.317683 0.075025
73 0.297826 0.080294
74 0.312146 0.064249
75 0.295536 0.072528
76 0.333778 0.055023
77 0.321355 0.056935
78 0.323716 0.069535
79 0.328903 0.075398
80 0.311603 0.076644
81 0.333355 0.087237
82 0.339714 0.079633
83 0.343269 0.066452
84 0.320350 0.065314
85 0.349608 0.058380
86 0.349425 0.071728
87 0.366694 0.043263
88 0.345876 0.059620
89 0.356796 0.064938
90 0.337792 0.049365
91 0.361136 0.075244
92 0.355691 0.045329
93 0.373780 0.060934
94 0.378675 0.051656
95 0.347486 0.075970
96 0.381018 0.072472
97 0.347397 0.066313
98 0.372628 0.077983
99 0.360681 0.074562
100 0.393745 0.052081
101 0.373705 0.071934
102 0.387650 0.059320
103 0.379350 0.048755
104 0.389275 0.054748
105 0.368501 0.053294
106 0.371838 0.076795
107 0.397147 0.061410
108 0.396808 0.068746
109 0.371948 0.051047
110 0.393614 0.058621
111 0.379937 0.052615
112 0.408529 0.051141
113 0.368458 0.065021
114 0.420649 0.052980
115 0.414121 0.059111
116 0.412512 0.053556
117 0.415289 0.055350
118 0.412485 0.054317
119 0.426952 0.057869
120 0.391148 0.072618
121 0.404809 0.059013
122 0.407961 0.041265
123 0.395981 0.045326
124 0.409266 0.040176
125 0.414771 0.058193
126 0.400148 0.050432
127 0.419265 0.052890
128 0.427804 0.041597
129 0.435651 0.050906
130 0.394546 0.055519
131 0.413292 0.060367
132 0.414155 0.054942
133 0.426639 0.041283
134 0.434709 0.073469
135 0.422802 0.040446
136 0.435854 0.029073
137 0.425962 0.050064
138 0.431812 0.043661
139 0.444877 0.060589
140 0.418100 0.057237
141 0.426842 0.044805
142 0.442562 0.043241
143 0.439979 0.052245
144 0.437699 0.041671
145 0.444386 0.049008
146 0.436794 0.041997
147 0.454126 0.052375
148 0.448673 0.041896
149 0.435209 0.053401
150 0.461308 0.051872
151 0.432323 0.057623
152 0.466639 0.043781
153 0.470999 0.035327
154 0.444373 0.058357
155 0.439287 0.049890
156 0.449081 0.058736
157 0.427381 0.047695
158 0.437211 0.045196
159 0.467793 0.042814
160 0.461974 0.052448
161 0.453536 0.034763
162 0.479375 0.046815
163 0.457845 0.037588
164 0.429741 0.043934
165 0.454656 0.047195
166 0.476994 0.058524
167 0.441295 0.036441
168 0.442647 0.029261
169 0.461978 0.051964
170 0.449292 0.055614
171 0.464385 0.042296
172 0.463859 0.050539
173 0.474787 0.050694
174 0.490944 0.035385
175 0.468786 0.052474
176 0.466612 0.044867
177 0.453758 0.041392
178 0.458408 0.045988
179 0.476268 0.048403
180 0.457998 0.057185
181 0.480582 0.049227
182 0.468975 0.048443
183 0.459514 0.057958
184 0.472581 0.044896
185 0.461150 0.058452
186 0.480420 0.048411
187 0.465251 0.054535
188 0.479005 0.041985
189 0.473976 0.040298
190 0.472620 0.041706
191 0.484282 0.039610
192 0.476363 0.030869
193 0.472413 0.058815
194 0.496486 0.029346
195 0.475611 0.036196
196 0.473195 0.045162
197 0.478760 0.038783
198 0.476964 0.049663
199 0.475434 0.040242
200 0.502967 0.036109
