# Resultados para rota [4,11]
# Formato: Load Probabilidade_Media Desvio_Padrao
1 0.323914 0.072821
2 0.319500 0.102402
3 0.372291 0.087086
4 0.396253 0.112892
5 0.410858 0.087154
6 0.433990 0.084453
7 0.478048 0.093659
8 0.428673 0.075295
9 0.451283 0.066488
10 0.489523 0.083016
11 0.487690 0.069452
12 0.518514 0.058923
13 0.512342 0.072598
14 0.515557 0.058468
15 0.548701 0.050553
16 0.557667 0.070577
17 0.565636 0.065499
18 0.547726 0.065823
19 0.573517 0.078870
20 0.553624 0.085070
21 0.606155 0.067302
22 0.590392 0.075712
23 0.598718 0.056306
24 0.622016 0.057239
25 0.621988 0.048299
26 0.625991 0.057738
27 0.645427 0.045228
28 0.626608 0.066243
29 0.629074 0.063085
30 0.660139 0.039466
31 0.642129 0.043833
32 0.641369 0.065757
33 0.670711 0.059053
34 0.661832 0.066323
35 0.674720 0.059868
36 0.666287 0.064014
37 0.671169 0.041972
38 0.681100 0.062528
39 0.679647 0.055045
40 0.679966 0.060388
41 0.692968 0.037401
42 0.698024 0.056058
43 0.680165 0.055582
44 0.686958 0.059873
45 0.676456 0.063293
46 0.669550 0.051908
47 0.698497 0.044061
48 0.703862 0.052227
49 0.718049 0.068313
50 0.701367 0.045416
51 0.709150 0.062230
52 0.726994 0.048429
53 0.719551 0.059515
54 0.728412 0.034681
55 0.711057 0.031399
56 0.719433 0.048173
57 0.738858 0.040849
58 0.749540 0.043736
59 0.722872 0.054978
60 0.739696 0.050407
61 0.730296 0.040934
62 0.715389 0.042733
63 0.725509 0.041428
64 0.737731 0.042067
65 0.720442 0.051257
66 0.722583 0.042818
67 0.740665 0.041009
68 0.746851 0.040991
69 0.733973 0.051843
70 0.743872 0.035631
71 0.732810 0.029927
72 0.737944 0.036462
73 0.732034 0.030611
74 0.763079 0.036974
75 0.754524 0.043673
76 0.764797 0.026613
77 0.738523 0.034633
78 0.754728 0.037516
79 0.758740 0.033265
80 0.757362 0.043611
81 0.762365 0.029195
82 0.761409 0.038326
83 0.779492 0.040549
84 0.756510 0.041303
85 0.772589 0.041408
86 0.766669 0.042524
87 0.770731 0.034765
88 0.770793 0.035808
89 0.767629 0.039131
90 0.768427 0.035640
91 0.766381 0.031329
92 0.759067 0.026548
93 0.761624 0.036972
94 0.778084 0.043729
95 0.777679 0.033035
96 0.784700 0.033322
97 0.774675 0.037941
98 0.775745 0.020441
99 0.769623 0.032155
100 0.790319 0.034018
101 0.788119 0.037674
102 0.773594 0.041414
103 0.794782 0.038972
104 0.767530 0.027590
105 0.793794 0.023291
106 0.780184 0.037387
107 0.780375 0.029996
108 0.781891 0.027797
109 0.781936 0.039945
110 0.788327 0.026774
111 0.772167 0.033208
112 0.764695 0.032581
113 0.794472 0.046688
114 0.791822 0.031311
115 0.776907 0.031287
116 0.775034 0.029122
117 0.785802 0.029252
118 0.793248 0.040363
119 0.780007 0.032293
120 0.783706 0.038483
121 0.803284 0.027133
122 0.793658 0.024382
123 0.798644 0.035209
124 0.787968 0.027379
125 0.780671 0.036835
126 0.805610 0.035973
127 0.783446 0.032466
128 0.798281 0.027383
129 0.792397 0.038833
130 0.797425 0.023237
131 0.799219 0.033467
132 0.808096 0.034926
133 0.800467 0.022009
134 0.808797 0.033628
135 0.792855 0.029578
136 0.791689 0.033502
137 0.793863 0.027433
138 0.794485 0.023165
139 0.801972 0.029930
140 0.796722 0.024792
141 0.796885 0.019538
142 0.805262 0.024481
143 0.794329 0.033912
144 0.797072 0.025898
145 0.811612 0.024223
146 0.809123 0.032245
147 0.792288 0.025477
148 0.804447 0.032043
149 0.803862 0.023707
150 0.810608 0.026285
151 0.789885 0.026265
152 0.795096 0.035279
153 0.795186 0.030046
154 0.807859 0.030782
155 0.798391 0.039005
156 0.806203 0.024990
157 0.801960 0.023872
158 0.811721 0.028916
159 0.799800 0.027976
160 0.814717 0.023175
161 0.808649 0.024687
162 0.805863 0.023957
163 0.802774 0.025607
164 0.807599 0.036564
165 0.814866 0.021155
166 0.802076 0.024634
167 0.803482 0.021648
168 0.803442 0.024516
169 0.805413 0.026089
170 0.808723 0.031096
171 0.813087 0.025433
172 0.810832 0.026097
173 0.820151 0.023709
174 0.827142 0.022210
175 0.815627 0.021627
176 0.809078 0.028884
177 0.814523 0.028308
178 0.812254 0.027466
179 0.819032 0.019006
180 0.811748 0.018672
181 0.812019 0.024872
182 0.820973 0.028127
183 0.815320 0.025159
184 0.818457 0.025967
185 0.811213 0.030194
186 0.808795 0.025764
187 0.818000 0.026001
188 0.818317 0.030460
189 0.819587 0.025498
190 0.818083 0.021580
191 0.822289 0.027773
192 0.827981 0.033220
193 0.821599 0.022197
194 0.815748 0.018328
195 0.814514 0.026218
196 0.818762 0.018362
197 0.825443 0.019447
198 0.807276 0.024522
199 0.806619 0.019072
200 0.816272 0.028669
