# Resultados para rota [5,10]
# Formato: Load Probabilidade_Media Desvio_Padrao
1 0.338732 0.113930
2 0.349845 0.097201
3 0.365774 0.124988
4 0.349228 0.048812
5 0.380387 0.090778
6 0.396610 0.054786
7 0.415725 0.078172
8 0.466355 0.076021
9 0.508618 0.069388
10 0.471812 0.062428
11 0.503620 0.073593
12 0.507315 0.077750
13 0.537496 0.073075
14 0.558305 0.071694
15 0.532226 0.076827
16 0.569575 0.093615
17 0.541337 0.072607
18 0.586540 0.091403
19 0.576985 0.055149
20 0.609684 0.064186
21 0.595596 0.059446
22 0.596631 0.049905
23 0.618003 0.068763
24 0.611011 0.059698
25 0.618161 0.077104
26 0.617850 0.055218
27 0.643424 0.059755
28 0.634405 0.064459
29 0.642914 0.065979
30 0.642924 0.061280
31 0.689118 0.058569
32 0.644456 0.058681
33 0.658300 0.048771
34 0.665896 0.067307
35 0.668058 0.039079
36 0.664096 0.050968
37 0.662079 0.072626
38 0.666693 0.042460
39 0.696612 0.042624
40 0.675733 0.058857
41 0.693052 0.053004
42 0.681486 0.050265
43 0.693203 0.043246
44 0.697985 0.042291
45 0.718833 0.044914
46 0.712291 0.051027
47 0.715314 0.055371
48 0.693839 0.057662
49 0.703772 0.047905
50 0.693673 0.059501
51 0.733767 0.045586
52 0.730252 0.053760
53 0.711627 0.038274
54 0.721833 0.041856
55 0.709087 0.044930
56 0.724694 0.045675
57 0.728323 0.038448
58 0.737295 0.055070
59 0.721773 0.042503
60 0.733373 0.043796
61 0.730069 0.039907
62 0.739321 0.047664
63 0.739235 0.031839
64 0.727896 0.041643
65 0.741259 0.041146
66 0.739164 0.041433
67 0.742189 0.044165
68 0.741947 0.038050
69 0.748335 0.037735
70 0.741018 0.038758
71 0.766957 0.036090
72 0.754642 0.042350
73 0.751126 0.038028
74 0.744192 0.042749
75 0.743599 0.036678
76 0.762133 0.040464
77 0.752531 0.030127
78 0.750950 0.037633
79 0.766374 0.031873
80 0.759145 0.037009
81 0.769321 0.034433
82 0.757249 0.039277
83 0.754587 0.034222
84 0.766972 0.030511
85 0.756796 0.026213
86 0.757723 0.041326
87 0.769450 0.038295
88 0.761263 0.031984
89 0.785728 0.038707
90 0.768346 0.034980
91 0.782796 0.033611
92 0.776668 0.032129
93 0.773272 0.036426
94 0.761879 0.036167
95 0.774472 0.028929
96 0.771746 0.028285
97 0.769277 0.036165
98 0.775217 0.029279
99 0.769018 0.038296
100 0.771718 0.035852
101 0.775165 0.037494
102 0.770818 0.040690
103 0.789521 0.028229
104 0.777153 0.035697
105 0.780459 0.046251
106 0.775258 0.032308
107 0.783224 0.032491
108 0.784961 0.024239
109 0.786524 0.035552
110 0.788222 0.040062
111 0.773522 0.044274
112 0.783309 0.032896
113 0.777184 0.030989
114 0.787734 0.034478
115 0.784155 0.026625
116 0.786601 0.024874
117 0.778759 0.037600
118 0.792928 0.027982
119 0.780182 0.028097
120 0.798215 0.027838
121 0.787475 0.030418
122 0.793254 0.022592
123 0.784024 0.034710
124 0.796528 0.025463
125 0.792060 0.032400
126 0.795924 0.029727
127 0.800729 0.028387
128 0.794365 0.029103
129 0.793631 0.024159
130 0.799574 0.028308
131 0.793020 0.025682
132 0.796220 0.031815
133 0.805935 0.011514
134 0.799182 0.031615
135 0.796938 0.025683
136 0.794878 0.033847
137 0.802178 0.024200
138 0.805104 0.027146
139 0.809177 0.025935
140 0.801227 0.037726
141 0.798577 0.023401
142 0.801556 0.031404
143 0.808474 0.033846
144 0.807108 0.022439
145 0.807312 0.020247
146 0.798718 0.034035
147 0.808042 0.031070
148 0.803466 0.034542
149 0.809839 0.039440
150 0.794526 0.032706
151 0.805734 0.026708
152 0.806215 0.023637
153 0.813571 0.024496
154 0.805646 0.028801
155 0.810647 0.026615
156 0.797421 0.023281
157 0.810713 0.028929
158 0.805183 0.026230
159 0.807050 0.025652
160 0.805148 0.030287
161 0.812326 0.032181
162 0.806528 0.026106
163 0.804917 0.024452
164 0.813571 0.025964
165 0.820140 0.024338
166 0.803660 0.029082
167 0.818561 0.031550
168 0.810174 0.025245
169 0.807979 0.022919
170 0.810929 0.023496
171 0.819918 0.036582
172 0.810300 0.023758
173 0.813396 0.029595
174 0.808150 0.020224
175 0.816221 0.031397
176 0.822636 0.022850
177 0.816535 0.035095
178 0.814203 0.024558
179 0.811669 0.018620
180 0.806926 0.021222
181 0.810526 0.025951
182 0.800312 0.020782
183 0.811063 0.027185
184 0.818746 0.027037
185 0.810616 0.030100
186 0.809629 0.027689
187 0.811382 0.030733
188 0.818521 0.021420
189 0.807449 0.028565
190 0.817646 0.020952
191 0.812563 0.023295
192 0.827722 0.022873
193 0.814975 0.017954
194 0.808614 0.021320
195 0.820299 0.018913
196 0.816976 0.029581
197 0.812188 0.030450
198 0.823974 0.023661
199 0.816521 0.023642
200 0.822723 0.018838
