# TODAS AS PROBABILIDADES (20 SIMULAÇÕES)
# Requisição 1: [0,6]
# Modo: CONJUNTO
# Data: 2026-02-25 20:42:37
# ================================================================================
# Formato: Load | Sim1 | Sim2 | ... | Sim20 | Média | DesvioPadrão
# ================================================================================

Load   1 | 0.00000000 | 0.00000000 | 0.00000000 | 0.00000000 | 0.00000000 | 0.00000000 | 0.00000000 | 0.00000000 | 0.00000000 | 0.00000000 | 0.00000000 | 0.00000000 | 0.00000000 | 0.00000000 | 0.00000000 | 0.00000000 | 0.00000000 | 0.00000000 | 0.00000000 | 0.00000000 | 0.00000000 | 0.00000000
Load   2 | 0.00000000 | 0.00000000 | 0.00000000 | 0.00000000 | 0.00000000 | 0.00000000 | 0.00000000 | 0.00000000 | 0.00000000 | 0.00000000 | 0.00000000 | 0.00000000 | 0.00000000 | 0.00000000 | 0.00000000 | 0.00000000 | 0.00000000 | 0.00000000 | 0.00000000 | 0.00000000 | 0.00000000 | 0.00000000
Load   3 | 0.00000000 | 0.00000000 | 0.00000000 | 0.00000000 | 0.00000000 | 0.00000000 | 0.00000000 | 0.00000000 | 0.00000000 | 0.00000000 | 0.00000000 | 0.00000000 | 0.00000000 | 0.00000000 | 0.00000000 | 0.00000000 | 0.00000000 | 0.00000000 | 0.00000000 | 0.00000000 | 0.00000000 | 0.00000000
Load   4 | 0.00000000 | 0.00000000 | 0.00000000 | 0.00000000 | 0.00000000 | 0.00000000 | 0.00000000 | 0.00000000 | 0.00000000 | 0.00000000 | 0.00000000 | 0.00000000 | 0.00000000 | 0.00000000 | 0.00000000 | 0.00000000 | 0.00000000 | 0.00000000 | 0.00000000 | 0.00000000 | 0.00000000 | 0.00000000
Load   5 | 0.00000000 | 0.00000000 | 0.00000000 | 0.00000000 | 0.00000000 | 0.00000000 | 0.00000000 | 0.00000000 | 0.00000000 | 0.00000000 | 0.00000000 | 0.00000000 | 0.00000000 | 0.00000000 | 0.00000000 | 0.00000000 | 0.00000000 | 0.00000000 | 0.00000000 | 0.00000000 | 0.00000000 | 0.00000000
Load   6 | 0.00000000 | 0.00000000 | 0.00000000 | 0.00000000 | 0.00000000 | 0.00000000 | 0.00000000 | 0.00000000 | 0.00000000 | 0.00000000 | 0.00000000 | 0.00000000 | 0.00000000 | 0.00000000 | 0.00000000 | 0.00000000 | 0.00000000 | 0.00000000 | 0.00000000 | 0.00000000 | 0.00000000 | 0.00000000
Load   7 | 0.00000000 | 0.00000000 | 0.00000000 | 0.00000000 | 0.00000000 | 0.00000000 | 0.00000000 | 0.00000000 | 0.00000000 | 0.00000000 | 0.00000000 | 0.00000000 | 0.00000000 | 0.00000000 | 0.00000000 | 0.00000000 | 0.00000000 | 0.00000000 | 0.00000000 | 0.00000000 | 0.00000000 | 0.00000000
Load   8 | 0.00000000 | 0.00000000 | 0.00000000 | 0.00000000 | 0.00000000 | 0.00000000 | 0.00000000 | 0.00000000 | 0.00000000 | 0.00000000 | 0.00000000 | 0.00000000 | 0.00000000 | 0.00000000 | 0.00000000 | 0.00000000 | 0.00000000 | 0.00000000 | 0.00000000 | 0.00000000 | 0.00000000 | 0.00000000
Load   9 | 0.00000000 | 0.00000000 | 0.00000000 | 0.00000000 | 0.00000000 | 0.00000000 | 0.00000000 | 0.00000000 | 0.00000000 | 0.00000000 | 0.00000000 | 0.00000000 | 0.00000000 | 0.00000000 | 0.00000000 | 0.00000000 | 0.00000000 | 0.00000000 | 0.00000000 | 0.00000000 | 0.00000000 | 0.00000000
Load  10 | 0.00000000 | 0.00000000 | 0.00000000 | 0.00000000 | 0.00000000 | 0.00000000 | 0.00000000 | 0.00000000 | 0.00000000 | 0.00000000 | 0.00000000 | 0.00000000 | 0.00000000 | 0.00000000 | 0.00000000 | 0.00000000 | 0.00000000 | 0.00000000 | 0.00000000 | 0.00000000 | 0.00000000 | 0.00000000
Load  11 | 0.00000000 | 0.00000000 | 0.00000000 | 0.00000000 | 0.00000000 | 0.00000000 | 0.00000000 | 0.00000000 | 0.00000000 | 0.00000000 | 0.00000000 | 0.00000000 | 0.00000000 | 0.00000000 | 0.00000000 | 0.00000000 | 0.00000000 | 0.00000000 | 0.00000000 | 0.00000000 | 0.00000000 | 0.00000000
Load  12 | 0.00000000 | 0.00000000 | 0.00000000 | 0.00000000 | 0.00000000 | 0.00000000 | 0.00000000 | 0.00000000 | 0.00000000 | 0.00000000 | 0.00000000 | 0.00000000 | 0.00000000 | 0.00000000 | 0.00000000 | 0.00000000 | 0.00000000 | 0.00000000 | 0.00000000 | 0.00000000 | 0.00000000 | 0.00000000
Load  13 | 0.00000000 | 0.00000000 | 0.00000000 | 0.00000000 | 0.00000000 | 0.00000000 | 0.00000000 | 0.00000000 | 0.00000000 | 0.00000000 | 0.00000000 | 0.00000000 | 0.00000000 | 0.00000000 | 0.00000000 | 0.00000000 | 0.00000000 | 0.00000000 | 0.00000000 | 0.00000000 | 0.00000000 | 0.00000000
Load  14 | 0.00000000 | 0.00000000 | 0.00000000 | 0.00000000 | 0.00000000 | 0.00000000 | 0.00000000 | 0.00000000 | 0.00000000 | 0.00000000 | 0.00000000 | 0.00000000 | 0.00000000 | 0.00000000 | 0.00000000 | 0.00000000 | 0.00000000 | 0.00000000 | 0.00000000 | 0.00000000 | 0.00000000 | 0.00000000
Load  15 | 0.00000000 | 0.00000000 | 0.00000000 | 0.00000000 | 0.00000000 | 0.00000000 | 0.00000000 | 0.00000000 | 0.00000000 | 0.00000000 | 0.00000000 | 0.00000000 | 0.00000000 | 0.00000000 | 0.00000000 | 0.00000000 | 0.00000000 | 0.00000000 | 0.00000000 | 0.00000000 | 0.00000000 | 0.00000000
Load  16 | 0.00000000 | 0.00000000 | 0.00000000 | 0.00000000 | 0.00000000 | 0.00000000 | 0.00000000 | 0.00000000 | 0.00000000 | 0.00000000 | 0.00000000 | 0.00000000 | 0.00000000 | 0.00000000 | 0.00000000 | 0.00000000 | 0.00000000 | 0.00000000 | 0.00000000 | 0.00000000 | 0.00000000 | 0.00000000
Load  17 | 0.00000000 | 0.00000000 | 0.00000000 | 0.00000000 | 0.00000000 | 0.00000000 | 0.00000000 | 0.00000000 | 0.00000000 | 0.00000000 | 0.00000000 | 0.00000000 | 0.00000000 | 0.00000000 | 0.00000000 | 0.00000000 | 0.00000000 | 0.00000000 | 0.00000000 | 0.00000000 | 0.00000000 | 0.00000000
Load  18 | 0.00000000 | 0.00000000 | 0.00000000 | 0.00000000 | 0.00000000 | 0.00000000 | 0.00000000 | 0.00000000 | 0.00000000 | 0.00000000 | 0.00000000 | 0.00000000 | 0.00000000 | 0.00000000 | 0.00000000 | 0.00000000 | 0.00000000 | 0.00000000 | 0.00000000 | 0.00000000 | 0.00000000 | 0.00000000
Load  19 | 0.00000000 | 0.00000000 | 0.00000000 | 0.00000000 | 0.00000000 | 0.00000000 | 0.00000000 | 0.00000000 | 0.00000000 | 0.00000000 | 0.00000000 | 0.00000000 | 0.00000000 | 0.00000000 | 0.00000000 | 0.00000000 | 0.00000000 | 0.00000000 | 0.00000000 | 0.00000000 | 0.00000000 | 0.00000000
Load  20 | 0.00000000 | 0.00000000 | 0.00000000 | 0.00000000 | 0.00000000 | 0.00000000 | 0.00000000 | 0.00000000 | 0.00000000 | 0.00000000 | 0.00000000 | 0.00000000 | 0.00000000 | 0.00000000 | 0.00000000 | 0.00000000 | 0.00000000 | 0.00000000 | 0.00000000 | 0.00000000 | 0.00000000 | 0.00000000
Load  21 | 0.00000000 | 0.00000000 | 0.00000000 | 0.00000000 | 0.00000000 | 0.00000000 | 0.00000000 | 0.00000000 | 0.00000000 | 0.00000000 | 0.00000000 | 0.00000000 | 0.00000000 | 0.00000000 | 0.00000000 | 0.00000000 | 0.00000000 | 0.00000000 | 0.00000000 | 0.00000000 | 0.00000000 | 0.00000000
Load  22 | 0.00000000 | 0.00000000 | 0.00000000 | 0.00000000 | 0.00000000 | 0.00000000 | 0.00000000 | 0.00000000 | 0.00000000 | 0.00000000 | 0.00000000 | 0.00000000 | 0.00000000 | 0.00000000 | 0.00000000 | 0.00000000 | 0.00000000 | 0.00000000 | 0.00000000 | 0.00000000 | 0.00000000 | 0.00000000
Load  23 | 0.00000000 | 0.00000000 | 0.00000000 | 0.00000000 | 0.00000000 | 0.00000000 | 0.00000000 | 0.00000000 | 0.00000000 | 0.00000000 | 0.00000000 | 0.00000000 | 0.00000000 | 0.00000000 | 0.00000000 | 0.00000000 | 0.00000000 | 0.00000000 | 0.00000000 | 0.00000000 | 0.00000000 | 0.00000000
Load  24 | 0.00000000 | 0.00000000 | 0.00000000 | 0.00000000 | 0.00000000 | 0.00000000 | 0.00000000 | 0.00000000 | 0.00000000 | 0.00000000 | 0.00000000 | 0.00000000 | 0.00000000 | 0.00000000 | 0.00000000 | 0.00000000 | 0.00000000 | 0.00000000 | 0.00000000 | 0.00000000 | 0.00000000 | 0.00000000
Load  25 | 0.00000000 | 0.00000000 | 0.00000000 | 0.00000000 | 0.00000000 | 0.00000000 | 0.00000000 | 0.00000000 | 0.00000000 | 0.00000000 | 0.00000000 | 0.00000000 | 0.00000000 | 0.00000000 | 0.00000000 | 0.00000000 | 0.00000000 | 0.00000000 | 0.00000000 | 0.00000000 | 0.00000000 | 0.00000000
Load  26 | 0.00000000 | 0.00000000 | 0.00000000 | 0.00000000 | 0.00000000 | 0.00000000 | 0.00000000 | 0.00000000 | 0.00000000 | 0.00000000 | 0.00000000 | 0.00000000 | 0.00000000 | 0.00000000 | 0.00000000 | 0.00000000 | 0.00000000 | 0.00000000 | 0.00000000 | 0.00000000 | 0.00000000 | 0.00000000
Load  27 | 0.00000000 | 0.00000000 | 0.00000000 | 0.00000000 | 0.00000000 | 0.00000000 | 0.00000000 | 0.00000000 | 0.00000000 | 0.00000000 | 0.00000000 | 0.00000000 | 0.00000000 | 0.00000000 | 0.00000000 | 0.00000000 | 0.00000000 | 0.00000000 | 0.00000000 | 0.00000000 | 0.00000000 | 0.00000000
Load  28 | 0.00000000 | 0.00000000 | 0.00000000 | 0.00000000 | 0.00000000 | 0.00000000 | 0.00000000 | 0.00000000 | 0.00000000 | 0.00000000 | 0.00000000 | 0.00000000 | 0.00000000 | 0.00000000 | 0.00000000 | 0.00000000 | 0.00000000 | 0.00000000 | 0.00000000 | 0.00000000 | 0.00000000 | 0.00000000
Load  29 | 0.00000000 | 0.00000000 | 0.00000000 | 0.00000000 | 0.00000000 | 0.00000000 | 0.00000000 | 0.00000000 | 0.00000000 | 0.00000000 | 0.00000000 | 0.00000000 | 0.00000000 | 0.00000000 | 0.00000000 | 0.00000000 | 0.00000000 | 0.00000000 | 0.00000000 | 0.00000000 | 0.00000000 | 0.00000000
Load  30 | 0.00000000 | 0.00000000 | 0.00000000 | 0.00000000 | 0.00000000 | 0.00000000 | 0.00000000 | 0.00000000 | 0.00000000 | 0.00000000 | 0.00000000 | 0.00000000 | 0.00000000 | 0.00000000 | 0.00000000 | 0.00000000 | 0.00000000 | 0.00000000 | 0.00000000 | 0.00000000 | 0.00000000 | 0.00000000
Load  31 | 0.00000000 | 0.00000000 | 0.00000000 | 0.00000000 | 0.00000000 | 0.00000000 | 0.00000000 | 0.00000000 | 0.00000000 | 0.00000000 | 0.00000000 | 0.00000000 | 0.00000000 | 0.00000000 | 0.00000000 | 0.00000000 | 0.00000000 | 0.00000000 | 0.00000000 | 0.00000000 | 0.00000000 | 0.00000000
Load  32 | 0.00000000 | 0.00000000 | 0.00000000 | 0.00000000 | 0.00000000 | 0.00000000 | 0.00000000 | 0.00000000 | 0.00000000 | 0.00000000 | 0.00000000 | 0.00000000 | 0.00000000 | 0.00000000 | 0.00000000 | 0.00000000 | 0.00000000 | 0.00000000 | 0.00000000 | 0.00000000 | 0.00000000 | 0.00000000
Load  33 | 0.00000000 | 0.00000000 | 0.00000000 | 0.00000000 | 0.00000000 | 0.00000000 | 0.00000000 | 0.00000000 | 0.00000000 | 0.00000000 | 0.00000000 | 0.00000000 | 0.00000000 | 0.00000000 | 0.00000000 | 0.00000000 | 0.00000000 | 0.00000000 | 0.00000000 | 0.00000000 | 0.00000000 | 0.00000000
Load  34 | 0.00000000 | 0.00000000 | 0.00000000 | 0.00000000 | 0.00000000 | 0.00000000 | 0.00000000 | 0.00000000 | 0.00000000 | 0.00000000 | 0.00000000 | 0.00000000 | 0.00000000 | 0.00000000 | 0.00000000 | 0.00000000 | 0.00000000 | 0.00000000 | 0.00000000 | 0.00000000 | 0.00000000 | 0.00000000
Load  35 | 0.00000000 | 0.00000000 | 0.00000000 | 0.00000000 | 0.00000000 | 0.00000000 | 0.00000000 | 0.00000000 | 0.00000000 | 0.00000000 | 0.00000000 | 0.00000000 | 0.00000000 | 0.00000000 | 0.00000000 | 0.00000000 | 0.00000000 | 0.00000000 | 0.00000000 | 0.00000000 | 0.00000000 | 0.00000000
Load  36 | 0.00000000 | 0.00000000 | 0.00000000 | 0.00000000 | 0.00000000 | 0.00000000 | 0.00000000 | 0.00000000 | 0.00000000 | 0.00000000 | 0.00000000 | 0.00000000 | 0.00000000 | 0.00000000 | 0.00000000 | 0.00000000 | 0.00000000 | 0.00000000 | 0.00000000 | 0.00000000 | 0.00000000 | 0.00000000
Load  37 | 0.00000000 | 0.00000000 | 0.00000000 | 0.00000000 | 0.00000000 | 0.00000000 | 0.00000000 | 0.00000000 | 0.00000000 | 0.00000000 | 0.00000000 | 0.00000000 | 0.00000000 | 0.00000000 | 0.00000000 | 0.00000000 | 0.00000000 | 0.00000000 | 0.00000000 | 0.00000000 | 0.00000000 | 0.00000000
Load  38 | 0.00000000 | 0.00000000 | 0.00000000 | 0.00000000 | 0.00000000 | 0.00000000 | 0.00000000 | 0.00000000 | 0.00000000 | 0.00000000 | 0.00000000 | 0.00000000 | 0.00000000 | 0.00000000 | 0.00000000 | 0.00000000 | 0.00000000 | 0.00000000 | 0.00000000 | 0.00000000 | 0.00000000 | 0.00000000
Load  39 | 0.00000000 | 0.00000000 | 0.00000000 | 0.00000000 | 0.00000000 | 0.00000000 | 0.00000000 | 0.00000000 | 0.00000000 | 0.00000000 | 0.00000000 | 0.00000000 | 0.00000000 | 0.00000000 | 0.00000000 | 0.00000000 | 0.00000000 | 0.00000000 | 0.00000000 | 0.00000000 | 0.00000000 | 0.00000000
Load  40 | 0.00000000 | 0.00000000 | 0.00000000 | 0.00000000 | 0.00000000 | 0.00000000 | 0.00000000 | 0.00000000 | 0.00000000 | 0.00000000 | 0.00000000 | 0.00000000 | 0.00000000 | 0.00000000 | 0.00000000 | 0.00000000 | 0.00000000 | 0.00000000 | 0.00000000 | 0.00000000 | 0.00000000 | 0.00000000
Load  41 | 0.00000000 | 0.00000000 | 0.00000000 | 0.00000000 | 0.00000000 | 0.00000000 | 0.00000000 | 0.00000000 | 0.00000000 | 0.00000000 | 0.00000000 | 0.00000000 | 0.00000000 | 0.00000000 | 0.00000000 | 0.00000000 | 0.00000000 | 0.00000000 | 0.00000000 | 0.00000000 | 0.00000000 | 0.00000000
Load  42 | 0.00000000 | 0.00000000 | 0.00000000 | 0.00000000 | 0.00000000 | 0.00000000 | 0.00000000 | 0.00000000 | 0.00000000 | 0.00000000 | 0.00000000 | 0.00000000 | 0.00000000 | 0.00000000 | 0.00000000 | 0.00000000 | 0.00000000 | 0.00000000 | 0.00000000 | 0.00000000 | 0.00000000 | 0.00000000
Load  43 | 0.00000000 | 0.00000000 | 0.00000000 | 0.00000000 | 0.00000000 | 0.00000000 | 0.00000000 | 0.00000000 | 0.00000000 | 0.00000000 | 0.00000000 | 0.00000000 | 0.00000000 | 0.00000000 | 0.00000000 | 0.00000000 | 0.00000000 | 0.00000000 | 0.00000000 | 0.00000000 | 0.00000000 | 0.00000000
Load  44 | 0.00000000 | 0.00000000 | 0.00000000 | 0.00000000 | 0.00000000 | 0.00000000 | 0.00000000 | 0.00000000 | 0.00000000 | 0.00000000 | 0.00000000 | 0.00000000 | 0.00000000 | 0.00000000 | 0.00000000 | 0.00000000 | 0.00000000 | 0.00000000 | 0.00000000 | 0.00000000 | 0.00000000 | 0.00000000
Load  45 | 0.00000000 | 0.00000000 | 0.00000000 | 0.00000000 | 0.00000000 | 0.00000000 | 0.00000000 | 0.00000000 | 0.00000000 | 0.00000000 | 0.00000000 | 0.00000000 | 0.00000000 | 0.00000000 | 0.00000000 | 0.00000000 | 0.00000000 | 0.00000000 | 0.00000000 | 0.00000000 | 0.00000000 | 0.00000000
Load  46 | 0.00000000 | 0.00000000 | 0.00000000 | 0.00000000 | 0.00000000 | 0.00000000 | 0.00000000 | 0.00000000 | 0.00000000 | 0.00000000 | 0.00000000 | 0.00000000 | 0.00000000 | 0.00000000 | 0.00000000 | 0.00000000 | 0.00000000 | 0.00000000 | 0.00000000 | 0.00000000 | 0.00000000 | 0.00000000
Load  47 | 0.00000000 | 0.00000000 | 0.00000000 | 0.00000000 | 0.00000000 | 0.00000000 | 0.00000000 | 0.00000000 | 0.00000000 | 0.00000000 | 0.00000000 | 0.00000000 | 0.00000000 | 0.00000000 | 0.00000000 | 0.00000000 | 0.00000000 | 0.00000000 | 0.00000000 | 0.00000000 | 0.00000000 | 0.00000000
Load  48 | 0.00000000 | 0.00000000 | 0.00000000 | 0.00000000 | 0.00000000 | 0.00000000 | 0.00000000 | 0.00000000 | 0.00000000 | 0.00000000 | 0.00000000 | 0.00000000 | 0.00000000 | 0.00000000 | 0.00000000 | 0.00000000 | 0.00000000 | 0.00000000 | 0.00000000 | 0.00000000 | 0.00000000 | 0.00000000
Load  49 | 0.00000000 | 0.00000000 | 0.00000000 | 0.00000000 | 0.00000000 | 0.00000000 | 0.00000000 | 0.00000000 | 0.00000000 | 0.00000000 | 0.00000000 | 0.00000000 | 0.00000000 | 0.00000000 | 0.00000000 | 0.00000000 | 0.00000000 | 0.00000000 | 0.00000000 | 0.00000000 | 0.00000000 | 0.00000000
Load  50 | 0.00000000 | 0.00000000 | 0.00000000 | 0.00000000 | 0.00000000 | 0.00000000 | 0.00000000 | 0.00000000 | 0.00000000 | 0.00000000 | 0.00000000 | 0.00000000 | 0.00000000 | 0.00000000 | 0.00000000 | 0.00000000 | 0.00000000 | 0.00000000 | 0.00000000 | 0.00000000 | 0.00000000 | 0.00000000
Load  51 | 0.00000000 | 0.00000000 | 0.00000000 | 0.00000000 | 0.00000000 | 0.00000000 | 0.00000000 | 0.00000000 | 0.00000000 | 0.00000000 | 0.00000000 | 0.00000000 | 0.00000000 | 0.00000000 | 0.00000000 | 0.00000000 | 0.00000000 | 0.00000000 | 0.00000000 | 0.00000000 | 0.00000000 | 0.00000000
Load  52 | 0.00000000 | 0.00000000 | 0.00000000 | 0.00000000 | 0.00000000 | 0.00000000 | 0.00000000 | 0.00000000 | 0.00000000 | 0.00000000 | 0.00000000 | 0.00000000 | 0.00000000 | 0.00000000 | 0.00000000 | 0.00000000 | 0.00000000 | 0.00000000 | 0.00000000 | 0.00000000 | 0.00000000 | 0.00000000
Load  53 | 0.00000000 | 0.00000000 | 0.00000000 | 0.00000000 | 0.00000000 | 0.00000000 | 0.00000000 | 0.00000000 | 0.00000000 | 0.00000000 | 0.00000000 | 0.00000000 | 0.00000000 | 0.00000000 | 0.00000000 | 0.00000000 | 0.00000000 | 0.00000000 | 0.00000000 | 0.00000000 | 0.00000000 | 0.00000000
Load  54 | 0.00000000 | 0.00000000 | 0.00000000 | 0.00000000 | 0.00000000 | 0.00000000 | 0.00000000 | 0.00000000 | 0.00000000 | 0.00000000 | 0.00000000 | 0.00000000 | 0.00000000 | 0.00000000 | 0.00000000 | 0.00000000 | 0.00000000 | 0.00000000 | 0.00000000 | 0.00000000 | 0.00000000 | 0.00000000
Load  55 | 0.00000000 | 0.00000000 | 0.00000000 | 0.00000000 | 0.00000000 | 0.00000000 | 0.00000000 | 0.00000000 | 0.00000000 | 0.00000000 | 0.00000000 | 0.00000000 | 0.00000000 | 0.00000000 | 0.00000000 | 0.00000000 | 0.00000000 | 0.00000000 | 0.00000000 | 0.00000000 | 0.00000000 | 0.00000000
Load  56 | 0.00000000 | 0.00000000 | 0.00000000 | 0.00000000 | 0.00000000 | 0.00000000 | 0.00000000 | 0.00000000 | 0.00000000 | 0.00000000 | 0.00000000 | 0.00000000 | 0.00000000 | 0.00000000 | 0.00000000 | 0.00000000 | 0.00000000 | 0.00000000 | 0.00000000 | 0.00000000 | 0.00000000 | 0.00000000
Load  57 | 0.00000000 | 0.00000000 | 0.00000000 | 0.00000000 | 0.00000000 | 0.00000000 | 0.00000000 | 0.00000000 | 0.00000000 | 0.00000000 | 0.00000000 | 0.00000000 | 0.00000000 | 0.00000000 | 0.00000000 | 0.00000000 | 0.00000000 | 0.00000000 | 0.00000000 | 0.00000000 | 0.00000000 | 0.00000000
Load  58 | 0.00000000 | 0.00000000 | 0.00000000 | 0.00000000 | 0.00000000 | 0.00000000 | 0.00000000 | 0.00000000 | 0.00000000 | 0.00000000 | 0.00000000 | 0.00000000 | 0.00000000 | 0.00000000 | 0.00000000 | 0.00000000 | 0.00000000 | 0.00000000 | 0.00000000 | 0.00000000 | 0.00000000 | 0.00000000
Load  59 | 0.00000000 | 0.00000000 | 0.00000000 | 0.00000000 | 0.00000000 | 0.00000000 | 0.00000000 | 0.00000000 | 0.00000000 | 0.00000000 | 0.00000000 | 0.00000000 | 0.00000000 | 0.00000000 | 0.00000000 | 0.00000000 | 0.00000000 | 0.00000000 | 0.00000000 | 0.00000000 | 0.00000000 | 0.00000000
Load  60 | 0.00000000 | 0.00000000 | 0.00000000 | 0.00000000 | 0.00000000 | 0.00000000 | 0.00000000 | 0.00000000 | 0.00000000 | 0.00000000 | 0.00000000 | 0.00000000 | 0.00000000 | 0.00000000 | 0.00000000 | 0.00000000 | 0.00000000 | 0.00000000 | 0.00000000 | 0.00000000 | 0.00000000 | 0.00000000
Load  61 | 0.00000000 | 0.00000000 | 0.00000000 | 0.00000000 | 0.00000000 | 0.00000000 | 0.00000000 | 0.00000000 | 0.00000000 | 0.00000000 | 0.00000000 | 0.00000000 | 0.00000000 | 0.00000000 | 0.00000000 | 0.00000000 | 0.00000000 | 0.00000000 | 0.00000000 | 0.00000000 | 0.00000000 | 0.00000000
Load  62 | 0.00000000 | 0.00000000 | 0.00000000 | 0.00000000 | 0.00000000 | 0.00000000 | 0.00000000 | 0.00000000 | 0.00000000 | 0.00000000 | 0.00000000 | 0.00000000 | 0.00000000 | 0.00077942 | 0.00000000 | 0.00000000 | 0.00000000 | 0.00000000 | 0.00000000 | 0.00000000 | 0.00003897 | 0.00016987
Load  63 | 0.00000000 | 0.00000000 | 0.00000000 | 0.00000000 | 0.00000000 | 0.00000000 | 0.00000000 | 0.00000000 | 0.00000000 | 0.00000000 | 0.00000000 | 0.00000000 | 0.00000000 | 0.00000000 | 0.00000000 | 0.00000000 | 0.00000000 | 0.00000000 | 0.00000000 | 0.00000000 | 0.00000000 | 0.00000000
Load  64 | 0.00000000 | 0.00000000 | 0.00000000 | 0.00000000 | 0.00000000 | 0.00000000 | 0.00000000 | 0.00000000 | 0.00000000 | 0.00000000 | 0.00000000 | 0.00000000 | 0.00000000 | 0.00000000 | 0.00000000 | 0.00000000 | 0.00000000 | 0.00000000 | 0.00000000 | 0.00000000 | 0.00000000 | 0.00000000
Load  65 | 0.00000000 | 0.00078431 | 0.00000000 | 0.00000000 | 0.00000000 | 0.00000000 | 0.00000000 | 0.00000000 | 0.00000000 | 0.00000000 | 0.00000000 | 0.00000000 | 0.00000000 | 0.00000000 | 0.00000000 | 0.00157109 | 0.00000000 | 0.00075245 | 0.00000000 | 0.00000000 | 0.00015539 | 0.00039791
Load  66 | 0.00000000 | 0.00000000 | 0.00000000 | 0.00000000 | 0.00000000 | 0.00000000 | 0.00000000 | 0.00000000 | 0.00000000 | 0.00000000 | 0.00000000 | 0.00000000 | 0.00000000 | 0.00000000 | 0.00073746 | 0.00000000 | 0.00000000 | 0.00000000 | 0.00000000 | 0.00000000 | 0.00003687 | 0.00016073
Load  67 | 0.00000000 | 0.00000000 | 0.00355619 | 0.00000000 | 0.00000000 | 0.00000000 | 0.00594796 | 0.00147601 | 0.00000000 | 0.00000000 | 0.00000000 | 0.00000000 | 0.00000000 | 0.00000000 | 0.00000000 | 0.00000000 | 0.00000000 | 0.00000000 | 0.00000000 | 0.00000000 | 0.00054901 | 0.00148619
Load  68 | 0.00216606 | 0.00000000 | 0.00000000 | 0.00000000 | 0.00000000 | 0.00000000 | 0.00000000 | 0.00075643 | 0.00000000 | 0.00000000 | 0.00000000 | 0.00073421 | 0.00000000 | 0.00000000 | 0.00000000 | 0.00000000 | 0.00000000 | 0.00000000 | 0.00000000 | 0.00000000 | 0.00018284 | 0.00050668
Load  69 | 0.00000000 | 0.00000000 | 0.00000000 | 0.00293470 | 0.00072098 | 0.00000000 | 0.00000000 | 0.00000000 | 0.00000000 | 0.00073099 | 0.00000000 | 0.00000000 | 0.00000000 | 0.00000000 | 0.00000000 | 0.00000000 | 0.00000000 | 0.00290909 | 0.00210970 | 0.00000000 | 0.00047027 | 0.00095282
Load  70 | 0.00000000 | 0.00000000 | 0.00068871 | 0.00075529 | 0.00000000 | 0.00069638 | 0.00140252 | 0.00000000 | 0.00000000 | 0.00000000 | 0.00000000 | 0.00203666 | 0.00000000 | 0.00000000 | 0.00070822 | 0.00357654 | 0.00074129 | 0.00000000 | 0.00000000 | 0.00151057 | 0.00060581 | 0.00090635
Load  71 | 0.00000000 | 0.00000000 | 0.00504323 | 0.00000000 | 0.00135593 | 0.00000000 | 0.00199071 | 0.00000000 | 0.00000000 | 0.00067385 | 0.00000000 | 0.00000000 | 0.00000000 | 0.00000000 | 0.00143678 | 0.00069444 | 0.00000000 | 0.00000000 | 0.00000000 | 0.00000000 | 0.00055975 | 0.00118258
Load  72 | 0.00000000 | 0.00000000 | 0.00000000 | 0.00000000 | 0.00000000 | 0.00000000 | 0.00000000 | 0.00216920 | 0.00212164 | 0.00000000 | 0.00203390 | 0.00068493 | 0.00267738 | 0.00000000 | 0.00000000 | 0.00000000 | 0.00134499 | 0.00000000 | 0.00210084 | 0.00000000 | 0.00065664 | 0.00096384
Load  73 | 0.00135870 | 0.00000000 | 0.00203943 | 0.00068776 | 0.00000000 | 0.00069109 | 0.00000000 | 0.00351370 | 0.00550206 | 0.00000000 | 0.00000000 | 0.00000000 | 0.00282087 | 0.00136054 | 0.00129618 | 0.00261952 | 0.00067705 | 0.00139567 | 0.00000000 | 0.00266667 | 0.00133146 | 0.00144891
Load  74 | 0.00134409 | 0.00000000 | 0.00350385 | 0.00000000 | 0.00216294 | 0.00065062 | 0.00000000 | 0.00134228 | 0.00206186 | 0.00064683 | 0.00344828 | 0.00000000 | 0.00266845 | 0.00210379 | 0.00133779 | 0.00000000 | 0.00069444 | 0.00197498 | 0.00069109 | 0.00557491 | 0.00151031 | 0.00143532
Load  75 | 0.00131234 | 0.00330251 | 0.00000000 | 0.00327654 | 0.00000000 | 0.00000000 | 0.00000000 | 0.00000000 | 0.00588235 | 0.00000000 | 0.00130976 | 0.00415512 | 0.00000000 | 0.00064267 | 0.00387097 | 0.00067114 | 0.00443881 | 0.00130890 | 0.00255918 | 0.00262640 | 0.00176783 | 0.00180491
Load  76 | 0.00200133 | 0.00197759 | 0.00068166 | 0.00262640 | 0.00320513 | 0.00270636 | 0.00069638 | 0.00476839 | 0.00130804 | 0.00132802 | 0.00195440 | 0.00460829 | 0.00000000 | 0.00128783 | 0.00560050 | 0.00000000 | 0.00332226 | 0.00065147 | 0.00650195 | 0.00137741 | 0.00233017 | 0.00179852
Load  77 | 0.00390625 | 0.00126183 | 0.00195822 | 0.00830671 | 0.00265428 | 0.00516462 | 0.00443599 | 0.00762389 | 0.00375940 | 0.00264550 | 0.00000000 | 0.00262123 | 0.00255591 | 0.00254453 | 0.00330907 | 0.00866667 | 0.00460224 | 0.00258732 | 0.00131148 | 0.00447857 | 0.00371969 | 0.00224955
Load  78 | 0.00315060 | 0.00064935 | 0.00444444 | 0.00799467 | 0.00313283 | 0.00394737 | 0.00264901 | 0.00325309 | 0.00361011 | 0.00788436 | 0.00191939 | 0.00065574 | 0.00780742 | 0.00648929 | 0.00066269 | 0.00130634 | 0.00445860 | 0.00193924 | 0.00652316 | 0.00065020 | 0.00365639 | 0.00245728
Load  79 | 0.00728597 | 0.00658762 | 0.00187266 | 0.00375000 | 0.01003764 | 0.00561798 | 0.00693132 | 0.00495356 | 0.00059988 | 0.01119157 | 0.00759013 | 0.01234568 | 0.00386349 | 0.00656168 | 0.00063331 | 0.00836013 | 0.00000000 | 0.00457816 | 0.01158537 | 0.00319081 | 0.00587685 | 0.00358800
Load  80 | 0.00231750 | 0.00505051 | 0.00443881 | 0.00564617 | 0.01057872 | 0.00832342 | 0.01379310 | 0.00741656 | 0.00484262 | 0.00364078 | 0.01214058 | 0.00313480 | 0.01289926 | 0.01254705 | 0.01582471 | 0.00360577 | 0.00853659 | 0.00796081 | 0.00816583 | 0.01010101 | 0.00804823 | 0.00387010
Load  81 | 0.01040392 | 0.00124844 | 0.00744417 | 0.01258993 | 0.00802469 | 0.00853138 | 0.01553760 | 0.01132976 | 0.01049869 | 0.00317058 | 0.01309227 | 0.00866873 | 0.00903070 | 0.00547778 | 0.00990099 | 0.00988264 | 0.01225490 | 0.00994406 | 0.00239664 | 0.00687071 | 0.00881493 | 0.00355476
Load  82 | 0.01365611 | 0.01340646 | 0.00708383 | 0.00766058 | 0.00647059 | 0.00733496 | 0.01122195 | 0.01176471 | 0.00493827 | 0.00939850 | 0.01228501 | 0.01119403 | 0.00923077 | 0.00676091 | 0.00617284 | 0.00806952 | 0.01358535 | 0.01364985 | 0.00628536 | 0.00946746 | 0.00948185 | 0.00282923
Load  83 | 0.01920694 | 0.01305970 | 0.02188940 | 0.01241869 | 0.01027190 | 0.01523461 | 0.00786449 | 0.01147447 | 0.01225490 | 0.01766562 | 0.01137725 | 0.01628468 | 0.01688555 | 0.01500600 | 0.00723764 | 0.01540217 | 0.00613497 | 0.01448401 | 0.01093211 | 0.00988264 | 0.01324839 | 0.00396837
Load  84 | 0.00809717 | 0.01637427 | 0.00974212 | 0.02956522 | 0.01144578 | 0.01083032 | 0.00883392 | 0.00760234 | 0.01420959 | 0.01353737 | 0.01594533 | 0.01177856 | 0.01150818 | 0.01545507 | 0.02121212 | 0.02188940 | 0.01371429 | 0.01119623 | 0.01265823 | 0.01709906 | 0.01413473 | 0.00517504
Load  85 | 0.00701344 | 0.01553166 | 0.02054381 | 0.01071429 | 0.01591043 | 0.01189768 | 0.02207637 | 0.01547988 | 0.01352182 | 0.01122965 | 0.00867948 | 0.01691949 | 0.02227433 | 0.03779070 | 0.01264299 | 0.01591981 | 0.01461632 | 0.01138406 | 0.01374570 | 0.01732378 | 0.01576078 | 0.00640825
Load  86 | 0.00520231 | 0.01787843 | 0.01713307 | 0.01892371 | 0.01044084 | 0.01271956 | 0.01776791 | 0.02024291 | 0.01000589 | 0.03419283 | 0.01935117 | 0.01924198 | 0.01779564 | 0.01468097 | 0.02974828 | 0.02835204 | 0.02115159 | 0.02198422 | 0.04310345 | 0.01047120 | 0.01951940 | 0.00868256
Load  87 | 0.01546961 | 0.01720183 | 0.02922268 | 0.03442532 | 0.01445922 | 0.03781038 | 0.01470588 | 0.01989468 | 0.01695906 | 0.02055968 | 0.02098695 | 0.01720183 | 0.02389078 | 0.02710496 | 0.02040816 | 0.02992660 | 0.02463343 | 0.02332196 | 0.02126437 | 0.02826855 | 0.02288580 | 0.00638769
Load  88 | 0.02064732 | 0.03756614 | 0.02122905 | 0.02372685 | 0.03785311 | 0.01524927 | 0.02055968 | 0.02723059 | 0.02861953 | 0.02997738 | 0.04114098 | 0.03140774 | 0.01829617 | 0.04558088 | 0.01683502 | 0.02385009 | 0.02987698 | 0.03424658 | 0.02946176 | 0.04639463 | 0.02898749 | 0.00900709
Load  89 | 0.03145020 | 0.03271292 | 0.04211663 | 0.03109656 | 0.02569832 | 0.02757456 | 0.02727273 | 0.02562609 | 0.02019069 | 0.03565460 | 0.03597122 | 0.02356902 | 0.02374223 | 0.04849885 | 0.03721949 | 0.02334852 | 0.03995368 | 0.02210588 | 0.02011494 | 0.04656319 | 0.03102402 | 0.00837809
Load  90 | 0.03215434 | 0.03016760 | 0.03201830 | 0.03997748 | 0.03128492 | 0.03472222 | 0.02630106 | 0.04567969 | 0.03448276 | 0.03908431 | 0.03171132 | 0.02811466 | 0.04087193 | 0.03200000 | 0.04057810 | 0.02863688 | 0.02836485 | 0.04805616 | 0.03185063 | 0.02101079 | 0.03385340 | 0.00652989
Load  91 | 0.04640884 | 0.02079820 | 0.05248465 | 0.05245721 | 0.03567447 | 0.01957398 | 0.05402542 | 0.03891509 | 0.03963084 | 0.03993435 | 0.03345926 | 0.03313417 | 0.03583062 | 0.02231121 | 0.03045685 | 0.04419890 | 0.02907296 | 0.02556976 | 0.02600996 | 0.02867764 | 0.03543122 | 0.01029021
Load  92 | 0.04849763 | 0.04844655 | 0.04034427 | 0.04648589 | 0.05955604 | 0.04980843 | 0.04072883 | 0.04915433 | 0.03719447 | 0.04989270 | 0.03304442 | 0.02911051 | 0.03973510 | 0.03509781 | 0.04286489 | 0.05334785 | 0.04321608 | 0.03257329 | 0.05431472 | 0.05437100 | 0.04438924 | 0.00813485
Load  93 | 0.04059243 | 0.03479237 | 0.05271829 | 0.05480195 | 0.06052345 | 0.05721925 | 0.03622047 | 0.04126625 | 0.06355042 | 0.05334052 | 0.06473684 | 0.06279683 | 0.03165939 | 0.04775772 | 0.03091106 | 0.04125413 | 0.03250689 | 0.03164557 | 0.03635377 | 0.04291146 | 0.04587795 | 0.01156884
Load  94 | 0.05066667 | 0.04703367 | 0.05005160 | 0.04235045 | 0.04598930 | 0.07512953 | 0.06630435 | 0.05049453 | 0.04927386 | 0.05260213 | 0.04783951 | 0.05765199 | 0.06157113 | 0.04815409 | 0.04277206 | 0.05594033 | 0.06047745 | 0.05637513 | 0.05611972 | 0.04594734 | 0.05313724 | 0.00801316
Load  95 | 0.04226069 | 0.04813665 | 0.05703625 | 0.04397394 | 0.03210526 | 0.06586513 | 0.03830010 | 0.03877551 | 0.04670913 | 0.05706941 | 0.05784263 | 0.05645583 | 0.05788934 | 0.04881974 | 0.06380807 | 0.05379588 | 0.05909558 | 0.04352227 | 0.04937630 | 0.04364023 | 0.05022390 | 0.00889160
Load  96 | 0.07583965 | 0.03365385 | 0.03585657 | 0.06731260 | 0.05292621 | 0.04843750 | 0.06095638 | 0.06132793 | 0.07439271 | 0.05260333 | 0.05733130 | 0.06262834 | 0.05929487 | 0.06048387 | 0.05613306 | 0.07470974 | 0.05455481 | 0.05982437 | 0.07240294 | 0.07256004 | 0.05966150 | 0.01143401
Load  97 | 0.06960441 | 0.06151420 | 0.06653226 | 0.06419258 | 0.06463104 | 0.04861474 | 0.06972010 | 0.05029116 | 0.06339904 | 0.04967603 | 0.05823187 | 0.06543967 | 0.06177215 | 0.06726222 | 0.06820513 | 0.06583722 | 0.05520505 | 0.07272727 | 0.05630970 | 0.05038560 | 0.06147757 | 0.00724602
Load  98 | 0.07416880 | 0.08012018 | 0.06714505 | 0.07447917 | 0.06938559 | 0.07418856 | 0.06289641 | 0.04526535 | 0.06785902 | 0.07403751 | 0.06423433 | 0.09217302 | 0.07443683 | 0.07819549 | 0.06224696 | 0.07898813 | 0.07005076 | 0.05968639 | 0.08051690 | 0.09011329 | 0.07200939 | 0.01035008
Load  99 | 0.06458227 | 0.09856263 | 0.09072978 | 0.09200603 | 0.08558559 | 0.06259389 | 0.08382643 | 0.08849105 | 0.07512690 | 0.08618052 | 0.07534930 | 0.08998989 | 0.08558559 | 0.06754032 | 0.08124077 | 0.07603223 | 0.09145129 | 0.06166495 | 0.06763788 | 0.07540486 | 0.07997911 | 0.01070232
Load 100 | 0.09413504 | 0.08691453 | 0.08295852 | 0.07034685 | 0.07818089 | 0.07185629 | 0.09545005 | 0.08258258 | 0.08811881 | 0.07586207 | 0.09026007 | 0.09896373 | 0.09116945 | 0.08652482 | 0.07644628 | 0.09021407 | 0.05469142 | 0.07244948 | 0.09198672 | 0.09950249 | 0.08393071 | 0.01097570
Load 101 | 0.06327801 | 0.07807653 | 0.11234818 | 0.07450583 | 0.07487437 | 0.09293320 | 0.09731877 | 0.08422121 | 0.09063595 | 0.07420147 | 0.08601634 | 0.08362369 | 0.09384164 | 0.07927461 | 0.08757734 | 0.08893185 | 0.08299389 | 0.09801930 | 0.07078313 | 0.09923298 | 0.08563442 | 0.01129199
Load 102 | 0.10192974 | 0.08711721 | 0.10099010 | 0.09981168 | 0.08490566 | 0.08006042 | 0.08832487 | 0.10038425 | 0.10129096 | 0.08534233 | 0.08627451 | 0.10364683 | 0.09558117 | 0.11062378 | 0.10926829 | 0.08875740 | 0.09685598 | 0.12594458 | 0.11122096 | 0.09484029 | 0.09765855 | 0.01100311
Load 103 | 0.09509358 | 0.10960888 | 0.09995124 | 0.10307235 | 0.10014656 | 0.10976789 | 0.07953443 | 0.09298999 | 0.11254173 | 0.09296606 | 0.10661402 | 0.09458128 | 0.09930830 | 0.08812074 | 0.12241959 | 0.10286001 | 0.11910434 | 0.07337630 | 0.10364146 | 0.10451306 | 0.10051059 | 0.01166996
Load 104 | 0.11562351 | 0.12433478 | 0.09976134 | 0.09620991 | 0.10627781 | 0.10699398 | 0.12103746 | 0.12107843 | 0.10516252 | 0.10251355 | 0.10841655 | 0.11816908 | 0.13609756 | 0.10810811 | 0.10745402 | 0.12236084 | 0.10104862 | 0.10521189 | 0.10534125 | 0.09286413 | 0.11020327 | 0.01051130
Load 105 | 0.11712135 | 0.11828979 | 0.10790345 | 0.09178280 | 0.10783848 | 0.11883086 | 0.11367925 | 0.12054409 | 0.12977099 | 0.13277623 | 0.12536729 | 0.12787489 | 0.10414658 | 0.10951009 | 0.11350575 | 0.11410985 | 0.09031352 | 0.09099617 | 0.10702341 | 0.10684161 | 0.11241132 | 0.01192333
Load 106 | 0.12963791 | 0.12057728 | 0.11770245 | 0.12102515 | 0.10898662 | 0.11607143 | 0.12076372 | 0.10513909 | 0.10569106 | 0.11843318 | 0.12746513 | 0.12087379 | 0.11919287 | 0.10753198 | 0.11251212 | 0.13162879 | 0.11234330 | 0.09403781 | 0.10994264 | 0.10699001 | 0.11532732 | 0.00904211
Load 107 | 0.11069594 | 0.13680332 | 0.12784349 | 0.12143514 | 0.11852207 | 0.12536023 | 0.11318052 | 0.12732475 | 0.11661268 | 0.12050444 | 0.13095238 | 0.11209715 | 0.13601896 | 0.10707269 | 0.11677078 | 0.13276328 | 0.12090909 | 0.11600379 | 0.12303290 | 0.12707182 | 0.12204877 | 0.00820614
Load 108 | 0.13049579 | 0.11476952 | 0.12181818 | 0.10780018 | 0.13348946 | 0.11896466 | 0.13851653 | 0.11500237 | 0.12851221 | 0.13834173 | 0.10295520 | 0.11690821 | 0.10695693 | 0.10541311 | 0.13783404 | 0.12476723 | 0.12806288 | 0.11111111 | 0.14607797 | 0.14124294 | 0.12345201 | 0.01286506
Load 109 | 0.14135887 | 0.14147910 | 0.14260090 | 0.15622120 | 0.14743012 | 0.12237443 | 0.14524362 | 0.13300493 | 0.12405660 | 0.12907671 | 0.15299026 | 0.12826603 | 0.11653616 | 0.16203914 | 0.14500235 | 0.13930582 | 0.13638465 | 0.14832962 | 0.12118492 | 0.13112523 | 0.13820053 | 0.01205903
Load 110 | 0.14247069 | 0.14636406 | 0.12689394 | 0.13538874 | 0.14686248 | 0.13732553 | 0.12821670 | 0.13076923 | 0.13232104 | 0.13683224 | 0.14679715 | 0.13425926 | 0.15693431 | 0.12616387 | 0.13534884 | 0.13672422 | 0.14182475 | 0.13636364 | 0.13966225 | 0.15651782 | 0.13870204 | 0.00846310
Load 111 | 0.14876801 | 0.16203091 | 0.13429473 | 0.14518318 | 0.13385107 | 0.15739051 | 0.17393258 | 0.14378479 | 0.15933302 | 0.14917883 | 0.13533152 | 0.16081331 | 0.16601307 | 0.16674038 | 0.13883588 | 0.12645281 | 0.15685413 | 0.15163751 | 0.15192744 | 0.14693690 | 0.15046453 | 0.01232275
Load 112 | 0.14816473 | 0.15739484 | 0.17743363 | 0.16674077 | 0.13861386 | 0.16794930 | 0.13591398 | 0.16025351 | 0.14633006 | 0.17077389 | 0.16430853 | 0.13606047 | 0.16510067 | 0.17097764 | 0.17232261 | 0.13677130 | 0.13810392 | 0.15146067 | 0.14651368 | 0.15656345 | 0.15538758 | 0.01350944
Load 113 | 0.17300885 | 0.16398570 | 0.17347387 | 0.16291161 | 0.14485166 | 0.16491689 | 0.16170591 | 0.13925152 | 0.17668002 | 0.16126085 | 0.15350684 | 0.15738162 | 0.15895197 | 0.16726944 | 0.14079580 | 0.15706806 | 0.15889543 | 0.15508254 | 0.15501114 | 0.16835165 | 0.15971807 | 0.00985093
Load 114 | 0.18517001 | 0.14829571 | 0.17393162 | 0.15858844 | 0.15242494 | 0.18364726 | 0.16989691 | 0.14316988 | 0.18233494 | 0.16798942 | 0.15033557 | 0.13560071 | 0.12089888 | 0.16310510 | 0.17415730 | 0.14523381 | 0.16702633 | 0.16937253 | 0.15869565 | 0.16538287 | 0.16076289 | 0.01632337
Load 115 | 0.15277778 | 0.17687962 | 0.17352567 | 0.15289608 | 0.15998237 | 0.17040552 | 0.16105877 | 0.15048119 | 0.17534943 | 0.15550661 | 0.17286085 | 0.18274979 | 0.18425461 | 0.16804889 | 0.18742031 | 0.19694397 | 0.17546174 | 0.17189514 | 0.17912428 | 0.16514559 | 0.17063841 | 0.01222355
Load 116 | 0.18321918 | 0.17097764 | 0.19991327 | 0.18256722 | 0.20169492 | 0.15833683 | 0.17112527 | 0.17159241 | 0.16637090 | 0.14195298 | 0.17929840 | 0.16316710 | 0.14069082 | 0.16746204 | 0.16277056 | 0.18804538 | 0.17855635 | 0.17168675 | 0.18827160 | 0.19068350 | 0.17391916 | 0.01593688
Load 117 | 0.17736486 | 0.19750966 | 0.15627598 | 0.17932218 | 0.18079332 | 0.16370896 | 0.18201851 | 0.18937745 | 0.18193438 | 0.20861204 | 0.18515245 | 0.19110169 | 0.18861365 | 0.18787361 | 0.17059580 | 0.19741774 | 0.19411263 | 0.17559524 | 0.18253968 | 0.19608696 | 0.18430034 | 0.01193524
Load 118 | 0.19153484 | 0.20256410 | 0.19832285 | 0.17878529 | 0.20610687 | 0.18335446 | 0.19318672 | 0.16450398 | 0.20109152 | 0.20202840 | 0.18036913 | 0.18507712 | 0.19508058 | 0.19558761 | 0.17755015 | 0.18404653 | 0.17669492 | 0.18329764 | 0.17054592 | 0.15968925 | 0.18647089 | 0.01269109
Load 119 | 0.17057837 | 0.17779599 | 0.17885499 | 0.19822109 | 0.20058997 | 0.18823020 | 0.20694143 | 0.19450408 | 0.20154096 | 0.17761763 | 0.19712526 | 0.20640270 | 0.22208122 | 0.17391304 | 0.20399667 | 0.18604651 | 0.20814664 | 0.20319060 | 0.19397993 | 0.19158684 | 0.19406721 | 0.01310951
Load 120 | 0.18744805 | 0.22099221 | 0.21308104 | 0.22299509 | 0.19858451 | 0.18166238 | 0.20102433 | 0.21166033 | 0.21133806 | 0.18715203 | 0.19527897 | 0.18833119 | 0.17094017 | 0.22672234 | 0.19833333 | 0.20419926 | 0.20320405 | 0.17607128 | 0.19681503 | 0.18845994 | 0.19921468 | 0.01503042
Load 121 | 0.20532003 | 0.19419460 | 0.22084665 | 0.18968386 | 0.21184698 | 0.18898623 | 0.20826377 | 0.20404791 | 0.20533881 | 0.20386785 | 0.21132713 | 0.19842910 | 0.21621622 | 0.20298507 | 0.19730942 | 0.19623234 | 0.19028175 | 0.21232033 | 0.21242485 | 0.20746207 | 0.20386925 | 0.00887062
Load 122 | 0.19322459 | 0.20717300 | 0.20969089 | 0.21050489 | 0.21084829 | 0.22367347 | 0.19401148 | 0.21469156 | 0.22388681 | 0.21257485 | 0.20417349 | 0.20598147 | 0.20661494 | 0.20462850 | 0.19280517 | 0.19612691 | 0.21020408 | 0.19330544 | 0.21276596 | 0.20084034 | 0.20638631 | 0.00906150
Load 123 | 0.19838057 | 0.19899875 | 0.24041534 | 0.21539722 | 0.22459893 | 0.21621622 | 0.20862423 | 0.22969188 | 0.20961924 | 0.20858164 | 0.22683320 | 0.22120000 | 0.20920840 | 0.23325262 | 0.24314660 | 0.23067729 | 0.21440536 | 0.20685332 | 0.21843854 | 0.23116371 | 0.21928515 | 0.01255855
Load 124 | 0.20975200 | 0.21241830 | 0.20957159 | 0.22946176 | 0.19838710 | 0.19839357 | 0.22780083 | 0.21869919 | 0.22941647 | 0.25470155 | 0.20225624 | 0.22079486 | 0.20770791 | 0.23389021 | 0.21607843 | 0.20967742 | 0.22374245 | 0.22700119 | 0.22844480 | 0.21422862 | 0.21862123 | 0.01334394
Load 125 | 0.22022838 | 0.24882629 | 0.23346774 | 0.23488844 | 0.22917513 | 0.23803828 | 0.20891924 | 0.23682109 | 0.23098592 | 0.21255463 | 0.22031122 | 0.20761986 | 0.22395833 | 0.19177524 | 0.22444089 | 0.23492314 | 0.22283248 | 0.21896073 | 0.22186495 | 0.23045768 | 0.22455248 | 0.01253197
Load 126 | 0.23033932 | 0.22380388 | 0.20065520 | 0.23385479 | 0.22402213 | 0.20608243 | 0.23529412 | 0.23212851 | 0.23826571 | 0.23360817 | 0.22299795 | 0.22513922 | 0.24504362 | 0.23875296 | 0.20951993 | 0.24071146 | 0.22455446 | 0.21405878 | 0.23328088 | 0.24921260 | 0.22806631 | 0.01251958
Load 127 | 0.21871299 | 0.24808576 | 0.25941915 | 0.22496025 | 0.26260667 | 0.25620155 | 0.23183254 | 0.23493485 | 0.22692151 | 0.23192308 | 0.24720447 | 0.23506134 | 0.22619048 | 0.22249691 | 0.23550725 | 0.23219205 | 0.25499058 | 0.25134719 | 0.24293564 | 0.24539396 | 0.23944591 | 0.01277413
Load 128 | 0.24244833 | 0.23936382 | 0.23709740 | 0.23533951 | 0.22736031 | 0.25340909 | 0.23798172 | 0.24838342 | 0.23848556 | 0.23529412 | 0.23581974 | 0.24073352 | 0.26437216 | 0.23585657 | 0.25068654 | 0.23641928 | 0.23097826 | 0.24731183 | 0.25321888 | 0.24191063 | 0.24162353 | 0.00863608
Load 129 | 0.26041667 | 0.23419650 | 0.24835844 | 0.24322231 | 0.26929012 | 0.25407292 | 0.24379845 | 0.26907021 | 0.23216397 | 0.23809524 | 0.23036844 | 0.21083628 | 0.25561905 | 0.23657188 | 0.24493769 | 0.24411878 | 0.24931507 | 0.25658153 | 0.26651481 | 0.24687618 | 0.24672123 | 0.01407150
Load 130 | 0.24359480 | 0.28371922 | 0.27670103 | 0.26031746 | 0.25892857 | 0.24132614 | 0.24492920 | 0.24341085 | 0.25667828 | 0.24856816 | 0.24136622 | 0.25018954 | 0.25744105 | 0.26513081 | 0.23158307 | 0.26603416 | 0.26848692 | 0.26245721 | 0.26442852 | 0.27595220 | 0.25706217 | 0.01342474
Load 131 | 0.26403013 | 0.26477541 | 0.24952015 | 0.24390244 | 0.25588459 | 0.25594564 | 0.24842271 | 0.27054795 | 0.26319816 | 0.25823552 | 0.26343881 | 0.26355997 | 0.26419379 | 0.27414449 | 0.28286385 | 0.22856034 | 0.26025836 | 0.25127003 | 0.25907140 | 0.27695167 | 0.25993877 | 0.01186971
Load 132 | 0.27852853 | 0.25142640 | 0.25977011 | 0.24341854 | 0.26163234 | 0.28794382 | 0.26465028 | 0.25322214 | 0.27498122 | 0.26887160 | 0.25704622 | 0.25434867 | 0.25696012 | 0.25298063 | 0.25125241 | 0.26810770 | 0.26542722 | 0.25754681 | 0.26516597 | 0.27135493 | 0.26223178 | 0.01043778
Load 133 | 0.26505576 | 0.27314994 | 0.27008361 | 0.25380899 | 0.25784239 | 0.27066818 | 0.26385321 | 0.25256752 | 0.25908917 | 0.28587278 | 0.26275992 | 0.25057648 | 0.26022853 | 0.27105666 | 0.27416918 | 0.27093955 | 0.26538887 | 0.26280374 | 0.25363670 | 0.24936201 | 0.26364566 | 0.00911367
Load 134 | 0.27004539 | 0.26643862 | 0.27165204 | 0.27544248 | 0.28189458 | 0.26253349 | 0.25913371 | 0.26833763 | 0.26240310 | 0.27445855 | 0.26490313 | 0.27697442 | 0.27118644 | 0.28963186 | 0.27499057 | 0.27810871 | 0.26937984 | 0.27864583 | 0.26967549 | 0.29614529 | 0.27309906 | 0.00883042
Load 135 | 0.31203840 | 0.28103131 | 0.27641682 | 0.25693923 | 0.27998472 | 0.26933233 | 0.27357436 | 0.25827815 | 0.27490775 | 0.29860863 | 0.27777778 | 0.29398664 | 0.28180113 | 0.28802351 | 0.27214055 | 0.28634686 | 0.27136596 | 0.26860465 | 0.26015038 | 0.28173719 | 0.27815232 | 0.01318083
Load 136 | 0.28134328 | 0.26363636 | 0.26532084 | 0.27908637 | 0.27823485 | 0.28209831 | 0.29645856 | 0.26363636 | 0.26794438 | 0.27127462 | 0.26972953 | 0.28014706 | 0.28566080 | 0.27915726 | 0.27968923 | 0.28216944 | 0.28215176 | 0.28519594 | 0.27266028 | 0.30000000 | 0.27827976 | 0.00954700
Load 137 | 0.26597325 | 0.28315946 | 0.30875233 | 0.29059829 | 0.29648241 | 0.27814327 | 0.29070605 | 0.30911733 | 0.27184102 | 0.29362002 | 0.26674066 | 0.30216606 | 0.27641369 | 0.28603186 | 0.27983692 | 0.28980322 | 0.25244177 | 0.31370328 | 0.27982488 | 0.28248784 | 0.28589218 | 0.01525636
Load 138 | 0.29680851 | 0.28462654 | 0.28167502 | 0.29259394 | 0.31531532 | 0.28681601 | 0.28654124 | 0.30472727 | 0.28192070 | 0.28942684 | 0.29007366 | 0.27708703 | 0.29390018 | 0.28700801 | 0.31024426 | 0.29689704 | 0.30821918 | 0.29228070 | 0.29177238 | 0.28452464 | 0.29262292 | 0.00994411
Load 139 | 0.29534628 | 0.28096456 | 0.27469251 | 0.27532957 | 0.29392857 | 0.28824757 | 0.28384125 | 0.28172499 | 0.30288809 | 0.29456825 | 0.28566176 | 0.28908965 | 0.29936530 | 0.28662646 | 0.30797101 | 0.29867336 | 0.30043228 | 0.30347695 | 0.30492775 | 0.27944818 | 0.29136022 | 0.00994033
Load 140 | 0.30718271 | 0.31243505 | 0.29880909 | 0.27463010 | 0.31500692 | 0.29625706 | 0.32285503 | 0.30317064 | 0.30105263 | 0.31353135 | 0.29876274 | 0.30151997 | 0.29542203 | 0.30974729 | 0.27612994 | 0.31865465 | 0.30958146 | 0.28977066 | 0.31819833 | 0.28319539 | 0.30229565 | 0.01332160
Load 141 | 0.27567760 | 0.29943303 | 0.29805996 | 0.29882526 | 0.28986534 | 0.32205779 | 0.30788530 | 0.31091234 | 0.29903880 | 0.29724902 | 0.30799014 | 0.29335260 | 0.31125093 | 0.30927476 | 0.31385821 | 0.30656674 | 0.30879274 | 0.29889167 | 0.33946830 | 0.30561404 | 0.30470323 | 0.01256434
Load 142 | 0.33764871 | 0.31385281 | 0.32374350 | 0.32405425 | 0.30700855 | 0.31754875 | 0.32013652 | 0.31423290 | 0.32487839 | 0.31260794 | 0.31434316 | 0.30352113 | 0.29307910 | 0.30982980 | 0.31245791 | 0.30107527 | 0.30856737 | 0.33954961 | 0.32354997 | 0.31708160 | 0.31593836 | 0.01099328
Load 143 | 0.35880740 | 0.31657420 | 0.29405520 | 0.29595016 | 0.31500174 | 0.29823944 | 0.31534392 | 0.31086657 | 0.30509642 | 0.30997877 | 0.29989251 | 0.30590717 | 0.33389602 | 0.28955752 | 0.31191710 | 0.30926112 | 0.32585433 | 0.34960194 | 0.29554367 | 0.30300910 | 0.31221771 | 0.01758538
Load 144 | 0.34442134 | 0.31225154 | 0.33878107 | 0.32260372 | 0.31954255 | 0.32845971 | 0.32635135 | 0.35339610 | 0.31985816 | 0.30636651 | 0.32977257 | 0.30375783 | 0.30678261 | 0.31061377 | 0.32162726 | 0.33207676 | 0.31948424 | 0.31872792 | 0.34316976 | 0.32723507 | 0.32426399 | 0.01309065
Load 145 | 0.33158996 | 0.31476912 | 0.30879713 | 0.33366902 | 0.31138354 | 0.31695332 | 0.30369357 | 0.33946546 | 0.32134374 | 0.31174089 | 0.32928100 | 0.33134642 | 0.33645485 | 0.32530120 | 0.32247788 | 0.32416638 | 0.31453590 | 0.34115212 | 0.32542955 | 0.33265720 | 0.32381041 | 0.01045513
Load 146 | 0.30851431 | 0.32607968 | 0.34099358 | 0.32196453 | 0.31893351 | 0.32147838 | 0.31984786 | 0.32115782 | 0.33378700 | 0.32242340 | 0.33187036 | 0.32915361 | 0.31487179 | 0.34005376 | 0.35376416 | 0.32218739 | 0.32816712 | 0.32522276 | 0.31348392 | 0.33367698 | 0.32638159 | 0.01029822
Load 147 | 0.32431507 | 0.32789116 | 0.31963315 | 0.33310249 | 0.35367545 | 0.33902848 | 0.32699620 | 0.33534946 | 0.32975958 | 0.32430556 | 0.34201847 | 0.30034483 | 0.32249502 | 0.34140436 | 0.34930813 | 0.32756233 | 0.31870358 | 0.33652576 | 0.32411887 | 0.33232628 | 0.33044321 | 0.01153537
Load 148 | 0.34959350 | 0.32088059 | 0.32460733 | 0.33117304 | 0.35153923 | 0.32829151 | 0.32295311 | 0.35884692 | 0.35408432 | 0.32960705 | 0.33866754 | 0.33811966 | 0.32327437 | 0.33810316 | 0.33591123 | 0.33034826 | 0.35082305 | 0.34033898 | 0.34860884 | 0.34076326 | 0.33782675 | 0.01115993
Load 149 | 0.33432836 | 0.32539952 | 0.34238064 | 0.34462348 | 0.37043302 | 0.36336731 | 0.34018188 | 0.35278426 | 0.33849862 | 0.33151804 | 0.35038610 | 0.32880345 | 0.32666448 | 0.34896873 | 0.32411202 | 0.33567416 | 0.33940007 | 0.31515775 | 0.34998357 | 0.33989326 | 0.34012794 | 0.01315628
Load 150 | 0.34183322 | 0.34791319 | 0.33765371 | 0.33843085 | 0.35744962 | 0.34668418 | 0.35706985 | 0.34736139 | 0.33745406 | 0.35189076 | 0.35169492 | 0.35829759 | 0.35010060 | 0.34744094 | 0.36101083 | 0.33742128 | 0.36402359 | 0.35719155 | 0.34518272 | 0.34582624 | 0.34909655 | 0.00797548
Load 151 | 0.34772501 | 0.35754190 | 0.35637584 | 0.33000665 | 0.36025258 | 0.35351882 | 0.35663430 | 0.35643890 | 0.33795380 | 0.35177211 | 0.33874710 | 0.33287577 | 0.37786509 | 0.32810937 | 0.34914228 | 0.36210384 | 0.34475874 | 0.35152327 | 0.35811937 | 0.35550304 | 0.35034839 | 0.01183217
Load 152 | 0.34518272 | 0.36583770 | 0.35469651 | 0.37238220 | 0.34757545 | 0.36278012 | 0.35800852 | 0.32550447 | 0.34524196 | 0.35094090 | 0.35854617 | 0.35667324 | 0.34684537 | 0.37207813 | 0.33938594 | 0.33333333 | 0.34175532 | 0.34087883 | 0.36670959 | 0.35326797 | 0.35188122 | 0.01230781
Load 153 | 0.35718997 | 0.35983529 | 0.35520362 | 0.35292197 | 0.33685252 | 0.36547085 | 0.36200598 | 0.36124635 | 0.36246372 | 0.33764511 | 0.33411844 | 0.37174123 | 0.36635220 | 0.37146614 | 0.35311097 | 0.35038610 | 0.35773435 | 0.36399735 | 0.36776463 | 0.37184943 | 0.35796781 | 0.01099269
Load 154 | 0.39518459 | 0.36720997 | 0.38876476 | 0.35778927 | 0.38123816 | 0.36282895 | 0.36147327 | 0.36363636 | 0.34937839 | 0.37447496 | 0.35349902 | 0.35513111 | 0.36106701 | 0.36503772 | 0.35233824 | 0.36493342 | 0.36089744 | 0.37400699 | 0.35393624 | 0.35550533 | 0.36491656 | 0.01196889
Load 155 | 0.34195688 | 0.35338822 | 0.39212598 | 0.36284330 | 0.36460288 | 0.36842105 | 0.36641221 | 0.35652729 | 0.38548387 | 0.39139919 | 0.34938985 | 0.35908209 | 0.35928526 | 0.35957240 | 0.36868687 | 0.35796915 | 0.36270754 | 0.37014446 | 0.36276697 | 0.36131740 | 0.36470414 | 0.01237093
Load 156 | 0.35296031 | 0.36163318 | 0.36285714 | 0.36455696 | 0.38208863 | 0.37762670 | 0.37511871 | 0.36148100 | 0.36687357 | 0.38509510 | 0.35751295 | 0.36348738 | 0.33689666 | 0.36280288 | 0.36138773 | 0.35917867 | 0.36953686 | 0.36220987 | 0.38262243 | 0.37386399 | 0.36598954 | 0.01102823
Load 157 | 0.36187399 | 0.37683472 | 0.37848347 | 0.35305529 | 0.36180905 | 0.35403927 | 0.34629090 | 0.38476562 | 0.37464252 | 0.36913183 | 0.37900412 | 0.37673392 | 0.37668866 | 0.39112255 | 0.38528278 | 0.35471698 | 0.39452645 | 0.38549618 | 0.35935525 | 0.34974260 | 0.37067981 | 0.01420685
Load 158 | 0.38182953 | 0.36514914 | 0.36369407 | 0.36119403 | 0.37747288 | 0.35966332 | 0.36548870 | 0.38515228 | 0.37587524 | 0.37033553 | 0.35966016 | 0.36783082 | 0.38051412 | 0.37161947 | 0.37348649 | 0.36746411 | 0.36013072 | 0.39171081 | 0.36534181 | 0.38941103 | 0.37165121 | 0.00970602
Load 159 | 0.38003720 | 0.38724874 | 0.39349953 | 0.38936693 | 0.37832700 | 0.38403756 | 0.39160401 | 0.37268232 | 0.34296850 | 0.37082262 | 0.37958281 | 0.38343270 | 0.38319273 | 0.38420558 | 0.35862289 | 0.36810589 | 0.38538313 | 0.38093689 | 0.38241758 | 0.36369367 | 0.37800841 | 0.01192883
Load 160 | 0.37856690 | 0.39057134 | 0.39575531 | 0.39652449 | 0.36641462 | 0.40018570 | 0.38777372 | 0.40125984 | 0.38956959 | 0.38660978 | 0.38165774 | 0.39981067 | 0.41149068 | 0.38434278 | 0.39633768 | 0.37624378 | 0.38956681 | 0.38364383 | 0.37116564 | 0.37520026 | 0.38813456 | 0.01105447
Load 161 | 0.39815385 | 0.37484395 | 0.37978560 | 0.40114873 | 0.40455840 | 0.39729813 | 0.39748954 | 0.39195046 | 0.36954503 | 0.37087563 | 0.37480511 | 0.39192106 | 0.39961759 | 0.38708671 | 0.39025147 | 0.38857502 | 0.37556126 | 0.39225846 | 0.39069198 | 0.39084397 | 0.38836310 | 0.01032693
Load 162 | 0.38550453 | 0.37772168 | 0.38978328 | 0.37337058 | 0.38589467 | 0.37056962 | 0.38989395 | 0.39492199 | 0.39645693 | 0.36341314 | 0.38757764 | 0.39095267 | 0.39522947 | 0.39450382 | 0.38511831 | 0.38000621 | 0.40131974 | 0.39434889 | 0.38230793 | 0.39105793 | 0.38649765 | 0.00936711
Load 163 | 0.40709877 | 0.41428150 | 0.39823009 | 0.39500463 | 0.41255743 | 0.38873500 | 0.39614561 | 0.39034691 | 0.40122699 | 0.38748888 | 0.38707729 | 0.40194588 | 0.39756782 | 0.38776777 | 0.39867908 | 0.39650414 | 0.38107256 | 0.40727273 | 0.38391740 | 0.42206016 | 0.39774903 | 0.01055580
Load 164 | 0.39177157 | 0.39752322 | 0.38237993 | 0.43495204 | 0.39796529 | 0.40066425 | 0.41381400 | 0.39934387 | 0.39654641 | 0.39934191 | 0.38977926 | 0.39560770 | 0.39459957 | 0.38080495 | 0.39527657 | 0.39408100 | 0.38788427 | 0.40386941 | 0.40940196 | 0.39933394 | 0.39824706 | 0.01136225
Load 165 | 0.39744370 | 0.42297257 | 0.41241752 | 0.41994751 | 0.39848943 | 0.41100917 | 0.40629731 | 0.39775485 | 0.40425532 | 0.39776503 | 0.40714722 | 0.40101221 | 0.39658849 | 0.38843495 | 0.40976645 | 0.40115221 | 0.41479199 | 0.37436510 | 0.39542683 | 0.41205412 | 0.40345460 | 0.01089804
Load 166 | 0.42682198 | 0.41233083 | 0.39063963 | 0.40139775 | 0.41328194 | 0.39242788 | 0.40628672 | 0.41214351 | 0.40048397 | 0.41549506 | 0.40958084 | 0.40887713 | 0.42205438 | 0.40030030 | 0.42826812 | 0.41082707 | 0.41473812 | 0.39940209 | 0.38125960 | 0.39670165 | 0.40716593 | 0.01172207
Load 167 | 0.42538644 | 0.39820628 | 0.39402257 | 0.40682493 | 0.40018204 | 0.41599504 | 0.41151123 | 0.42054671 | 0.42202643 | 0.38328358 | 0.40402844 | 0.40528504 | 0.41943958 | 0.41047503 | 0.40110058 | 0.39664634 | 0.42175857 | 0.40877668 | 0.41666667 | 0.42970418 | 0.40959332 | 0.01166049
Load 168 | 0.40243549 | 0.41288783 | 0.39091452 | 0.41441176 | 0.40543844 | 0.41159077 | 0.42945874 | 0.40583090 | 0.40975320 | 0.40704739 | 0.42677071 | 0.41206949 | 0.40248062 | 0.42327404 | 0.41224367 | 0.43496174 | 0.41045214 | 0.40810247 | 0.40779523 | 0.39923843 | 0.41135788 | 0.01027479
Load 169 | 0.39572675 | 0.41831027 | 0.39873798 | 0.38972163 | 0.42369419 | 0.41969213 | 0.41561860 | 0.43777977 | 0.43264563 | 0.43878752 | 0.40760081 | 0.41578192 | 0.39285714 | 0.41079328 | 0.41608796 | 0.41159336 | 0.42795761 | 0.42382928 | 0.40992866 | 0.42323059 | 0.41551875 | 0.01358321
Load 170 | 0.41685846 | 0.39284641 | 0.41260578 | 0.42051590 | 0.41486880 | 0.42016558 | 0.43771527 | 0.42291790 | 0.40979381 | 0.40849195 | 0.43018868 | 0.40213207 | 0.43480775 | 0.42974963 | 0.41095489 | 0.43076016 | 0.42185218 | 0.42723280 | 0.41939287 | 0.41917404 | 0.41915125 | 0.01087384
Load 171 | 0.42956927 | 0.43160652 | 0.41477105 | 0.42120594 | 0.43851039 | 0.41977830 | 0.40890208 | 0.41948658 | 0.41319943 | 0.43156961 | 0.42056075 | 0.42394161 | 0.41147059 | 0.41807263 | 0.40978685 | 0.43053524 | 0.42515320 | 0.42184776 | 0.42012177 | 0.43110062 | 0.42205951 | 0.00799151
Load 172 | 0.43713105 | 0.42363112 | 0.42686567 | 0.40916955 | 0.42477091 | 0.42707151 | 0.41131633 | 0.43478261 | 0.41619156 | 0.43094743 | 0.42762590 | 0.42496372 | 0.42204770 | 0.42803899 | 0.42996556 | 0.42824601 | 0.42081982 | 0.43600805 | 0.42682927 | 0.41398317 | 0.42502030 | 0.00750589
Load 173 | 0.42675339 | 0.42010232 | 0.43671072 | 0.44176014 | 0.42573402 | 0.42235844 | 0.44836343 | 0.42549526 | 0.42293500 | 0.43452381 | 0.39619377 | 0.42350204 | 0.40751615 | 0.43001735 | 0.42536670 | 0.42237110 | 0.42698864 | 0.40417402 | 0.42359485 | 0.42378223 | 0.42441217 | 0.01161433
Load 174 | 0.44505336 | 0.41838173 | 0.42284569 | 0.40750361 | 0.41313310 | 0.44081749 | 0.41883024 | 0.42987895 | 0.42220353 | 0.43068017 | 0.42437464 | 0.41831395 | 0.42596945 | 0.44662757 | 0.44264706 | 0.43549329 | 0.43803106 | 0.43633763 | 0.42593136 | 0.42060213 | 0.42818280 | 0.01072600
Load 175 | 0.43042453 | 0.42824922 | 0.43315820 | 0.41811946 | 0.41688274 | 0.43360513 | 0.40655833 | 0.43129989 | 0.42853083 | 0.42538593 | 0.44395239 | 0.44061962 | 0.43854669 | 0.42265115 | 0.44794953 | 0.44931663 | 0.44757390 | 0.43824125 | 0.44199208 | 0.42365098 | 0.43233542 | 0.01117069
Load 176 | 0.44085106 | 0.43316122 | 0.44926327 | 0.43354344 | 0.43681396 | 0.41317700 | 0.46225880 | 0.45962199 | 0.42836960 | 0.44198430 | 0.43068182 | 0.44518828 | 0.44199208 | 0.42568912 | 0.44412276 | 0.44132369 | 0.42377784 | 0.42151418 | 0.44632291 | 0.43813559 | 0.43788965 | 0.01188450
Load 177 | 0.43274184 | 0.45582551 | 0.44770338 | 0.44862637 | 0.46038906 | 0.43923418 | 0.44126631 | 0.45412975 | 0.44732297 | 0.43894767 | 0.45061043 | 0.45335980 | 0.43344808 | 0.43639977 | 0.45693848 | 0.44283227 | 0.43865642 | 0.44818871 | 0.44592636 | 0.45372205 | 0.44631347 | 0.00789347
Load 178 | 0.44546498 | 0.46011922 | 0.43871513 | 0.45271967 | 0.44512535 | 0.44856986 | 0.43895671 | 0.44120123 | 0.44610695 | 0.43716464 | 0.45160406 | 0.45922865 | 0.44988545 | 0.44840056 | 0.42608943 | 0.46335964 | 0.44978903 | 0.44151473 | 0.45158550 | 0.44163150 | 0.44686162 | 0.00851734
Load 179 | 0.44080820 | 0.43244022 | 0.46570796 | 0.44065084 | 0.44159780 | 0.44428733 | 0.43894298 | 0.44927938 | 0.43974033 | 0.45008319 | 0.44674888 | 0.44649446 | 0.44036697 | 0.45969983 | 0.45703125 | 0.44491645 | 0.43300654 | 0.42798127 | 0.45878435 | 0.45537237 | 0.44569703 | 0.00962444
Load 180 | 0.45541575 | 0.45085891 | 0.43766938 | 0.45060174 | 0.44330484 | 0.44088739 | 0.44021283 | 0.46703146 | 0.42931650 | 0.47283049 | 0.43325143 | 0.43558282 | 0.45176536 | 0.43771331 | 0.45719844 | 0.45495243 | 0.44404827 | 0.43909116 | 0.44871795 | 0.44979021 | 0.44701203 | 0.01082032
Load 181 | 0.43033016 | 0.44686123 | 0.46761190 | 0.46941600 | 0.44799567 | 0.46615300 | 0.46492175 | 0.45686720 | 0.46292197 | 0.46615721 | 0.47163606 | 0.46729230 | 0.46130872 | 0.45541491 | 0.45257903 | 0.44172779 | 0.44206724 | 0.45253078 | 0.46753955 | 0.45208914 | 0.45717108 | 0.01095212
Load 182 | 0.45971693 | 0.44738292 | 0.44411205 | 0.47287032 | 0.43953881 | 0.45484491 | 0.45925139 | 0.46248631 | 0.46843575 | 0.44104561 | 0.44466292 | 0.43943971 | 0.44832442 | 0.46083333 | 0.45595709 | 0.45236799 | 0.46393972 | 0.46574202 | 0.45399781 | 0.44331005 | 0.45391300 | 0.00987763
Load 183 | 0.43901758 | 0.47244516 | 0.45432946 | 0.47328859 | 0.44352910 | 0.46462134 | 0.44626106 | 0.45314647 | 0.46770237 | 0.45408026 | 0.46835443 | 0.45725916 | 0.43779310 | 0.45948136 | 0.45372645 | 0.46089984 | 0.45595855 | 0.45596708 | 0.46639566 | 0.45132986 | 0.45677934 | 0.00994672
Load 184 | 0.47282307 | 0.47201747 | 0.47453581 | 0.45351096 | 0.45829960 | 0.45417898 | 0.46081336 | 0.45564738 | 0.45808705 | 0.46551724 | 0.45672292 | 0.46451613 | 0.45051103 | 0.46631440 | 0.46720000 | 0.47218416 | 0.45393319 | 0.46881720 | 0.46002692 | 0.46447188 | 0.46250644 | 0.00715183
Load 185 | 0.47743339 | 0.47327824 | 0.45751993 | 0.47571235 | 0.44395483 | 0.46533333 | 0.47965116 | 0.47747267 | 0.45600210 | 0.44462109 | 0.44916379 | 0.46567666 | 0.45639220 | 0.47527695 | 0.47955890 | 0.45576923 | 0.48678943 | 0.46699134 | 0.46385703 | 0.47657731 | 0.46635160 | 0.01226579
Load 186 | 0.46365639 | 0.45943041 | 0.45993503 | 0.48579772 | 0.47421281 | 0.46940419 | 0.48071700 | 0.45718157 | 0.46501377 | 0.47083552 | 0.47015536 | 0.48739961 | 0.45745257 | 0.46902655 | 0.46569921 | 0.46512890 | 0.47632979 | 0.45790331 | 0.47350291 | 0.45605442 | 0.46824185 | 0.00911143
Load 187 | 0.45212057 | 0.46381054 | 0.48006380 | 0.48160000 | 0.47763193 | 0.47865772 | 0.47057250 | 0.45755091 | 0.47696920 | 0.47221462 | 0.47001882 | 0.47392351 | 0.46153846 | 0.46870874 | 0.47145488 | 0.46837788 | 0.48009618 | 0.47123954 | 0.45413574 | 0.48374306 | 0.47072143 | 0.00883974
Load 188 | 0.46353323 | 0.46827795 | 0.47334924 | 0.46022578 | 0.46529284 | 0.45686643 | 0.45565587 | 0.48123852 | 0.47569165 | 0.47178270 | 0.45940227 | 0.47745286 | 0.46950890 | 0.47101449 | 0.47060381 | 0.48717949 | 0.48869144 | 0.45901639 | 0.46891892 | 0.46233422 | 0.46930185 | 0.00921585
Load 189 | 0.46769553 | 0.46943115 | 0.48493814 | 0.46155872 | 0.47628866 | 0.46880758 | 0.47581264 | 0.47155768 | 0.49425587 | 0.48720654 | 0.47508848 | 0.48309305 | 0.48308668 | 0.47006067 | 0.47459893 | 0.46396396 | 0.47426273 | 0.47531993 | 0.47051045 | 0.46049784 | 0.47440176 | 0.00847737
Load 190 | 0.48543170 | 0.47432183 | 0.50393901 | 0.48213361 | 0.46125845 | 0.47417597 | 0.47019181 | 0.46049841 | 0.47838770 | 0.46048906 | 0.48212867 | 0.47725480 | 0.47997947 | 0.49058605 | 0.46906667 | 0.47870968 | 0.47027880 | 0.48789572 | 0.47120146 | 0.47224436 | 0.47650866 | 0.01044098
Load 191 | 0.48677531 | 0.48726356 | 0.47621551 | 0.47567710 | 0.48681435 | 0.46406949 | 0.47058824 | 0.48234683 | 0.48544939 | 0.48152932 | 0.50250461 | 0.47574819 | 0.47966413 | 0.48234984 | 0.47975493 | 0.47787372 | 0.47125527 | 0.47584603 | 0.47368421 | 0.47739085 | 0.47964004 | 0.00784409
Load 192 | 0.47368421 | 0.49388180 | 0.48607462 | 0.47502004 | 0.47388633 | 0.48455497 | 0.47967901 | 0.48856549 | 0.49613999 | 0.47939207 | 0.48665786 | 0.47713769 | 0.47810123 | 0.48792884 | 0.48953642 | 0.48492861 | 0.49582027 | 0.49883389 | 0.48673706 | 0.48655063 | 0.48515555 | 0.00735760
Load 193 | 0.48649344 | 0.48690414 | 0.46980042 | 0.50937658 | 0.49075715 | 0.48607918 | 0.47938689 | 0.48365158 | 0.48170571 | 0.49827815 | 0.47927329 | 0.50359527 | 0.49111224 | 0.48845776 | 0.51525851 | 0.47376747 | 0.48338057 | 0.49582899 | 0.50130141 | 0.48438327 | 0.48943960 | 0.01128571
Load 194 | 0.48544203 | 0.48359375 | 0.46995820 | 0.48515892 | 0.49936916 | 0.49760766 | 0.49620518 | 0.48375357 | 0.47705957 | 0.50064317 | 0.49384615 | 0.47554981 | 0.47385187 | 0.48853795 | 0.49715615 | 0.49639214 | 0.48167804 | 0.49568528 | 0.48274968 | 0.49066874 | 0.48774535 | 0.00900647
Load 195 | 0.49261335 | 0.52362805 | 0.49164134 | 0.48474750 | 0.50130959 | 0.48880503 | 0.50775194 | 0.49100127 | 0.47479760 | 0.50092178 | 0.48521784 | 0.49465921 | 0.49253347 | 0.49459119 | 0.47918808 | 0.48696319 | 0.49283521 | 0.47566204 | 0.49477707 | 0.47577766 | 0.49147112 | 0.01130806
Load 196 | 0.48666149 | 0.48868895 | 0.49247641 | 0.48563366 | 0.48001998 | 0.49713840 | 0.48815287 | 0.48921438 | 0.48528666 | 0.50599949 | 0.48626858 | 0.48659901 | 0.50114358 | 0.48980112 | 0.50458015 | 0.48714718 | 0.50280469 | 0.47560031 | 0.49987339 | 0.50186893 | 0.49174796 | 0.00833617
Load 197 | 0.49645928 | 0.48799400 | 0.50314782 | 0.48359196 | 0.50850515 | 0.49653580 | 0.49797571 | 0.51120625 | 0.49461814 | 0.49262613 | 0.49924204 | 0.48037432 | 0.49602666 | 0.49091374 | 0.47764645 | 0.49492643 | 0.51147541 | 0.49949418 | 0.51062234 | 0.49901088 | 0.49661964 | 0.00938055
Load 198 | 0.49232371 | 0.49505453 | 0.48225470 | 0.51762661 | 0.49553128 | 0.50201918 | 0.50517546 | 0.48993289 | 0.51987003 | 0.48678580 | 0.48582474 | 0.50240567 | 0.48550725 | 0.48609306 | 0.48925411 | 0.49596367 | 0.49843096 | 0.48880407 | 0.49886849 | 0.49949109 | 0.49586087 | 0.00989753
Load 199 | 0.49864097 | 0.47742923 | 0.49579416 | 0.50175527 | 0.50136714 | 0.49535059 | 0.51467269 | 0.50485685 | 0.49537847 | 0.51047904 | 0.49936885 | 0.49448577 | 0.51951952 | 0.49346405 | 0.49758454 | 0.47840447 | 0.49584488 | 0.50394502 | 0.48042705 | 0.49835900 | 0.49785638 | 0.01043802
Load 200 | 0.51512219 | 0.50626566 | 0.49987528 | 0.51147705 | 0.49537384 | 0.50884956 | 0.51481577 | 0.50396825 | 0.51793612 | 0.49423816 | 0.52888668 | 0.51038576 | 0.51770658 | 0.51982715 | 0.52336224 | 0.47530864 | 0.50177395 | 0.49391481 | 0.51846344 | 0.51677019 | 0.50871607 | 0.01232248
