# TODAS AS PROBABILIDADES (20 SIMULAÇÕES)
# Requisição 5: [2,6]
# Modo: CONJUNTO
# Data: 2026-02-25 20:42:37
# ================================================================================
# Formato: Load | Sim1 | Sim2 | ... | Sim20 | Média | DesvioPadrão
# ================================================================================

Load   1 | 0.00000000 | 0.00000000 | 0.00000000 | 0.00000000 | 0.00000000 | 0.00000000 | 0.00000000 | 0.00000000 | 0.00000000 | 0.00000000 | 0.00000000 | 0.00000000 | 0.00000000 | 0.00000000 | 0.00000000 | 0.00000000 | 0.00000000 | 0.00000000 | 0.00000000 | 0.00000000 | 0.00000000 | 0.00000000
Load   2 | 0.00000000 | 0.00000000 | 0.00000000 | 0.00000000 | 0.00000000 | 0.00000000 | 0.00000000 | 0.00000000 | 0.00000000 | 0.00000000 | 0.00000000 | 0.00000000 | 0.00000000 | 0.00000000 | 0.00000000 | 0.00000000 | 0.00000000 | 0.00000000 | 0.00000000 | 0.00000000 | 0.00000000 | 0.00000000
Load   3 | 0.00000000 | 0.00000000 | 0.00000000 | 0.00000000 | 0.00000000 | 0.00000000 | 0.00000000 | 0.00000000 | 0.00000000 | 0.00000000 | 0.00000000 | 0.00000000 | 0.00000000 | 0.00000000 | 0.00000000 | 0.00000000 | 0.00000000 | 0.00000000 | 0.00000000 | 0.00000000 | 0.00000000 | 0.00000000
Load   4 | 0.00000000 | 0.00000000 | 0.00000000 | 0.00000000 | 0.00000000 | 0.00000000 | 0.00000000 | 0.00000000 | 0.00000000 | 0.00000000 | 0.00000000 | 0.00000000 | 0.00000000 | 0.00000000 | 0.00000000 | 0.00000000 | 0.00000000 | 0.00000000 | 0.00000000 | 0.00000000 | 0.00000000 | 0.00000000
Load   5 | 0.00000000 | 0.00000000 | 0.00000000 | 0.00000000 | 0.00000000 | 0.00000000 | 0.00000000 | 0.00000000 | 0.00000000 | 0.00000000 | 0.00000000 | 0.00000000 | 0.00000000 | 0.00000000 | 0.00000000 | 0.00000000 | 0.00000000 | 0.00000000 | 0.00000000 | 0.00000000 | 0.00000000 | 0.00000000
Load   6 | 0.00000000 | 0.00000000 | 0.00000000 | 0.00000000 | 0.00000000 | 0.00000000 | 0.00000000 | 0.00000000 | 0.00000000 | 0.00000000 | 0.00000000 | 0.00000000 | 0.00000000 | 0.00000000 | 0.00000000 | 0.00000000 | 0.00000000 | 0.00000000 | 0.00000000 | 0.00000000 | 0.00000000 | 0.00000000
Load   7 | 0.00000000 | 0.00000000 | 0.00000000 | 0.00000000 | 0.00000000 | 0.00000000 | 0.00000000 | 0.00000000 | 0.00000000 | 0.00000000 | 0.00000000 | 0.00000000 | 0.00000000 | 0.00000000 | 0.00000000 | 0.00000000 | 0.00000000 | 0.00000000 | 0.00000000 | 0.00000000 | 0.00000000 | 0.00000000
Load   8 | 0.00000000 | 0.00000000 | 0.00000000 | 0.00000000 | 0.00000000 | 0.00000000 | 0.00000000 | 0.00000000 | 0.00000000 | 0.00000000 | 0.00000000 | 0.00000000 | 0.00000000 | 0.00000000 | 0.00000000 | 0.00000000 | 0.00000000 | 0.00000000 | 0.00000000 | 0.00000000 | 0.00000000 | 0.00000000
Load   9 | 0.00000000 | 0.00000000 | 0.00000000 | 0.00000000 | 0.00000000 | 0.00000000 | 0.00000000 | 0.00000000 | 0.00000000 | 0.00000000 | 0.00000000 | 0.00000000 | 0.00000000 | 0.00000000 | 0.00000000 | 0.00000000 | 0.00000000 | 0.00000000 | 0.00000000 | 0.00000000 | 0.00000000 | 0.00000000
Load  10 | 0.00000000 | 0.00000000 | 0.00000000 | 0.00000000 | 0.00000000 | 0.00000000 | 0.00000000 | 0.00000000 | 0.00000000 | 0.00000000 | 0.00000000 | 0.00000000 | 0.00000000 | 0.00000000 | 0.00000000 | 0.00000000 | 0.00000000 | 0.00000000 | 0.00000000 | 0.00000000 | 0.00000000 | 0.00000000
Load  11 | 0.00000000 | 0.00000000 | 0.00000000 | 0.00000000 | 0.00000000 | 0.00000000 | 0.00000000 | 0.00000000 | 0.00000000 | 0.00000000 | 0.00000000 | 0.00000000 | 0.00000000 | 0.00000000 | 0.00000000 | 0.00000000 | 0.00000000 | 0.00000000 | 0.00000000 | 0.00000000 | 0.00000000 | 0.00000000
Load  12 | 0.00000000 | 0.00000000 | 0.00000000 | 0.00000000 | 0.00000000 | 0.00000000 | 0.00000000 | 0.00000000 | 0.00000000 | 0.00000000 | 0.00000000 | 0.00000000 | 0.00000000 | 0.00000000 | 0.00000000 | 0.00000000 | 0.00000000 | 0.00000000 | 0.00000000 | 0.00000000 | 0.00000000 | 0.00000000
Load  13 | 0.00000000 | 0.00000000 | 0.00000000 | 0.00000000 | 0.00000000 | 0.00000000 | 0.00000000 | 0.00000000 | 0.00000000 | 0.00000000 | 0.00000000 | 0.00000000 | 0.00000000 | 0.00000000 | 0.00000000 | 0.00000000 | 0.00000000 | 0.00000000 | 0.00000000 | 0.00000000 | 0.00000000 | 0.00000000
Load  14 | 0.00000000 | 0.00000000 | 0.00000000 | 0.00000000 | 0.00000000 | 0.00000000 | 0.00000000 | 0.00000000 | 0.00000000 | 0.00000000 | 0.00000000 | 0.00000000 | 0.00000000 | 0.00000000 | 0.00000000 | 0.00000000 | 0.00000000 | 0.00000000 | 0.00000000 | 0.00000000 | 0.00000000 | 0.00000000
Load  15 | 0.00000000 | 0.00000000 | 0.00000000 | 0.00000000 | 0.00000000 | 0.00000000 | 0.00000000 | 0.00000000 | 0.00000000 | 0.00000000 | 0.00000000 | 0.00000000 | 0.00000000 | 0.00000000 | 0.00000000 | 0.00000000 | 0.00000000 | 0.00000000 | 0.00000000 | 0.00000000 | 0.00000000 | 0.00000000
Load  16 | 0.00000000 | 0.00000000 | 0.00000000 | 0.00000000 | 0.00000000 | 0.00000000 | 0.00000000 | 0.00000000 | 0.00000000 | 0.00000000 | 0.00000000 | 0.00000000 | 0.00000000 | 0.00000000 | 0.00000000 | 0.00000000 | 0.00000000 | 0.00000000 | 0.00000000 | 0.00000000 | 0.00000000 | 0.00000000
Load  17 | 0.00000000 | 0.00000000 | 0.00000000 | 0.00000000 | 0.00000000 | 0.00000000 | 0.00000000 | 0.00000000 | 0.00000000 | 0.00000000 | 0.00000000 | 0.00000000 | 0.00000000 | 0.00000000 | 0.00000000 | 0.00000000 | 0.00000000 | 0.00000000 | 0.00000000 | 0.00000000 | 0.00000000 | 0.00000000
Load  18 | 0.00000000 | 0.00000000 | 0.00000000 | 0.00000000 | 0.00000000 | 0.00000000 | 0.00000000 | 0.00000000 | 0.00000000 | 0.00000000 | 0.00000000 | 0.00000000 | 0.00000000 | 0.00000000 | 0.00000000 | 0.00000000 | 0.00000000 | 0.00000000 | 0.00000000 | 0.00000000 | 0.00000000 | 0.00000000
Load  19 | 0.00000000 | 0.00000000 | 0.00000000 | 0.00000000 | 0.00000000 | 0.00000000 | 0.00000000 | 0.00000000 | 0.00000000 | 0.00000000 | 0.00000000 | 0.00000000 | 0.00000000 | 0.00000000 | 0.00000000 | 0.00000000 | 0.00000000 | 0.00000000 | 0.00000000 | 0.00000000 | 0.00000000 | 0.00000000
Load  20 | 0.00000000 | 0.00000000 | 0.00000000 | 0.00000000 | 0.00000000 | 0.00000000 | 0.00000000 | 0.00000000 | 0.00000000 | 0.00000000 | 0.00000000 | 0.00000000 | 0.00000000 | 0.00000000 | 0.00000000 | 0.00000000 | 0.00000000 | 0.00000000 | 0.00000000 | 0.00000000 | 0.00000000 | 0.00000000
Load  21 | 0.00000000 | 0.00000000 | 0.00000000 | 0.00000000 | 0.00000000 | 0.00000000 | 0.00000000 | 0.00000000 | 0.00000000 | 0.00000000 | 0.00000000 | 0.00000000 | 0.00000000 | 0.00000000 | 0.00000000 | 0.00000000 | 0.00000000 | 0.00000000 | 0.00000000 | 0.00000000 | 0.00000000 | 0.00000000
Load  22 | 0.00000000 | 0.00000000 | 0.00000000 | 0.00000000 | 0.00000000 | 0.00000000 | 0.00000000 | 0.00000000 | 0.00000000 | 0.00000000 | 0.00000000 | 0.00000000 | 0.00000000 | 0.00000000 | 0.00000000 | 0.00000000 | 0.00000000 | 0.00000000 | 0.00000000 | 0.00000000 | 0.00000000 | 0.00000000
Load  23 | 0.00000000 | 0.00000000 | 0.00000000 | 0.00000000 | 0.00000000 | 0.00000000 | 0.00000000 | 0.00000000 | 0.00000000 | 0.00000000 | 0.00000000 | 0.00000000 | 0.00000000 | 0.00000000 | 0.00000000 | 0.00000000 | 0.00000000 | 0.00000000 | 0.00000000 | 0.00000000 | 0.00000000 | 0.00000000
Load  24 | 0.00000000 | 0.00000000 | 0.00000000 | 0.00000000 | 0.00000000 | 0.00000000 | 0.00000000 | 0.00000000 | 0.00000000 | 0.00000000 | 0.00000000 | 0.00000000 | 0.00000000 | 0.00000000 | 0.00000000 | 0.00000000 | 0.00000000 | 0.00000000 | 0.00000000 | 0.00000000 | 0.00000000 | 0.00000000
Load  25 | 0.00000000 | 0.00000000 | 0.00000000 | 0.00000000 | 0.00000000 | 0.00000000 | 0.00000000 | 0.00000000 | 0.00000000 | 0.00000000 | 0.00000000 | 0.00000000 | 0.00000000 | 0.00000000 | 0.00000000 | 0.00000000 | 0.00000000 | 0.00000000 | 0.00000000 | 0.00000000 | 0.00000000 | 0.00000000
Load  26 | 0.00000000 | 0.00000000 | 0.00000000 | 0.00000000 | 0.00000000 | 0.00000000 | 0.00000000 | 0.00000000 | 0.00000000 | 0.00000000 | 0.00000000 | 0.00000000 | 0.00000000 | 0.00000000 | 0.00000000 | 0.00000000 | 0.00000000 | 0.00000000 | 0.00000000 | 0.00000000 | 0.00000000 | 0.00000000
Load  27 | 0.00000000 | 0.00000000 | 0.00000000 | 0.00000000 | 0.00000000 | 0.00000000 | 0.00000000 | 0.00000000 | 0.00000000 | 0.00000000 | 0.00000000 | 0.00000000 | 0.00000000 | 0.00000000 | 0.00000000 | 0.00000000 | 0.00000000 | 0.00000000 | 0.00000000 | 0.00000000 | 0.00000000 | 0.00000000
Load  28 | 0.00000000 | 0.00000000 | 0.00000000 | 0.00000000 | 0.00000000 | 0.00000000 | 0.00000000 | 0.00000000 | 0.00000000 | 0.00000000 | 0.00000000 | 0.00000000 | 0.00000000 | 0.00000000 | 0.00000000 | 0.00000000 | 0.00000000 | 0.00000000 | 0.00000000 | 0.00000000 | 0.00000000 | 0.00000000
Load  29 | 0.00000000 | 0.00000000 | 0.00000000 | 0.00000000 | 0.00000000 | 0.00000000 | 0.00000000 | 0.00000000 | 0.00000000 | 0.00000000 | 0.00000000 | 0.00000000 | 0.00000000 | 0.00000000 | 0.00000000 | 0.00000000 | 0.00000000 | 0.00000000 | 0.00000000 | 0.00000000 | 0.00000000 | 0.00000000
Load  30 | 0.00000000 | 0.00000000 | 0.00000000 | 0.00000000 | 0.00000000 | 0.00000000 | 0.00000000 | 0.00000000 | 0.00000000 | 0.00000000 | 0.00000000 | 0.00000000 | 0.00000000 | 0.00000000 | 0.00000000 | 0.00000000 | 0.00000000 | 0.00000000 | 0.00000000 | 0.00000000 | 0.00000000 | 0.00000000
Load  31 | 0.00000000 | 0.00000000 | 0.00000000 | 0.00000000 | 0.00000000 | 0.00000000 | 0.00000000 | 0.00000000 | 0.00000000 | 0.00000000 | 0.00000000 | 0.00000000 | 0.00000000 | 0.00000000 | 0.00000000 | 0.00000000 | 0.00000000 | 0.00000000 | 0.00000000 | 0.00000000 | 0.00000000 | 0.00000000
Load  32 | 0.00000000 | 0.00000000 | 0.00000000 | 0.00000000 | 0.00000000 | 0.00000000 | 0.00000000 | 0.00000000 | 0.00000000 | 0.00000000 | 0.00000000 | 0.00000000 | 0.00000000 | 0.00000000 | 0.00000000 | 0.00000000 | 0.00000000 | 0.00000000 | 0.00000000 | 0.00000000 | 0.00000000 | 0.00000000
Load  33 | 0.00000000 | 0.00000000 | 0.00000000 | 0.00000000 | 0.00000000 | 0.00000000 | 0.00000000 | 0.00000000 | 0.00000000 | 0.00000000 | 0.00000000 | 0.00000000 | 0.00000000 | 0.00000000 | 0.00000000 | 0.00000000 | 0.00000000 | 0.00000000 | 0.00000000 | 0.00000000 | 0.00000000 | 0.00000000
Load  34 | 0.00000000 | 0.00000000 | 0.00000000 | 0.00000000 | 0.00000000 | 0.00000000 | 0.00000000 | 0.00000000 | 0.00000000 | 0.00000000 | 0.00000000 | 0.00000000 | 0.00000000 | 0.00000000 | 0.00000000 | 0.00000000 | 0.00000000 | 0.00000000 | 0.00000000 | 0.00000000 | 0.00000000 | 0.00000000
Load  35 | 0.00000000 | 0.00000000 | 0.00000000 | 0.00000000 | 0.00000000 | 0.00000000 | 0.00000000 | 0.00000000 | 0.00000000 | 0.00000000 | 0.00000000 | 0.00000000 | 0.00000000 | 0.00000000 | 0.00000000 | 0.00000000 | 0.00000000 | 0.00000000 | 0.00000000 | 0.00000000 | 0.00000000 | 0.00000000
Load  36 | 0.00000000 | 0.00000000 | 0.00000000 | 0.00000000 | 0.00000000 | 0.00000000 | 0.00000000 | 0.00000000 | 0.00000000 | 0.00000000 | 0.00000000 | 0.00000000 | 0.00000000 | 0.00000000 | 0.00000000 | 0.00000000 | 0.00000000 | 0.00000000 | 0.00000000 | 0.00000000 | 0.00000000 | 0.00000000
Load  37 | 0.00000000 | 0.00000000 | 0.00000000 | 0.00000000 | 0.00000000 | 0.00000000 | 0.00000000 | 0.00000000 | 0.00000000 | 0.00000000 | 0.00000000 | 0.00000000 | 0.00000000 | 0.00000000 | 0.00000000 | 0.00000000 | 0.00000000 | 0.00000000 | 0.00000000 | 0.00000000 | 0.00000000 | 0.00000000
Load  38 | 0.00000000 | 0.00000000 | 0.00000000 | 0.00000000 | 0.00000000 | 0.00000000 | 0.00000000 | 0.00000000 | 0.00000000 | 0.00000000 | 0.00000000 | 0.00000000 | 0.00000000 | 0.00000000 | 0.00000000 | 0.00000000 | 0.00000000 | 0.00000000 | 0.00000000 | 0.00000000 | 0.00000000 | 0.00000000
Load  39 | 0.00000000 | 0.00000000 | 0.00000000 | 0.00000000 | 0.00000000 | 0.00000000 | 0.00000000 | 0.00000000 | 0.00000000 | 0.00000000 | 0.00000000 | 0.00000000 | 0.00000000 | 0.00000000 | 0.00000000 | 0.00000000 | 0.00000000 | 0.00000000 | 0.00000000 | 0.00000000 | 0.00000000 | 0.00000000
Load  40 | 0.00000000 | 0.00000000 | 0.00000000 | 0.00000000 | 0.00000000 | 0.00000000 | 0.00000000 | 0.00000000 | 0.00000000 | 0.00000000 | 0.00000000 | 0.00000000 | 0.00000000 | 0.00000000 | 0.00000000 | 0.00000000 | 0.00000000 | 0.00000000 | 0.00000000 | 0.00000000 | 0.00000000 | 0.00000000
Load  41 | 0.00000000 | 0.00000000 | 0.00000000 | 0.00000000 | 0.00000000 | 0.00000000 | 0.00000000 | 0.00000000 | 0.00000000 | 0.00000000 | 0.00000000 | 0.00000000 | 0.00000000 | 0.00000000 | 0.00000000 | 0.00000000 | 0.00000000 | 0.00000000 | 0.00000000 | 0.00000000 | 0.00000000 | 0.00000000
Load  42 | 0.00000000 | 0.00000000 | 0.00000000 | 0.00000000 | 0.00000000 | 0.00000000 | 0.00000000 | 0.00000000 | 0.00000000 | 0.00000000 | 0.00000000 | 0.00000000 | 0.00000000 | 0.00000000 | 0.00000000 | 0.00000000 | 0.00000000 | 0.00000000 | 0.00000000 | 0.00000000 | 0.00000000 | 0.00000000
Load  43 | 0.00000000 | 0.00000000 | 0.00000000 | 0.00000000 | 0.00000000 | 0.00000000 | 0.00000000 | 0.00000000 | 0.00000000 | 0.00000000 | 0.00000000 | 0.00000000 | 0.00000000 | 0.00000000 | 0.00000000 | 0.00000000 | 0.00000000 | 0.00000000 | 0.00000000 | 0.00000000 | 0.00000000 | 0.00000000
Load  44 | 0.00000000 | 0.00000000 | 0.00000000 | 0.00000000 | 0.00000000 | 0.00000000 | 0.00000000 | 0.00000000 | 0.00000000 | 0.00000000 | 0.00000000 | 0.00000000 | 0.00000000 | 0.00000000 | 0.00000000 | 0.00000000 | 0.00000000 | 0.00000000 | 0.00000000 | 0.00000000 | 0.00000000 | 0.00000000
Load  45 | 0.00000000 | 0.00000000 | 0.00000000 | 0.00000000 | 0.00000000 | 0.00000000 | 0.00000000 | 0.00000000 | 0.00000000 | 0.00000000 | 0.00000000 | 0.00000000 | 0.00000000 | 0.00000000 | 0.00000000 | 0.00000000 | 0.00000000 | 0.00000000 | 0.00000000 | 0.00000000 | 0.00000000 | 0.00000000
Load  46 | 0.00000000 | 0.00000000 | 0.00000000 | 0.00000000 | 0.00000000 | 0.00000000 | 0.00000000 | 0.00000000 | 0.00000000 | 0.00000000 | 0.00000000 | 0.00000000 | 0.00000000 | 0.00000000 | 0.00000000 | 0.00000000 | 0.00000000 | 0.00000000 | 0.00000000 | 0.00000000 | 0.00000000 | 0.00000000
Load  47 | 0.00000000 | 0.00000000 | 0.00000000 | 0.00000000 | 0.00000000 | 0.00000000 | 0.00000000 | 0.00000000 | 0.00000000 | 0.00000000 | 0.00000000 | 0.00000000 | 0.00000000 | 0.00000000 | 0.00000000 | 0.00000000 | 0.00000000 | 0.00000000 | 0.00000000 | 0.00000000 | 0.00000000 | 0.00000000
Load  48 | 0.00000000 | 0.00000000 | 0.00000000 | 0.00000000 | 0.00000000 | 0.00000000 | 0.00000000 | 0.00000000 | 0.00000000 | 0.00000000 | 0.00000000 | 0.00000000 | 0.00000000 | 0.00000000 | 0.00000000 | 0.00000000 | 0.00000000 | 0.00000000 | 0.00000000 | 0.00000000 | 0.00000000 | 0.00000000
Load  49 | 0.00000000 | 0.00000000 | 0.00000000 | 0.00000000 | 0.00000000 | 0.00000000 | 0.00000000 | 0.00000000 | 0.00000000 | 0.00000000 | 0.00000000 | 0.00000000 | 0.00000000 | 0.00000000 | 0.00000000 | 0.00000000 | 0.00000000 | 0.00000000 | 0.00000000 | 0.00000000 | 0.00000000 | 0.00000000
Load  50 | 0.00000000 | 0.00000000 | 0.00000000 | 0.00000000 | 0.00000000 | 0.00000000 | 0.00000000 | 0.00000000 | 0.00000000 | 0.00000000 | 0.00000000 | 0.00000000 | 0.00000000 | 0.00000000 | 0.00000000 | 0.00000000 | 0.00000000 | 0.00000000 | 0.00000000 | 0.00000000 | 0.00000000 | 0.00000000
Load  51 | 0.00000000 | 0.00000000 | 0.00000000 | 0.00000000 | 0.00000000 | 0.00000000 | 0.00000000 | 0.00000000 | 0.00000000 | 0.00000000 | 0.00000000 | 0.00000000 | 0.00000000 | 0.00000000 | 0.00000000 | 0.00000000 | 0.00000000 | 0.00000000 | 0.00000000 | 0.00000000 | 0.00000000 | 0.00000000
Load  52 | 0.00000000 | 0.00000000 | 0.00000000 | 0.00000000 | 0.00000000 | 0.00000000 | 0.00000000 | 0.00000000 | 0.00000000 | 0.00000000 | 0.00000000 | 0.00000000 | 0.00000000 | 0.00000000 | 0.00000000 | 0.00000000 | 0.00000000 | 0.00000000 | 0.00000000 | 0.00000000 | 0.00000000 | 0.00000000
Load  53 | 0.00000000 | 0.00000000 | 0.00000000 | 0.00000000 | 0.00000000 | 0.00000000 | 0.00000000 | 0.00000000 | 0.00000000 | 0.00000000 | 0.00000000 | 0.00000000 | 0.00000000 | 0.00000000 | 0.00000000 | 0.00000000 | 0.00000000 | 0.00000000 | 0.00000000 | 0.00000000 | 0.00000000 | 0.00000000
Load  54 | 0.00000000 | 0.00000000 | 0.00000000 | 0.00000000 | 0.00000000 | 0.00000000 | 0.00000000 | 0.00000000 | 0.00000000 | 0.00000000 | 0.00000000 | 0.00000000 | 0.00000000 | 0.00000000 | 0.00000000 | 0.00000000 | 0.00000000 | 0.00000000 | 0.00000000 | 0.00000000 | 0.00000000 | 0.00000000
Load  55 | 0.00000000 | 0.00000000 | 0.00000000 | 0.00000000 | 0.00000000 | 0.00000000 | 0.00000000 | 0.00000000 | 0.00000000 | 0.00000000 | 0.00000000 | 0.00000000 | 0.00000000 | 0.00000000 | 0.00000000 | 0.00000000 | 0.00000000 | 0.00000000 | 0.00000000 | 0.00000000 | 0.00000000 | 0.00000000
Load  56 | 0.00000000 | 0.00000000 | 0.00000000 | 0.00000000 | 0.00000000 | 0.00000000 | 0.00000000 | 0.00000000 | 0.00000000 | 0.00000000 | 0.00000000 | 0.00000000 | 0.00000000 | 0.00000000 | 0.00000000 | 0.00000000 | 0.00000000 | 0.00000000 | 0.00000000 | 0.00000000 | 0.00000000 | 0.00000000
Load  57 | 0.00000000 | 0.00000000 | 0.00000000 | 0.00000000 | 0.00000000 | 0.00000000 | 0.00000000 | 0.00000000 | 0.00000000 | 0.00000000 | 0.00000000 | 0.00000000 | 0.00000000 | 0.00000000 | 0.00000000 | 0.00000000 | 0.00000000 | 0.00000000 | 0.00000000 | 0.00000000 | 0.00000000 | 0.00000000
Load  58 | 0.00000000 | 0.00000000 | 0.00000000 | 0.00000000 | 0.00000000 | 0.00000000 | 0.00000000 | 0.00000000 | 0.00000000 | 0.00000000 | 0.00000000 | 0.00000000 | 0.00000000 | 0.00000000 | 0.00000000 | 0.00000000 | 0.00000000 | 0.00000000 | 0.00000000 | 0.00000000 | 0.00000000 | 0.00000000
Load  59 | 0.00000000 | 0.00000000 | 0.00000000 | 0.00000000 | 0.00000000 | 0.00000000 | 0.00000000 | 0.00000000 | 0.00000000 | 0.00000000 | 0.00000000 | 0.00000000 | 0.00000000 | 0.00000000 | 0.00000000 | 0.00000000 | 0.00000000 | 0.00000000 | 0.00000000 | 0.00000000 | 0.00000000 | 0.00000000
Load  60 | 0.00000000 | 0.00000000 | 0.00000000 | 0.00000000 | 0.00000000 | 0.00000000 | 0.00000000 | 0.00000000 | 0.00000000 | 0.00000000 | 0.00000000 | 0.00000000 | 0.00000000 | 0.00000000 | 0.00000000 | 0.00000000 | 0.00000000 | 0.00000000 | 0.00000000 | 0.00000000 | 0.00000000 | 0.00000000
Load  61 | 0.00000000 | 0.00000000 | 0.00000000 | 0.00000000 | 0.00000000 | 0.00000000 | 0.00000000 | 0.00000000 | 0.00000000 | 0.00000000 | 0.00000000 | 0.00000000 | 0.00000000 | 0.00000000 | 0.00000000 | 0.00000000 | 0.00000000 | 0.00000000 | 0.00000000 | 0.00000000 | 0.00000000 | 0.00000000
Load  62 | 0.00000000 | 0.00000000 | 0.00000000 | 0.00000000 | 0.00000000 | 0.00000000 | 0.00000000 | 0.00000000 | 0.00000000 | 0.00000000 | 0.00000000 | 0.00000000 | 0.00000000 | 0.00000000 | 0.00000000 | 0.00000000 | 0.00000000 | 0.00000000 | 0.00000000 | 0.00000000 | 0.00000000 | 0.00000000
Load  63 | 0.00000000 | 0.00000000 | 0.00000000 | 0.00000000 | 0.00000000 | 0.00000000 | 0.00000000 | 0.00000000 | 0.00000000 | 0.00000000 | 0.00000000 | 0.00000000 | 0.00000000 | 0.00000000 | 0.00000000 | 0.00000000 | 0.00000000 | 0.00000000 | 0.00000000 | 0.00000000 | 0.00000000 | 0.00000000
Load  64 | 0.00000000 | 0.00000000 | 0.00000000 | 0.00000000 | 0.00000000 | 0.00000000 | 0.00000000 | 0.00000000 | 0.00000000 | 0.00000000 | 0.00000000 | 0.00000000 | 0.00000000 | 0.00000000 | 0.00000000 | 0.00000000 | 0.00000000 | 0.00000000 | 0.00000000 | 0.00000000 | 0.00000000 | 0.00000000
Load  65 | 0.00000000 | 0.00149031 | 0.00000000 | 0.00000000 | 0.00073475 | 0.00000000 | 0.00000000 | 0.00000000 | 0.00000000 | 0.00000000 | 0.00000000 | 0.00000000 | 0.00000000 | 0.00000000 | 0.00000000 | 0.00000000 | 0.00000000 | 0.00080257 | 0.00000000 | 0.00000000 | 0.00015138 | 0.00038384
Load  66 | 0.00000000 | 0.00000000 | 0.00000000 | 0.00000000 | 0.00000000 | 0.00000000 | 0.00000000 | 0.00000000 | 0.00000000 | 0.00000000 | 0.00000000 | 0.00000000 | 0.00000000 | 0.00000000 | 0.00227964 | 0.00000000 | 0.00000000 | 0.00000000 | 0.00000000 | 0.00000000 | 0.00011398 | 0.00049683
Load  67 | 0.00000000 | 0.00000000 | 0.00293686 | 0.00000000 | 0.00000000 | 0.00000000 | 0.00211566 | 0.00000000 | 0.00000000 | 0.00000000 | 0.00000000 | 0.00000000 | 0.00000000 | 0.00000000 | 0.00000000 | 0.00000000 | 0.00000000 | 0.00000000 | 0.00000000 | 0.00000000 | 0.00025263 | 0.00076892
Load  68 | 0.00000000 | 0.00000000 | 0.00000000 | 0.00000000 | 0.00000000 | 0.00000000 | 0.00073964 | 0.00000000 | 0.00000000 | 0.00000000 | 0.00000000 | 0.00000000 | 0.00000000 | 0.00000000 | 0.00000000 | 0.00000000 | 0.00000000 | 0.00000000 | 0.00000000 | 0.00228484 | 0.00015122 | 0.00051528
Load  69 | 0.00000000 | 0.00000000 | 0.00000000 | 0.00070373 | 0.00068166 | 0.00000000 | 0.00000000 | 0.00000000 | 0.00000000 | 0.00148478 | 0.00000000 | 0.00000000 | 0.00000000 | 0.00000000 | 0.00000000 | 0.00000000 | 0.00000000 | 0.00070126 | 0.00146628 | 0.00000000 | 0.00025189 | 0.00047630
Load  70 | 0.00000000 | 0.00000000 | 0.00069252 | 0.00000000 | 0.00000000 | 0.00000000 | 0.00069589 | 0.00000000 | 0.00000000 | 0.00000000 | 0.00069589 | 0.00000000 | 0.00000000 | 0.00000000 | 0.00209497 | 0.00210526 | 0.00000000 | 0.00000000 | 0.00000000 | 0.00135318 | 0.00038189 | 0.00067763
Load  71 | 0.00000000 | 0.00000000 | 0.00144509 | 0.00000000 | 0.00000000 | 0.00000000 | 0.00278358 | 0.00139567 | 0.00000000 | 0.00143885 | 0.00000000 | 0.00000000 | 0.00000000 | 0.00000000 | 0.00000000 | 0.00072569 | 0.00000000 | 0.00000000 | 0.00000000 | 0.00072359 | 0.00042562 | 0.00075106
Load  72 | 0.00000000 | 0.00000000 | 0.00000000 | 0.00000000 | 0.00000000 | 0.00000000 | 0.00000000 | 0.00215363 | 0.00142552 | 0.00071378 | 0.00504323 | 0.00000000 | 0.00067797 | 0.00000000 | 0.00000000 | 0.00000000 | 0.00135318 | 0.00000000 | 0.00065062 | 0.00000000 | 0.00060090 | 0.00118546
Load  73 | 0.00143678 | 0.00000000 | 0.00137174 | 0.00065660 | 0.00000000 | 0.00000000 | 0.00000000 | 0.00322581 | 0.00468541 | 0.00000000 | 0.00000000 | 0.00000000 | 0.00000000 | 0.00068213 | 0.00068776 | 0.00139567 | 0.00271370 | 0.00000000 | 0.00000000 | 0.00136799 | 0.00091118 | 0.00126990
Load  74 | 0.00070671 | 0.00134409 | 0.00323625 | 0.00071994 | 0.00207469 | 0.00132363 | 0.00000000 | 0.00132363 | 0.00384615 | 0.00199734 | 0.00208914 | 0.00000000 | 0.00343407 | 0.00331126 | 0.00200401 | 0.00067751 | 0.00064725 | 0.00000000 | 0.00268998 | 0.00281492 | 0.00171203 | 0.00119254
Load  75 | 0.00065020 | 0.00404858 | 0.00065359 | 0.00320307 | 0.00000000 | 0.00131062 | 0.00000000 | 0.00000000 | 0.00264201 | 0.00000000 | 0.00132363 | 0.00274537 | 0.00000000 | 0.00000000 | 0.00197759 | 0.00261438 | 0.00263852 | 0.00396563 | 0.00410397 | 0.00390879 | 0.00178930 | 0.00153315
Load  76 | 0.00201072 | 0.00592885 | 0.00389358 | 0.00138504 | 0.00578778 | 0.00382166 | 0.00067522 | 0.00328947 | 0.00258565 | 0.00573980 | 0.00204082 | 0.00261267 | 0.00133958 | 0.00321958 | 0.00556328 | 0.00000000 | 0.00446999 | 0.00064475 | 0.00581395 | 0.00203390 | 0.00314281 | 0.00187316
Load  77 | 0.00445576 | 0.00131406 | 0.00128041 | 0.00527009 | 0.00522193 | 0.00694006 | 0.00267917 | 0.00929944 | 0.00201342 | 0.00193548 | 0.00000000 | 0.00317259 | 0.00255102 | 0.00584036 | 0.00193924 | 0.00765484 | 0.00313676 | 0.00322373 | 0.00451322 | 0.00827498 | 0.00403583 | 0.00249241
Load  78 | 0.00387347 | 0.00066007 | 0.00580271 | 0.00515132 | 0.00501253 | 0.00382653 | 0.00313087 | 0.00393701 | 0.00452196 | 0.00725115 | 0.00062422 | 0.00000000 | 0.00692259 | 0.00569620 | 0.00192184 | 0.00191571 | 0.00249532 | 0.00063171 | 0.00666667 | 0.00128452 | 0.00356632 | 0.00223846
Load  79 | 0.00520156 | 0.00691389 | 0.00460526 | 0.00325098 | 0.00769231 | 0.00384369 | 0.00437774 | 0.00252685 | 0.00188917 | 0.00629723 | 0.00382897 | 0.01043585 | 0.00193175 | 0.01038287 | 0.00190114 | 0.00683230 | 0.00124224 | 0.00525279 | 0.01137800 | 0.00584416 | 0.00528144 | 0.00291230
Load  80 | 0.00387097 | 0.00428135 | 0.00251256 | 0.00756144 | 0.01336574 | 0.00496894 | 0.01096892 | 0.00378072 | 0.00742574 | 0.00313676 | 0.00491099 | 0.00251099 | 0.00961538 | 0.01327701 | 0.01768793 | 0.00517464 | 0.00789314 | 0.00507614 | 0.00747664 | 0.00858369 | 0.00720398 | 0.00398890
Load  81 | 0.01298701 | 0.00486027 | 0.00804954 | 0.01171393 | 0.00482800 | 0.00919681 | 0.01186017 | 0.00787402 | 0.01160660 | 0.00263331 | 0.01455428 | 0.00534125 | 0.01020408 | 0.00778210 | 0.01222494 | 0.00789793 | 0.00669100 | 0.00758534 | 0.00000000 | 0.00743955 | 0.00826651 | 0.00356592
Load  82 | 0.01087613 | 0.01380552 | 0.00742574 | 0.01127596 | 0.00557621 | 0.00813481 | 0.00904159 | 0.01384519 | 0.00500000 | 0.01045904 | 0.01206273 | 0.01250000 | 0.00698413 | 0.00856793 | 0.00686213 | 0.00390625 | 0.01065831 | 0.01141408 | 0.00492914 | 0.00965018 | 0.00914875 | 0.00291441
Load  83 | 0.01649602 | 0.01655426 | 0.01230950 | 0.01244076 | 0.01615695 | 0.01385390 | 0.00674433 | 0.00624220 | 0.01574307 | 0.00669507 | 0.01110426 | 0.01667696 | 0.01590214 | 0.01139089 | 0.00952381 | 0.01543943 | 0.00795594 | 0.01859628 | 0.00633312 | 0.00850030 | 0.01223296 | 0.00402658
Load  84 | 0.01323706 | 0.01382778 | 0.01393939 | 0.02545249 | 0.01642336 | 0.01190476 | 0.01525822 | 0.01362559 | 0.01772002 | 0.01470588 | 0.01929825 | 0.01476015 | 0.00529412 | 0.01403295 | 0.01654846 | 0.01658768 | 0.01396973 | 0.01247772 | 0.01657786 | 0.02140309 | 0.01535223 | 0.00389185
Load  85 | 0.00490798 | 0.01730310 | 0.01423488 | 0.01247031 | 0.01930954 | 0.01576182 | 0.02776171 | 0.01565322 | 0.01604278 | 0.01029679 | 0.01000589 | 0.01231672 | 0.02298851 | 0.02991202 | 0.01369863 | 0.01763085 | 0.01191185 | 0.01427722 | 0.00923254 | 0.01575758 | 0.01557370 | 0.00584825
Load  86 | 0.00759790 | 0.02186099 | 0.02236610 | 0.01141827 | 0.01328502 | 0.01148765 | 0.01405975 | 0.01915264 | 0.00668693 | 0.03274854 | 0.02141582 | 0.01824401 | 0.01976936 | 0.01700880 | 0.03376019 | 0.03163445 | 0.01578025 | 0.02357101 | 0.03076923 | 0.01214575 | 0.01923813 | 0.00795376
Load  87 | 0.01707989 | 0.01749436 | 0.02258251 | 0.03123257 | 0.01328904 | 0.03531390 | 0.01417602 | 0.02500000 | 0.01501155 | 0.01857062 | 0.02482270 | 0.01866978 | 0.01492537 | 0.02064732 | 0.02480271 | 0.03005904 | 0.02197150 | 0.01980758 | 0.01980758 | 0.02500000 | 0.02151320 | 0.00579508
Load  88 | 0.02202899 | 0.04161980 | 0.02086957 | 0.02023609 | 0.03813797 | 0.01244344 | 0.03050847 | 0.02774695 | 0.02393162 | 0.02249719 | 0.02511416 | 0.02757860 | 0.01631702 | 0.03605634 | 0.02142444 | 0.01761597 | 0.02387562 | 0.03548941 | 0.02879291 | 0.04064588 | 0.02664652 | 0.00802567
Load  89 | 0.02584721 | 0.03119869 | 0.03517588 | 0.03125000 | 0.03644395 | 0.03386912 | 0.03076063 | 0.03101229 | 0.02966343 | 0.03005464 | 0.03914989 | 0.02970297 | 0.02224694 | 0.04203152 | 0.03585218 | 0.02486679 | 0.02983425 | 0.02515723 | 0.01129305 | 0.04948341 | 0.03124470 | 0.00766997
Load  90 | 0.02375566 | 0.03349541 | 0.03848268 | 0.04894707 | 0.02470522 | 0.04515419 | 0.02952646 | 0.03759398 | 0.02970297 | 0.03501722 | 0.03131991 | 0.02072539 | 0.04714510 | 0.02783843 | 0.03596350 | 0.04362231 | 0.02815315 | 0.04357419 | 0.04159914 | 0.02847182 | 0.03473969 | 0.00808011
Load  91 | 0.04128440 | 0.02267699 | 0.04625551 | 0.03826385 | 0.03478741 | 0.02803235 | 0.05304299 | 0.03005464 | 0.03463441 | 0.04184100 | 0.02670455 | 0.03612479 | 0.03425775 | 0.03470716 | 0.02689352 | 0.05608525 | 0.03647587 | 0.03646724 | 0.03493222 | 0.03779878 | 0.03656603 | 0.00811899
Load  92 | 0.05098684 | 0.06437768 | 0.03758983 | 0.05021834 | 0.05408389 | 0.04343105 | 0.04378763 | 0.04928018 | 0.03949534 | 0.04827208 | 0.04136389 | 0.03787047 | 0.04103672 | 0.03637351 | 0.05251876 | 0.04431393 | 0.05073650 | 0.03969957 | 0.04759329 | 0.05375754 | 0.04633935 | 0.00692451
Load  93 | 0.04355017 | 0.03534530 | 0.04343164 | 0.05216426 | 0.05803571 | 0.05729443 | 0.03524946 | 0.03993435 | 0.05564738 | 0.05152979 | 0.05888538 | 0.06569736 | 0.04142326 | 0.05396654 | 0.02831760 | 0.05240411 | 0.03369565 | 0.03444564 | 0.04124802 | 0.05362078 | 0.04679434 | 0.01014300
Load  94 | 0.05993852 | 0.04590164 | 0.04521556 | 0.04603175 | 0.04653622 | 0.06279936 | 0.06526104 | 0.04354927 | 0.05234160 | 0.03943218 | 0.05353430 | 0.05735528 | 0.06226913 | 0.04830149 | 0.02966102 | 0.05885589 | 0.07268951 | 0.05420054 | 0.05357143 | 0.04274892 | 0.05200973 | 0.00987629
Load  95 | 0.05302625 | 0.05140187 | 0.05401154 | 0.04347826 | 0.04268943 | 0.06832627 | 0.04617922 | 0.03835616 | 0.03521878 | 0.06526549 | 0.05366631 | 0.05735528 | 0.05395495 | 0.04855842 | 0.05240642 | 0.06866288 | 0.05512220 | 0.05310200 | 0.04887218 | 0.05034446 | 0.05199992 | 0.00853626
Load  96 | 0.05839032 | 0.04474394 | 0.03237792 | 0.06613333 | 0.07924922 | 0.04764483 | 0.06957847 | 0.06316348 | 0.05299056 | 0.04925847 | 0.05756149 | 0.06734694 | 0.06443556 | 0.05744125 | 0.04729012 | 0.05939086 | 0.06673407 | 0.05864198 | 0.06797116 | 0.05903677 | 0.05846904 | 0.01033979
Load  97 | 0.05673759 | 0.06060606 | 0.08218479 | 0.06799591 | 0.06054169 | 0.07007673 | 0.07347760 | 0.04679552 | 0.07711694 | 0.06285130 | 0.05172414 | 0.07474227 | 0.06086957 | 0.08056395 | 0.06393862 | 0.05888538 | 0.06558210 | 0.05910853 | 0.06059037 | 0.05090726 | 0.06426482 | 0.00949602
Load  98 | 0.05682395 | 0.08826479 | 0.06733668 | 0.06034483 | 0.06163656 | 0.07598784 | 0.06129511 | 0.04733132 | 0.07340862 | 0.09393939 | 0.07648871 | 0.08259587 | 0.07401736 | 0.06496881 | 0.06766917 | 0.08076729 | 0.06841046 | 0.07343750 | 0.07788162 | 0.07459677 | 0.07136013 | 0.01075141
Load  99 | 0.07164634 | 0.09519184 | 0.08384458 | 0.08712303 | 0.09220581 | 0.06424434 | 0.07427447 | 0.08525233 | 0.07187828 | 0.08510638 | 0.06656426 | 0.06670010 | 0.08548306 | 0.06998521 | 0.07545220 | 0.07177734 | 0.07926221 | 0.06856272 | 0.05846467 | 0.07520325 | 0.07641112 | 0.00962371
Load 100 | 0.09781022 | 0.08629191 | 0.10030395 | 0.07416751 | 0.07614213 | 0.09113300 | 0.08424726 | 0.08228801 | 0.09984871 | 0.06700508 | 0.07503828 | 0.09235977 | 0.09263050 | 0.09443340 | 0.08437200 | 0.08060576 | 0.06304459 | 0.07352185 | 0.09008556 | 0.10044754 | 0.08528885 | 0.01091456
Load 101 | 0.07355769 | 0.08662614 | 0.11040236 | 0.07787087 | 0.07220039 | 0.10353410 | 0.08032708 | 0.08413926 | 0.10044532 | 0.09056425 | 0.08659491 | 0.09257426 | 0.09591736 | 0.06679861 | 0.08429319 | 0.09725051 | 0.08316832 | 0.07941176 | 0.07324365 | 0.10113468 | 0.08700274 | 0.01149562
Load 102 | 0.09394673 | 0.10333333 | 0.09865471 | 0.11014071 | 0.07844105 | 0.07894737 | 0.08606965 | 0.09727823 | 0.08830665 | 0.08898305 | 0.09715994 | 0.09417476 | 0.08873380 | 0.10867446 | 0.12404943 | 0.09331337 | 0.10074977 | 0.11468330 | 0.10735294 | 0.10411622 | 0.09785547 | 0.01136314
Load 103 | 0.09490416 | 0.09285714 | 0.09090909 | 0.10766962 | 0.10640347 | 0.11341772 | 0.08564232 | 0.09709710 | 0.11154408 | 0.09041769 | 0.09657469 | 0.08760577 | 0.09015595 | 0.07665848 | 0.12356870 | 0.08003811 | 0.10236220 | 0.07951686 | 0.10619048 | 0.11221814 | 0.09728759 | 0.01246153
Load 104 | 0.10932324 | 0.13156627 | 0.10225564 | 0.08983218 | 0.10078960 | 0.10193237 | 0.12968300 | 0.13173653 | 0.10412668 | 0.10694653 | 0.11020212 | 0.11063011 | 0.12269067 | 0.09165461 | 0.10593428 | 0.12138728 | 0.10491493 | 0.11132438 | 0.09829684 | 0.08604764 | 0.10856374 | 0.01289805
Load 105 | 0.10955478 | 0.09724771 | 0.11143411 | 0.10982659 | 0.11253561 | 0.12017167 | 0.11641221 | 0.11064030 | 0.11105815 | 0.12494129 | 0.12607450 | 0.12801134 | 0.10886908 | 0.10495627 | 0.11480945 | 0.12767985 | 0.09000000 | 0.10801394 | 0.11665053 | 0.10272639 | 0.11258069 | 0.00962754
Load 106 | 0.14432529 | 0.12612613 | 0.13055556 | 0.11654676 | 0.10406812 | 0.09221902 | 0.12690355 | 0.11734455 | 0.09737470 | 0.10886541 | 0.13258110 | 0.11563981 | 0.11932616 | 0.11761949 | 0.10354886 | 0.12718894 | 0.11847015 | 0.08400570 | 0.10727612 | 0.11069940 | 0.11503424 | 0.01419099
Load 107 | 0.10918228 | 0.13469577 | 0.12206798 | 0.11197797 | 0.10979650 | 0.12128253 | 0.11853246 | 0.09818008 | 0.11578471 | 0.11869995 | 0.12091503 | 0.12081170 | 0.13147974 | 0.10514127 | 0.10742278 | 0.12207671 | 0.14040778 | 0.10734463 | 0.13271462 | 0.12587088 | 0.11871927 | 0.01063395
Load 108 | 0.12663953 | 0.11080711 | 0.12924528 | 0.11695076 | 0.13556086 | 0.12596285 | 0.13668389 | 0.12869004 | 0.11707543 | 0.14172123 | 0.10769231 | 0.12725590 | 0.11445199 | 0.11054343 | 0.12240289 | 0.12649494 | 0.10523876 | 0.10962822 | 0.14643020 | 0.14447978 | 0.12419777 | 0.01220337
Load 109 | 0.13498623 | 0.11207685 | 0.12940651 | 0.13694268 | 0.12379280 | 0.12245820 | 0.15276519 | 0.13555454 | 0.13510942 | 0.13336410 | 0.14337079 | 0.13560844 | 0.12609296 | 0.14594087 | 0.13885120 | 0.14845173 | 0.14537854 | 0.14193845 | 0.11230196 | 0.12873134 | 0.13415614 | 0.01077821
Load 110 | 0.12820513 | 0.14435815 | 0.13856209 | 0.13736749 | 0.14338235 | 0.15151515 | 0.13508613 | 0.12135466 | 0.14352720 | 0.13057325 | 0.13837312 | 0.14052288 | 0.15015549 | 0.13897691 | 0.14349376 | 0.13068689 | 0.15023041 | 0.13465074 | 0.14703154 | 0.15928800 | 0.14036707 | 0.00878163
Load 111 | 0.13617415 | 0.18045113 | 0.12985866 | 0.13453537 | 0.12913178 | 0.14638448 | 0.16446790 | 0.15053265 | 0.15346756 | 0.15791876 | 0.14980115 | 0.17028671 | 0.15912031 | 0.15018315 | 0.14685947 | 0.14721969 | 0.15512708 | 0.15091805 | 0.14442013 | 0.12253327 | 0.14896957 | 0.01378403
Load 112 | 0.14279359 | 0.14871564 | 0.16790555 | 0.16339013 | 0.13294798 | 0.15341702 | 0.12930649 | 0.15471869 | 0.14821429 | 0.15222272 | 0.13287017 | 0.14079254 | 0.15992731 | 0.16500000 | 0.15554574 | 0.12312585 | 0.14298684 | 0.16163410 | 0.15810995 | 0.14839278 | 0.14910087 | 0.01225971
Load 113 | 0.17637059 | 0.16147687 | 0.16927083 | 0.16116071 | 0.13775971 | 0.13634351 | 0.15580357 | 0.15840220 | 0.15432649 | 0.15137822 | 0.15684497 | 0.14676069 | 0.16981943 | 0.15054250 | 0.15234556 | 0.15184859 | 0.15405165 | 0.13799283 | 0.15103926 | 0.15638963 | 0.15449639 | 0.01010393
Load 114 | 0.20017483 | 0.15458098 | 0.17253219 | 0.18225949 | 0.16602482 | 0.16722689 | 0.17100044 | 0.15705680 | 0.18485523 | 0.16357359 | 0.15320088 | 0.14925373 | 0.13345438 | 0.16572912 | 0.18513632 | 0.15471534 | 0.15266168 | 0.16614976 | 0.15419917 | 0.17111111 | 0.16524484 | 0.01483619
Load 115 | 0.15546942 | 0.16630004 | 0.17272319 | 0.16061269 | 0.17268041 | 0.16652060 | 0.17990347 | 0.15335868 | 0.18633000 | 0.16302448 | 0.18486672 | 0.18774111 | 0.18147368 | 0.17508562 | 0.18733624 | 0.18337510 | 0.15579399 | 0.17520448 | 0.18657661 | 0.16101695 | 0.17276967 | 0.01147533
Load 116 | 0.16791667 | 0.16188437 | 0.21647751 | 0.17624021 | 0.19120209 | 0.16740478 | 0.19499341 | 0.18142172 | 0.17048346 | 0.14610111 | 0.16581197 | 0.16673923 | 0.14618370 | 0.18562092 | 0.15150136 | 0.17457553 | 0.18981881 | 0.16377816 | 0.17455493 | 0.18569636 | 0.17392032 | 0.01680158
Load 117 | 0.16000000 | 0.17977528 | 0.18613949 | 0.19301848 | 0.17109929 | 0.18094842 | 0.18531170 | 0.18664966 | 0.17550505 | 0.18974584 | 0.17589852 | 0.19604471 | 0.19323467 | 0.18826907 | 0.20737141 | 0.18845501 | 0.20241449 | 0.17699115 | 0.17616580 | 0.20663265 | 0.18598353 | 0.01168940
Load 118 | 0.17554077 | 0.18781302 | 0.16969953 | 0.18142918 | 0.18429003 | 0.18497364 | 0.19269521 | 0.16003537 | 0.18350604 | 0.19198955 | 0.17490494 | 0.17972743 | 0.19514170 | 0.18079332 | 0.18584791 | 0.17415254 | 0.16928966 | 0.17681646 | 0.17565818 | 0.16688340 | 0.17955939 | 0.00889998
Load 119 | 0.18057922 | 0.17376344 | 0.18013468 | 0.17725197 | 0.19319614 | 0.18178186 | 0.18874172 | 0.19293015 | 0.18551461 | 0.19598634 | 0.18739703 | 0.19805332 | 0.20446247 | 0.17836499 | 0.22254455 | 0.17508418 | 0.19114517 | 0.20727121 | 0.18894389 | 0.17683686 | 0.18899919 | 0.01205787
Load 120 | 0.20000000 | 0.21600332 | 0.20785597 | 0.21232033 | 0.18822076 | 0.19833333 | 0.19429058 | 0.19752577 | 0.21698113 | 0.19386451 | 0.20417732 | 0.20008285 | 0.18392709 | 0.23643248 | 0.21632822 | 0.21027668 | 0.19322459 | 0.19635460 | 0.19983653 | 0.18921197 | 0.20276240 | 0.01219465
Load 121 | 0.21545380 | 0.20374898 | 0.20867430 | 0.20032841 | 0.20718118 | 0.18439108 | 0.22378782 | 0.20414079 | 0.19710744 | 0.19761499 | 0.18656716 | 0.19883285 | 0.19248245 | 0.19814111 | 0.18338954 | 0.20008624 | 0.19186785 | 0.20221843 | 0.21371811 | 0.21290323 | 0.20113179 | 0.01033996
Load 122 | 0.19291180 | 0.21059014 | 0.21041753 | 0.19716599 | 0.20716639 | 0.20847315 | 0.21466395 | 0.20863896 | 0.22008368 | 0.22433165 | 0.21855922 | 0.19762376 | 0.18841832 | 0.20188370 | 0.20364372 | 0.22030415 | 0.20139173 | 0.20344683 | 0.21551052 | 0.17535934 | 0.20602923 | 0.01169398
Load 123 | 0.21411290 | 0.21193336 | 0.23083035 | 0.21920668 | 0.20938486 | 0.21197007 | 0.22714344 | 0.21778656 | 0.20605551 | 0.21360033 | 0.20715706 | 0.22292741 | 0.20655330 | 0.22311396 | 0.23256735 | 0.23543888 | 0.20894910 | 0.22341303 | 0.23136646 | 0.22599763 | 0.21897541 | 0.00928550
Load 124 | 0.20672882 | 0.21900161 | 0.21707612 | 0.21495327 | 0.20979592 | 0.21272285 | 0.22854883 | 0.22814755 | 0.21823204 | 0.24230769 | 0.20108923 | 0.21406127 | 0.22519685 | 0.24035018 | 0.21566164 | 0.20610058 | 0.23612228 | 0.21811383 | 0.21320832 | 0.21368547 | 0.21905522 | 0.01092272
Load 125 | 0.21684296 | 0.24352751 | 0.23178543 | 0.23381295 | 0.21978882 | 0.20629085 | 0.20609463 | 0.23088924 | 0.22025217 | 0.22226704 | 0.22449833 | 0.19362646 | 0.22226624 | 0.19433198 | 0.20609177 | 0.24650781 | 0.22396048 | 0.23202875 | 0.23123003 | 0.23265306 | 0.22193733 | 0.01422276
Load 126 | 0.22532442 | 0.22029214 | 0.20426216 | 0.24076330 | 0.24121595 | 0.21575908 | 0.24088748 | 0.22661448 | 0.24776352 | 0.23496835 | 0.22913386 | 0.23288217 | 0.22035225 | 0.23364854 | 0.22561459 | 0.23236994 | 0.22049442 | 0.21643036 | 0.23269931 | 0.25602176 | 0.22987490 | 0.01181547
Load 127 | 0.21541582 | 0.24668008 | 0.25275980 | 0.23022152 | 0.23846452 | 0.25080386 | 0.22807707 | 0.23392283 | 0.24219676 | 0.23778123 | 0.23241590 | 0.22704378 | 0.23969281 | 0.22843639 | 0.25141137 | 0.23515806 | 0.24670798 | 0.23889980 | 0.23513617 | 0.23732252 | 0.23742741 | 0.00914571
Load 128 | 0.24080664 | 0.22994864 | 0.24101400 | 0.25446082 | 0.23538581 | 0.25435816 | 0.24428073 | 0.25675147 | 0.23441200 | 0.22402855 | 0.23014336 | 0.23912206 | 0.25883739 | 0.24333064 | 0.22977219 | 0.24064790 | 0.24333856 | 0.26317845 | 0.25972540 | 0.23265783 | 0.24281003 | 0.01124027
Load 129 | 0.24415976 | 0.25730994 | 0.26718147 | 0.24310276 | 0.26068702 | 0.22734375 | 0.23475851 | 0.25385208 | 0.24708171 | 0.23267518 | 0.25137904 | 0.20717593 | 0.25066163 | 0.24536321 | 0.25047295 | 0.25068333 | 0.25371429 | 0.24796905 | 0.25563622 | 0.25038226 | 0.24657950 | 0.01282169
Load 130 | 0.24103978 | 0.26362241 | 0.27192982 | 0.24216418 | 0.24136578 | 0.26025237 | 0.25629630 | 0.24152707 | 0.25147929 | 0.25616131 | 0.23787350 | 0.24754034 | 0.26024749 | 0.27679939 | 0.22196170 | 0.25892857 | 0.25306748 | 0.24517906 | 0.22939613 | 0.24933384 | 0.25030829 | 0.01310976
Load 131 | 0.27731092 | 0.26269569 | 0.24486633 | 0.25679196 | 0.26012461 | 0.27228097 | 0.24990661 | 0.27587534 | 0.26832151 | 0.25173210 | 0.25609269 | 0.26268187 | 0.25591314 | 0.25986968 | 0.27428780 | 0.21221374 | 0.26957831 | 0.27179487 | 0.27842679 | 0.27217589 | 0.26164704 | 0.01479840
Load 132 | 0.26259259 | 0.27397784 | 0.26242991 | 0.26402767 | 0.26023282 | 0.26062847 | 0.26095311 | 0.25314525 | 0.25715334 | 0.26153846 | 0.26124438 | 0.25507901 | 0.25817362 | 0.25331255 | 0.26232593 | 0.28024739 | 0.24682814 | 0.26398210 | 0.27353054 | 0.26676829 | 0.26190857 | 0.00747536
Load 133 | 0.27752809 | 0.26090254 | 0.27014582 | 0.25489443 | 0.24727546 | 0.28007449 | 0.25211319 | 0.24603774 | 0.26367781 | 0.26789060 | 0.25114855 | 0.25403536 | 0.25932836 | 0.26813996 | 0.26460481 | 0.27805825 | 0.27901867 | 0.27381845 | 0.26869410 | 0.26733052 | 0.26423586 | 0.01045457
Load 134 | 0.24825986 | 0.25458090 | 0.26362957 | 0.27991137 | 0.26522377 | 0.28133087 | 0.25993316 | 0.29906542 | 0.28162816 | 0.28332700 | 0.26715867 | 0.28077508 | 0.28017557 | 0.27106637 | 0.26288469 | 0.27790015 | 0.26830161 | 0.28501321 | 0.27354100 | 0.29229607 | 0.27380012 | 0.01234985
Load 135 | 0.30676417 | 0.28453453 | 0.26947213 | 0.27404382 | 0.28319263 | 0.26526858 | 0.28182849 | 0.26311816 | 0.30037313 | 0.26317729 | 0.25718666 | 0.29225352 | 0.26788376 | 0.27655609 | 0.28078251 | 0.29913295 | 0.26840943 | 0.27800220 | 0.27762906 | 0.28485981 | 0.27872345 | 0.01309147
Load 136 | 0.28291211 | 0.27144491 | 0.27540007 | 0.28283199 | 0.25705795 | 0.27841968 | 0.27390181 | 0.27474527 | 0.26741155 | 0.29031117 | 0.26639496 | 0.27922078 | 0.27442905 | 0.27119857 | 0.27631579 | 0.27957371 | 0.29189996 | 0.27849462 | 0.27193302 | 0.31346499 | 0.27786810 | 0.01121426
Load 137 | 0.27015251 | 0.28406216 | 0.30132096 | 0.29741379 | 0.29332850 | 0.29633700 | 0.32175172 | 0.30888889 | 0.28354898 | 0.29743590 | 0.29195236 | 0.30883958 | 0.28822055 | 0.28316611 | 0.27814815 | 0.30705544 | 0.26109278 | 0.29194139 | 0.28137151 | 0.29337305 | 0.29197007 | 0.01380757
Load 138 | 0.29165134 | 0.28284672 | 0.28761699 | 0.31850789 | 0.32521490 | 0.28146048 | 0.27710414 | 0.30537634 | 0.29255898 | 0.29215543 | 0.27851745 | 0.28896104 | 0.30398323 | 0.29278274 | 0.29751773 | 0.30085853 | 0.29985906 | 0.30726257 | 0.29912345 | 0.29471033 | 0.29590347 | 0.01206948
Load 139 | 0.30957372 | 0.30265487 | 0.29467890 | 0.28263177 | 0.29694794 | 0.29970545 | 0.29396709 | 0.30698866 | 0.30458515 | 0.30617978 | 0.29543001 | 0.28154290 | 0.30382436 | 0.29787234 | 0.30460572 | 0.28181496 | 0.31598513 | 0.28334535 | 0.30335033 | 0.28436364 | 0.29750240 | 0.00994736
Load 140 | 0.31104755 | 0.30946292 | 0.30209841 | 0.28670058 | 0.30340136 | 0.29441624 | 0.32808587 | 0.28941685 | 0.27453102 | 0.30631917 | 0.29683426 | 0.30007391 | 0.29584959 | 0.31851048 | 0.27931537 | 0.32140375 | 0.33060789 | 0.32080112 | 0.29701546 | 0.31208172 | 0.30389868 | 0.01500220
Load 141 | 0.28906250 | 0.30103806 | 0.30815179 | 0.30244253 | 0.31599856 | 0.30353357 | 0.28490432 | 0.30681818 | 0.29948110 | 0.30292102 | 0.29916025 | 0.31534816 | 0.28962132 | 0.30349345 | 0.30175320 | 0.30684555 | 0.30763766 | 0.30304077 | 0.31988873 | 0.31666067 | 0.30389007 | 0.00891327
Load 142 | 0.33071135 | 0.31104145 | 0.31942446 | 0.31678986 | 0.31291799 | 0.29708131 | 0.31875641 | 0.29181246 | 0.33157710 | 0.31511710 | 0.32746114 | 0.31846910 | 0.29235168 | 0.31487287 | 0.30802603 | 0.29843861 | 0.29561528 | 0.32601116 | 0.30633437 | 0.30955631 | 0.31211830 | 0.01199197
Load 143 | 0.33379406 | 0.30728430 | 0.31819722 | 0.30157031 | 0.29822732 | 0.33071404 | 0.32881474 | 0.31904597 | 0.31978799 | 0.31479538 | 0.32350877 | 0.29882271 | 0.33016209 | 0.31173944 | 0.31964101 | 0.30939427 | 0.31773399 | 0.32588518 | 0.30152950 | 0.30534892 | 0.31579986 | 0.01090210
Load 144 | 0.33560477 | 0.31895064 | 0.31936813 | 0.32420404 | 0.31944923 | 0.31250000 | 0.31948324 | 0.35048343 | 0.32260251 | 0.32671160 | 0.31707317 | 0.31554770 | 0.30813365 | 0.33071135 | 0.32960112 | 0.31908345 | 0.30816960 | 0.30648464 | 0.33900613 | 0.31687675 | 0.32200226 | 0.01070268
Load 145 | 0.32558140 | 0.32745763 | 0.31905259 | 0.33094262 | 0.31032054 | 0.32546023 | 0.31096037 | 0.33539519 | 0.31781101 | 0.33045580 | 0.31566182 | 0.33455760 | 0.32959720 | 0.32731608 | 0.31610408 | 0.33845055 | 0.33960363 | 0.33471074 | 0.31674054 | 0.34592515 | 0.32660524 | 0.00976369
Load 146 | 0.31300268 | 0.33035407 | 0.32221064 | 0.32215447 | 0.31439526 | 0.31558669 | 0.31480854 | 0.32435198 | 0.32197615 | 0.33218825 | 0.32196162 | 0.31708149 | 0.33321965 | 0.33936348 | 0.35159363 | 0.30990415 | 0.33185084 | 0.33757535 | 0.33096927 | 0.31277988 | 0.32486640 | 0.01054809
Load 147 | 0.32223001 | 0.32398754 | 0.31016775 | 0.33333333 | 0.34310460 | 0.33058419 | 0.31530037 | 0.32305536 | 0.33401709 | 0.33118207 | 0.34782609 | 0.30661041 | 0.34148069 | 0.35161930 | 0.33432638 | 0.32671160 | 0.33458262 | 0.34486232 | 0.32728495 | 0.32002661 | 0.33011466 | 0.01182562
Load 148 | 0.33114323 | 0.32278912 | 0.34366667 | 0.33595084 | 0.33053221 | 0.32969656 | 0.32055163 | 0.34728171 | 0.35627938 | 0.32717949 | 0.33094017 | 0.32634033 | 0.32487136 | 0.33114187 | 0.34095494 | 0.32928475 | 0.32880259 | 0.33457249 | 0.34090909 | 0.34984730 | 0.33413679 | 0.00926761
Load 149 | 0.32910569 | 0.33569740 | 0.34649123 | 0.33638832 | 0.35855263 | 0.34763661 | 0.33775713 | 0.31990832 | 0.35109199 | 0.35933333 | 0.34089415 | 0.33839919 | 0.33310177 | 0.34378126 | 0.34336525 | 0.34312052 | 0.34004863 | 0.31963315 | 0.33642691 | 0.34555483 | 0.34031442 | 0.01010737
Load 150 | 0.33467337 | 0.35412475 | 0.33786923 | 0.35094090 | 0.33890215 | 0.35467817 | 0.33288904 | 0.34753662 | 0.34837847 | 0.35557061 | 0.33455760 | 0.33344448 | 0.34798909 | 0.35275862 | 0.34693878 | 0.33221925 | 0.35744821 | 0.34027326 | 0.34274327 | 0.33894389 | 0.34414399 | 0.00826553
Load 151 | 0.32012093 | 0.33593496 | 0.33469111 | 0.34585709 | 0.35458686 | 0.36101200 | 0.36163630 | 0.34932632 | 0.33510815 | 0.35753647 | 0.34990125 | 0.34056761 | 0.37017486 | 0.34605349 | 0.34196547 | 0.35020961 | 0.35920699 | 0.34870788 | 0.35777998 | 0.34246575 | 0.34814215 | 0.01142303
Load 152 | 0.36056897 | 0.34882177 | 0.34243495 | 0.37811773 | 0.35570687 | 0.35873850 | 0.32807882 | 0.36539746 | 0.34571723 | 0.34219269 | 0.34698558 | 0.35681217 | 0.35685752 | 0.35756579 | 0.35871011 | 0.33486691 | 0.35578187 | 0.33719008 | 0.35894125 | 0.34853955 | 0.35190129 | 0.01126657
Load 153 | 0.35200261 | 0.36618777 | 0.36718225 | 0.35220949 | 0.35235235 | 0.37234043 | 0.37258172 | 0.37002195 | 0.36680796 | 0.33495776 | 0.34799609 | 0.35998705 | 0.37459494 | 0.35296108 | 0.36115675 | 0.35443466 | 0.36158556 | 0.36536537 | 0.35623987 | 0.35538006 | 0.35981729 | 0.00965033
Load 154 | 0.36807716 | 0.35236220 | 0.38208000 | 0.36706413 | 0.37881220 | 0.37851240 | 0.38065777 | 0.34467944 | 0.34958037 | 0.37257439 | 0.36424474 | 0.35080778 | 0.36674186 | 0.36112026 | 0.34784076 | 0.36867704 | 0.36135549 | 0.37833494 | 0.36700767 | 0.34908390 | 0.36448073 | 0.01175342
Load 155 | 0.34850455 | 0.36213469 | 0.36735341 | 0.37651951 | 0.35332044 | 0.35409310 | 0.37916929 | 0.35636247 | 0.38070740 | 0.35950278 | 0.34185513 | 0.35888962 | 0.35477583 | 0.36475543 | 0.37811271 | 0.35972630 | 0.36557060 | 0.37203496 | 0.35944101 | 0.34807150 | 0.36204504 | 0.01071509
Load 156 | 0.36749681 | 0.39301447 | 0.35143238 | 0.36053316 | 0.38328436 | 0.37229987 | 0.38357072 | 0.35067873 | 0.35030814 | 0.37226971 | 0.36607143 | 0.35045988 | 0.37141905 | 0.36351917 | 0.35859580 | 0.35471331 | 0.36983670 | 0.34623082 | 0.36282051 | 0.35813205 | 0.36433435 | 0.01229406
Load 157 | 0.37500000 | 0.38619632 | 0.35753293 | 0.38181252 | 0.35709657 | 0.37693523 | 0.35991957 | 0.38274408 | 0.37574803 | 0.37904762 | 0.37887597 | 0.36566688 | 0.37471783 | 0.37539432 | 0.38347055 | 0.35789149 | 0.38751950 | 0.38439761 | 0.35771575 | 0.37297812 | 0.37353304 | 0.01019103
Load 158 | 0.39397742 | 0.38058991 | 0.36354962 | 0.36993504 | 0.37174379 | 0.37483912 | 0.37724359 | 0.40126382 | 0.36896000 | 0.36372581 | 0.39218904 | 0.36266499 | 0.36303318 | 0.36263736 | 0.38558388 | 0.35527157 | 0.35962653 | 0.40589711 | 0.35605096 | 0.36586902 | 0.37373259 | 0.01460029
Load 159 | 0.36494523 | 0.37022901 | 0.37839506 | 0.38004972 | 0.38545338 | 0.37590665 | 0.38579302 | 0.38785667 | 0.35679612 | 0.37472767 | 0.37810632 | 0.39789929 | 0.37264743 | 0.39196457 | 0.37530788 | 0.38388626 | 0.38359133 | 0.37379227 | 0.39873817 | 0.36384144 | 0.37899637 | 0.01057001
Load 160 | 0.37964656 | 0.38303909 | 0.37931034 | 0.38676065 | 0.35955747 | 0.38515364 | 0.38456847 | 0.38381040 | 0.40199129 | 0.38881870 | 0.36655738 | 0.38729055 | 0.39462025 | 0.37750876 | 0.38506998 | 0.37754453 | 0.38895706 | 0.37436709 | 0.37527387 | 0.36878788 | 0.38143170 | 0.00949035
Load 161 | 0.39760516 | 0.38961851 | 0.38616352 | 0.38697439 | 0.38083613 | 0.39362354 | 0.39694656 | 0.39077514 | 0.38241758 | 0.38793651 | 0.37727418 | 0.38971755 | 0.38969904 | 0.39933293 | 0.37672956 | 0.38946056 | 0.36881419 | 0.38356599 | 0.38546458 | 0.39780354 | 0.38753796 | 0.00763431
Load 162 | 0.38967579 | 0.40030628 | 0.38714590 | 0.39968553 | 0.37704918 | 0.39396709 | 0.41793268 | 0.41268382 | 0.40363636 | 0.38591022 | 0.40141061 | 0.38939729 | 0.38305191 | 0.39834660 | 0.38219895 | 0.38931532 | 0.40467626 | 0.38119281 | 0.38751669 | 0.39543269 | 0.39402660 | 0.01049622
Load 163 | 0.40747331 | 0.40669560 | 0.38931981 | 0.38912515 | 0.40366119 | 0.39391144 | 0.41134752 | 0.40581012 | 0.38954208 | 0.38937519 | 0.39197241 | 0.39861404 | 0.38856970 | 0.38076336 | 0.37393162 | 0.40498442 | 0.38389058 | 0.38485127 | 0.38317757 | 0.40788295 | 0.39424497 | 0.01051536
Load 164 | 0.38450119 | 0.41508867 | 0.38132663 | 0.41485507 | 0.38573156 | 0.41367679 | 0.40227064 | 0.38233477 | 0.39070197 | 0.40585774 | 0.39862112 | 0.40789880 | 0.39364303 | 0.40742942 | 0.39721886 | 0.39351285 | 0.39790419 | 0.38905683 | 0.39994062 | 0.39615026 | 0.39788605 | 0.01030821
Load 165 | 0.39396655 | 0.40772156 | 0.41480793 | 0.39793439 | 0.41432069 | 0.41278539 | 0.41649238 | 0.37575574 | 0.40466228 | 0.38175376 | 0.40562369 | 0.41493002 | 0.39018405 | 0.39927405 | 0.38172372 | 0.40887433 | 0.40877032 | 0.39804341 | 0.40320190 | 0.40325054 | 0.40170383 | 0.01164098
Load 166 | 0.40534979 | 0.39724798 | 0.39180929 | 0.41376090 | 0.41644562 | 0.39380399 | 0.41391615 | 0.40060514 | 0.41224971 | 0.41970473 | 0.40315852 | 0.42526377 | 0.41954023 | 0.38833784 | 0.41095066 | 0.40789880 | 0.40005922 | 0.39220390 | 0.37953288 | 0.41028744 | 0.40510633 | 0.01171803
Load 167 | 0.43180499 | 0.39519319 | 0.40884798 | 0.40801457 | 0.41472534 | 0.41224971 | 0.39342780 | 0.40092308 | 0.42635659 | 0.38212635 | 0.40231990 | 0.40500603 | 0.40952381 | 0.40722255 | 0.39901021 | 0.40035746 | 0.41834061 | 0.40848014 | 0.41729437 | 0.42891136 | 0.40850680 | 0.01198460
Load 168 | 0.41013269 | 0.42205663 | 0.40464148 | 0.40554231 | 0.41097150 | 0.40959302 | 0.41199169 | 0.41784452 | 0.42464115 | 0.42536023 | 0.40907751 | 0.42400946 | 0.40084771 | 0.39988308 | 0.38170732 | 0.41606280 | 0.41893831 | 0.41780200 | 0.42131243 | 0.43172332 | 0.41320696 | 0.01110471
Load 169 | 0.38165589 | 0.41000000 | 0.40830253 | 0.41108545 | 0.41088962 | 0.41915086 | 0.41345601 | 0.41713442 | 0.41652174 | 0.42556970 | 0.40514945 | 0.42810651 | 0.38721137 | 0.42658378 | 0.44872918 | 0.40311216 | 0.43245589 | 0.41106129 | 0.40699383 | 0.41508314 | 0.41391264 | 0.01443429
Load 170 | 0.43228415 | 0.40630685 | 0.40289256 | 0.43126450 | 0.42614800 | 0.42534722 | 0.43799012 | 0.42731278 | 0.42668234 | 0.40299824 | 0.42015321 | 0.42882510 | 0.42222884 | 0.44264229 | 0.43565525 | 0.41306267 | 0.41305638 | 0.42861222 | 0.42108295 | 0.41576414 | 0.42301549 | 0.01091691
Load 171 | 0.41386253 | 0.41839677 | 0.42580645 | 0.41746169 | 0.43877250 | 0.41903656 | 0.43564650 | 0.42372881 | 0.41440905 | 0.41837037 | 0.42502884 | 0.40163191 | 0.41048292 | 0.42777778 | 0.43367199 | 0.42594719 | 0.41532499 | 0.42421525 | 0.41209275 | 0.42208553 | 0.42118752 | 0.00877694
Load 172 | 0.43744632 | 0.43187275 | 0.41282205 | 0.43492249 | 0.42555041 | 0.41623188 | 0.43569405 | 0.43279724 | 0.41633006 | 0.43113426 | 0.43532847 | 0.42168675 | 0.42245676 | 0.42395382 | 0.43027656 | 0.43094406 | 0.43307323 | 0.43179844 | 0.42389431 | 0.41537562 | 0.42717948 | 0.00745882
Load 173 | 0.42612482 | 0.41683482 | 0.43961772 | 0.44953350 | 0.42799655 | 0.40553130 | 0.43731947 | 0.42198892 | 0.44856900 | 0.44218478 | 0.43644942 | 0.42382191 | 0.41950928 | 0.41896202 | 0.42543860 | 0.41183397 | 0.43515258 | 0.41581259 | 0.41304965 | 0.42408676 | 0.42699088 | 0.01205745
Load 174 | 0.43391880 | 0.42988506 | 0.42255512 | 0.42166953 | 0.42754868 | 0.43123543 | 0.42395922 | 0.42957746 | 0.42535545 | 0.43411968 | 0.42761238 | 0.41267565 | 0.41252194 | 0.43125183 | 0.43055556 | 0.43493054 | 0.42271106 | 0.42378223 | 0.43998878 | 0.43120567 | 0.42735300 | 0.00675770
Load 175 | 0.41333725 | 0.42633053 | 0.42335973 | 0.42688543 | 0.45620121 | 0.43340858 | 0.42192882 | 0.43692396 | 0.45028571 | 0.42050827 | 0.44798181 | 0.44257703 | 0.44610189 | 0.42740344 | 0.43347398 | 0.43841808 | 0.43912409 | 0.43863238 | 0.45028409 | 0.42652124 | 0.43498438 | 0.01134156
Load 176 | 0.43067519 | 0.44090003 | 0.43502510 | 0.43825043 | 0.43186402 | 0.44155473 | 0.44213227 | 0.44261838 | 0.42153758 | 0.42573427 | 0.43862661 | 0.44930417 | 0.45355505 | 0.43699655 | 0.42729706 | 0.42741485 | 0.44239501 | 0.44094716 | 0.45718271 | 0.43775570 | 0.43808834 | 0.00887342
Load 177 | 0.43002257 | 0.46153846 | 0.45855428 | 0.44371988 | 0.44432224 | 0.44412933 | 0.44300890 | 0.45404208 | 0.44889893 | 0.43613707 | 0.43497388 | 0.45178673 | 0.44346088 | 0.43221321 | 0.44222660 | 0.44362814 | 0.43175246 | 0.42849083 | 0.44457046 | 0.44957639 | 0.44335267 | 0.00894658
Load 178 | 0.43122059 | 0.44746767 | 0.43703906 | 0.45123645 | 0.44197320 | 0.43183131 | 0.42809365 | 0.44080605 | 0.44095836 | 0.44252377 | 0.43494318 | 0.46728188 | 0.43394649 | 0.44488750 | 0.43561485 | 0.46332587 | 0.45388485 | 0.44866071 | 0.43473293 | 0.44327323 | 0.44268508 | 0.01010935
Load 179 | 0.44312206 | 0.44954382 | 0.45878435 | 0.46704331 | 0.44086932 | 0.44648829 | 0.44822774 | 0.44832325 | 0.42977765 | 0.45729488 | 0.42788462 | 0.43819290 | 0.45422149 | 0.44435076 | 0.42942516 | 0.43260448 | 0.43321096 | 0.44037978 | 0.46215566 | 0.44011544 | 0.44460080 | 0.01099996
Load 180 | 0.44030880 | 0.45809601 | 0.43074371 | 0.44778214 | 0.44198139 | 0.45883978 | 0.44053745 | 0.44916871 | 0.42487338 | 0.45447242 | 0.45589471 | 0.43700341 | 0.44878184 | 0.45829938 | 0.45038589 | 0.43897038 | 0.43834081 | 0.45742025 | 0.44477693 | 0.44906900 | 0.44628732 | 0.00937682
Load 181 | 0.44565529 | 0.45261392 | 0.44899088 | 0.46122670 | 0.45637965 | 0.44523354 | 0.45945198 | 0.43600218 | 0.46155989 | 0.46531165 | 0.46858072 | 0.45002823 | 0.44026613 | 0.44007750 | 0.45236784 | 0.44202489 | 0.45224172 | 0.45389089 | 0.44361731 | 0.46022571 | 0.45178733 | 0.00888475
Load 182 | 0.44426049 | 0.44319098 | 0.46226415 | 0.46062567 | 0.42809458 | 0.44500139 | 0.43267045 | 0.46091342 | 0.46195214 | 0.42134674 | 0.45436730 | 0.45565073 | 0.45206943 | 0.45668420 | 0.45213793 | 0.44469654 | 0.46225383 | 0.47440733 | 0.44315992 | 0.45179739 | 0.45037723 | 0.01256272
Load 183 | 0.45708639 | 0.46907757 | 0.43779571 | 0.47499309 | 0.44584736 | 0.45609295 | 0.45365989 | 0.45095291 | 0.46657382 | 0.46390599 | 0.46973755 | 0.44244408 | 0.44554176 | 0.43488682 | 0.45347885 | 0.47009922 | 0.44987708 | 0.45241379 | 0.47516376 | 0.45008228 | 0.45598554 | 0.01174322
Load 184 | 0.46170442 | 0.45758427 | 0.46682783 | 0.45643154 | 0.45681330 | 0.45850340 | 0.45872576 | 0.45793397 | 0.46527401 | 0.45764097 | 0.46021041 | 0.46226415 | 0.45646145 | 0.46428571 | 0.45637762 | 0.46155900 | 0.45677350 | 0.47273719 | 0.44548872 | 0.46990553 | 0.46017514 | 0.00571009
Load 185 | 0.47352538 | 0.46839157 | 0.45988310 | 0.46413850 | 0.47093178 | 0.47881586 | 0.49417853 | 0.46715328 | 0.45685691 | 0.44700333 | 0.45266030 | 0.46064140 | 0.46226154 | 0.44408252 | 0.45736434 | 0.46318095 | 0.47543161 | 0.46174789 | 0.47066702 | 0.47279002 | 0.46508529 | 0.01112060
Load 186 | 0.44480696 | 0.46852003 | 0.45907285 | 0.47207985 | 0.47886200 | 0.47040085 | 0.45913657 | 0.47473937 | 0.45199251 | 0.48183506 | 0.44830329 | 0.48030867 | 0.46556474 | 0.46390338 | 0.46193305 | 0.46623271 | 0.47180763 | 0.45046271 | 0.46257198 | 0.45491581 | 0.46437250 | 0.01046793
Load 187 | 0.45800489 | 0.45832187 | 0.48120915 | 0.46117647 | 0.45829981 | 0.46936115 | 0.47525551 | 0.45940860 | 0.46287393 | 0.48077433 | 0.45348837 | 0.48100937 | 0.46207792 | 0.46040663 | 0.48267591 | 0.46981838 | 0.47298006 | 0.45106383 | 0.46141260 | 0.48368522 | 0.46716520 | 0.01025875
Load 188 | 0.47541422 | 0.48534202 | 0.46285249 | 0.46595461 | 0.47151899 | 0.46929592 | 0.48681118 | 0.48333778 | 0.47190708 | 0.46611746 | 0.47173913 | 0.46715906 | 0.47715336 | 0.50530504 | 0.47593725 | 0.47472060 | 0.48713235 | 0.45870566 | 0.49248927 | 0.47650131 | 0.47626974 | 0.01087046
Load 189 | 0.49268165 | 0.47592295 | 0.48090135 | 0.45435412 | 0.47526358 | 0.48662821 | 0.49013158 | 0.46490999 | 0.48583645 | 0.47798576 | 0.47109505 | 0.48073442 | 0.48005249 | 0.48477690 | 0.46942446 | 0.48439979 | 0.47682119 | 0.47584345 | 0.46675676 | 0.46523628 | 0.47698782 | 0.00933794
Load 190 | 0.46849973 | 0.47627690 | 0.46316878 | 0.45486582 | 0.48105348 | 0.50013120 | 0.48381201 | 0.48331568 | 0.49326999 | 0.48315762 | 0.47727273 | 0.47200419 | 0.47291285 | 0.48019017 | 0.48076923 | 0.47399151 | 0.48412490 | 0.48699764 | 0.47172304 | 0.46504152 | 0.47762895 | 0.01020597
Load 191 | 0.49535124 | 0.49680681 | 0.47244711 | 0.48862434 | 0.48672566 | 0.46540881 | 0.48781120 | 0.46607283 | 0.48792395 | 0.47314376 | 0.48542660 | 0.47795318 | 0.48731884 | 0.45952445 | 0.48051613 | 0.48088004 | 0.48383733 | 0.48408142 | 0.50153925 | 0.48266875 | 0.48220309 | 0.01045307
Load 192 | 0.46690796 | 0.50138644 | 0.46759979 | 0.47769371 | 0.51100307 | 0.48016486 | 0.48493658 | 0.48871216 | 0.49791883 | 0.49409954 | 0.48927926 | 0.47731445 | 0.47021613 | 0.50051813 | 0.49162155 | 0.48242392 | 0.47441253 | 0.47824941 | 0.47996878 | 0.49628871 | 0.48553579 | 0.01184676
Load 193 | 0.49379456 | 0.48706240 | 0.47141738 | 0.49487884 | 0.48579401 | 0.48280354 | 0.47388932 | 0.48812940 | 0.46727510 | 0.47933046 | 0.49314707 | 0.50104004 | 0.49203031 | 0.47403772 | 0.48621228 | 0.48593350 | 0.49299498 | 0.48892364 | 0.48516895 | 0.49776021 | 0.48608119 | 0.00884045
Load 194 | 0.49778473 | 0.48462156 | 0.47110519 | 0.48227133 | 0.48042246 | 0.47549397 | 0.49380111 | 0.49103024 | 0.48382957 | 0.47309881 | 0.48935078 | 0.48610008 | 0.48655505 | 0.49334725 | 0.51397232 | 0.48361934 | 0.49716349 | 0.48637425 | 0.49503916 | 0.48951407 | 0.48772474 | 0.00945597
Load 195 | 0.49469965 | 0.50437919 | 0.51191080 | 0.48031901 | 0.49049911 | 0.49922521 | 0.49835983 | 0.49688797 | 0.47971919 | 0.49191102 | 0.47798239 | 0.49909677 | 0.48203285 | 0.49820697 | 0.48062213 | 0.49518987 | 0.49248790 | 0.48752546 | 0.50167569 | 0.48581560 | 0.49242733 | 0.00904398
Load 196 | 0.49587841 | 0.49518987 | 0.49762915 | 0.47102949 | 0.48955068 | 0.49696490 | 0.48861646 | 0.48157691 | 0.48261328 | 0.49950025 | 0.49188354 | 0.49133384 | 0.50050761 | 0.48139535 | 0.48712004 | 0.48641237 | 0.50454881 | 0.48770277 | 0.50847458 | 0.50608519 | 0.49220067 | 0.00915707
Load 197 | 0.48954615 | 0.49336006 | 0.48621803 | 0.52311922 | 0.51353383 | 0.49531764 | 0.49418898 | 0.48306998 | 0.51915323 | 0.49707454 | 0.48755969 | 0.47343503 | 0.49374374 | 0.49858575 | 0.49818747 | 0.49549098 | 0.50329281 | 0.48219392 | 0.49987306 | 0.49642675 | 0.49616854 | 0.01172817
Load 198 | 0.49572219 | 0.48950695 | 0.49578329 | 0.52245399 | 0.49067840 | 0.48784195 | 0.49923156 | 0.49605899 | 0.52118540 | 0.50124440 | 0.49294355 | 0.50579246 | 0.49076651 | 0.50193349 | 0.50827068 | 0.48939929 | 0.48785425 | 0.51889607 | 0.49303974 | 0.49822154 | 0.49934123 | 0.01061178
Load 199 | 0.49118714 | 0.48411071 | 0.50581689 | 0.50645733 | 0.49871267 | 0.49033877 | 0.51096163 | 0.50313362 | 0.49644670 | 0.51937793 | 0.50586181 | 0.49651914 | 0.48934589 | 0.50608696 | 0.49872123 | 0.50389937 | 0.49002777 | 0.49480881 | 0.48115868 | 0.49250000 | 0.49827365 | 0.00924847
Load 200 | 0.52170621 | 0.50232786 | 0.50074627 | 0.50796020 | 0.49442931 | 0.49659005 | 0.49975137 | 0.51495831 | 0.52351176 | 0.48255960 | 0.48716031 | 0.51464020 | 0.50198708 | 0.52567829 | 0.51612097 | 0.50176589 | 0.50101885 | 0.49796748 | 0.50221348 | 0.52907555 | 0.50610845 | 0.01240697
