# TODAS AS PROBABILIDADES (20 SIMULAÇÕES)
# Requisição 2: [2,5]
# Modo: CONJUNTO
# Data: 2026-02-25 20:42:37
# ================================================================================
# Formato: Load | Sim1 | Sim2 | ... | Sim20 | Média | DesvioPadrão
# ================================================================================

Load   1 | 0.00000000 | 0.00000000 | 0.00000000 | 0.00000000 | 0.00000000 | 0.00000000 | 0.00000000 | 0.00000000 | 0.00000000 | 0.00000000 | 0.00000000 | 0.00000000 | 0.00000000 | 0.00000000 | 0.00000000 | 0.00000000 | 0.00000000 | 0.00000000 | 0.00000000 | 0.00000000 | 0.00000000 | 0.00000000
Load   2 | 0.00000000 | 0.00000000 | 0.00000000 | 0.00000000 | 0.00000000 | 0.00000000 | 0.00000000 | 0.00000000 | 0.00000000 | 0.00000000 | 0.00000000 | 0.00000000 | 0.00000000 | 0.00000000 | 0.00000000 | 0.00000000 | 0.00000000 | 0.00000000 | 0.00000000 | 0.00000000 | 0.00000000 | 0.00000000
Load   3 | 0.00000000 | 0.00000000 | 0.00000000 | 0.00000000 | 0.00000000 | 0.00000000 | 0.00000000 | 0.00000000 | 0.00000000 | 0.00000000 | 0.00000000 | 0.00000000 | 0.00000000 | 0.00000000 | 0.00000000 | 0.00000000 | 0.00000000 | 0.00000000 | 0.00000000 | 0.00000000 | 0.00000000 | 0.00000000
Load   4 | 0.00000000 | 0.00000000 | 0.00000000 | 0.00000000 | 0.00000000 | 0.00000000 | 0.00000000 | 0.00000000 | 0.00000000 | 0.00000000 | 0.00000000 | 0.00000000 | 0.00000000 | 0.00000000 | 0.00000000 | 0.00000000 | 0.00000000 | 0.00000000 | 0.00000000 | 0.00000000 | 0.00000000 | 0.00000000
Load   5 | 0.00000000 | 0.00000000 | 0.00000000 | 0.00000000 | 0.00000000 | 0.00000000 | 0.00000000 | 0.00000000 | 0.00000000 | 0.00000000 | 0.00000000 | 0.00000000 | 0.00000000 | 0.00000000 | 0.00000000 | 0.00000000 | 0.00000000 | 0.00000000 | 0.00000000 | 0.00000000 | 0.00000000 | 0.00000000
Load   6 | 0.00000000 | 0.00000000 | 0.00000000 | 0.00000000 | 0.00000000 | 0.00000000 | 0.00000000 | 0.00000000 | 0.00000000 | 0.00000000 | 0.00000000 | 0.00000000 | 0.00000000 | 0.00000000 | 0.00000000 | 0.00000000 | 0.00000000 | 0.00000000 | 0.00000000 | 0.00000000 | 0.00000000 | 0.00000000
Load   7 | 0.00000000 | 0.00000000 | 0.00000000 | 0.00000000 | 0.00000000 | 0.00000000 | 0.00000000 | 0.00000000 | 0.00000000 | 0.00000000 | 0.00000000 | 0.00000000 | 0.00000000 | 0.00000000 | 0.00000000 | 0.00000000 | 0.00000000 | 0.00000000 | 0.00000000 | 0.00000000 | 0.00000000 | 0.00000000
Load   8 | 0.00000000 | 0.00000000 | 0.00000000 | 0.00000000 | 0.00000000 | 0.00000000 | 0.00000000 | 0.00000000 | 0.00000000 | 0.00000000 | 0.00000000 | 0.00000000 | 0.00000000 | 0.00000000 | 0.00000000 | 0.00000000 | 0.00000000 | 0.00000000 | 0.00000000 | 0.00000000 | 0.00000000 | 0.00000000
Load   9 | 0.00000000 | 0.00000000 | 0.00000000 | 0.00000000 | 0.00000000 | 0.00000000 | 0.00000000 | 0.00000000 | 0.00000000 | 0.00000000 | 0.00000000 | 0.00000000 | 0.00000000 | 0.00000000 | 0.00000000 | 0.00000000 | 0.00000000 | 0.00000000 | 0.00000000 | 0.00000000 | 0.00000000 | 0.00000000
Load  10 | 0.00000000 | 0.00000000 | 0.00000000 | 0.00000000 | 0.00000000 | 0.00000000 | 0.00000000 | 0.00000000 | 0.00000000 | 0.00000000 | 0.00000000 | 0.00000000 | 0.00000000 | 0.00000000 | 0.00000000 | 0.00000000 | 0.00000000 | 0.00000000 | 0.00000000 | 0.00000000 | 0.00000000 | 0.00000000
Load  11 | 0.00000000 | 0.00000000 | 0.00000000 | 0.00000000 | 0.00000000 | 0.00000000 | 0.00000000 | 0.00000000 | 0.00000000 | 0.00000000 | 0.00000000 | 0.00000000 | 0.00000000 | 0.00000000 | 0.00000000 | 0.00000000 | 0.00000000 | 0.00000000 | 0.00000000 | 0.00000000 | 0.00000000 | 0.00000000
Load  12 | 0.00000000 | 0.00000000 | 0.00000000 | 0.00000000 | 0.00000000 | 0.00000000 | 0.00000000 | 0.00000000 | 0.00000000 | 0.00000000 | 0.00000000 | 0.00000000 | 0.00000000 | 0.00000000 | 0.00000000 | 0.00000000 | 0.00000000 | 0.00000000 | 0.00000000 | 0.00000000 | 0.00000000 | 0.00000000
Load  13 | 0.00000000 | 0.00000000 | 0.00000000 | 0.00000000 | 0.00000000 | 0.00000000 | 0.00000000 | 0.00000000 | 0.00000000 | 0.00000000 | 0.00000000 | 0.00000000 | 0.00000000 | 0.00000000 | 0.00000000 | 0.00000000 | 0.00000000 | 0.00000000 | 0.00000000 | 0.00000000 | 0.00000000 | 0.00000000
Load  14 | 0.00000000 | 0.00000000 | 0.00000000 | 0.00000000 | 0.00000000 | 0.00000000 | 0.00000000 | 0.00000000 | 0.00000000 | 0.00000000 | 0.00000000 | 0.00000000 | 0.00000000 | 0.00000000 | 0.00000000 | 0.00000000 | 0.00000000 | 0.00000000 | 0.00000000 | 0.00000000 | 0.00000000 | 0.00000000
Load  15 | 0.00000000 | 0.00000000 | 0.00000000 | 0.00000000 | 0.00000000 | 0.00000000 | 0.00000000 | 0.00000000 | 0.00000000 | 0.00000000 | 0.00000000 | 0.00000000 | 0.00000000 | 0.00000000 | 0.00000000 | 0.00000000 | 0.00000000 | 0.00000000 | 0.00000000 | 0.00000000 | 0.00000000 | 0.00000000
Load  16 | 0.00000000 | 0.00000000 | 0.00000000 | 0.00000000 | 0.00000000 | 0.00000000 | 0.00000000 | 0.00000000 | 0.00000000 | 0.00000000 | 0.00000000 | 0.00000000 | 0.00000000 | 0.00000000 | 0.00000000 | 0.00000000 | 0.00000000 | 0.00000000 | 0.00000000 | 0.00000000 | 0.00000000 | 0.00000000
Load  17 | 0.00000000 | 0.00000000 | 0.00000000 | 0.00000000 | 0.00000000 | 0.00000000 | 0.00000000 | 0.00000000 | 0.00000000 | 0.00000000 | 0.00000000 | 0.00000000 | 0.00000000 | 0.00000000 | 0.00000000 | 0.00000000 | 0.00000000 | 0.00000000 | 0.00000000 | 0.00000000 | 0.00000000 | 0.00000000
Load  18 | 0.00000000 | 0.00000000 | 0.00000000 | 0.00000000 | 0.00000000 | 0.00000000 | 0.00000000 | 0.00000000 | 0.00000000 | 0.00000000 | 0.00000000 | 0.00000000 | 0.00000000 | 0.00000000 | 0.00000000 | 0.00000000 | 0.00000000 | 0.00000000 | 0.00000000 | 0.00000000 | 0.00000000 | 0.00000000
Load  19 | 0.00000000 | 0.00000000 | 0.00000000 | 0.00000000 | 0.00000000 | 0.00000000 | 0.00000000 | 0.00000000 | 0.00000000 | 0.00000000 | 0.00000000 | 0.00000000 | 0.00000000 | 0.00000000 | 0.00000000 | 0.00000000 | 0.00000000 | 0.00000000 | 0.00000000 | 0.00000000 | 0.00000000 | 0.00000000
Load  20 | 0.00000000 | 0.00000000 | 0.00000000 | 0.00000000 | 0.00000000 | 0.00000000 | 0.00000000 | 0.00000000 | 0.00000000 | 0.00000000 | 0.00000000 | 0.00000000 | 0.00000000 | 0.00000000 | 0.00000000 | 0.00000000 | 0.00000000 | 0.00000000 | 0.00000000 | 0.00000000 | 0.00000000 | 0.00000000
Load  21 | 0.00000000 | 0.00000000 | 0.00000000 | 0.00000000 | 0.00000000 | 0.00000000 | 0.00000000 | 0.00000000 | 0.00000000 | 0.00000000 | 0.00000000 | 0.00000000 | 0.00000000 | 0.00000000 | 0.00000000 | 0.00000000 | 0.00000000 | 0.00000000 | 0.00000000 | 0.00000000 | 0.00000000 | 0.00000000
Load  22 | 0.00000000 | 0.00000000 | 0.00000000 | 0.00000000 | 0.00000000 | 0.00000000 | 0.00000000 | 0.00000000 | 0.00000000 | 0.00000000 | 0.00000000 | 0.00000000 | 0.00000000 | 0.00000000 | 0.00000000 | 0.00000000 | 0.00000000 | 0.00000000 | 0.00000000 | 0.00000000 | 0.00000000 | 0.00000000
Load  23 | 0.00000000 | 0.00000000 | 0.00000000 | 0.00000000 | 0.00000000 | 0.00000000 | 0.00000000 | 0.00000000 | 0.00000000 | 0.00000000 | 0.00000000 | 0.00000000 | 0.00000000 | 0.00000000 | 0.00000000 | 0.00000000 | 0.00000000 | 0.00000000 | 0.00000000 | 0.00000000 | 0.00000000 | 0.00000000
Load  24 | 0.00000000 | 0.00000000 | 0.00000000 | 0.00000000 | 0.00000000 | 0.00000000 | 0.00000000 | 0.00000000 | 0.00000000 | 0.00000000 | 0.00000000 | 0.00000000 | 0.00000000 | 0.00000000 | 0.00000000 | 0.00000000 | 0.00000000 | 0.00000000 | 0.00000000 | 0.00000000 | 0.00000000 | 0.00000000
Load  25 | 0.00000000 | 0.00000000 | 0.00000000 | 0.00000000 | 0.00000000 | 0.00000000 | 0.00000000 | 0.00000000 | 0.00000000 | 0.00000000 | 0.00000000 | 0.00000000 | 0.00000000 | 0.00000000 | 0.00000000 | 0.00000000 | 0.00000000 | 0.00000000 | 0.00000000 | 0.00000000 | 0.00000000 | 0.00000000
Load  26 | 0.00000000 | 0.00000000 | 0.00000000 | 0.00000000 | 0.00000000 | 0.00000000 | 0.00000000 | 0.00000000 | 0.00000000 | 0.00000000 | 0.00000000 | 0.00000000 | 0.00000000 | 0.00000000 | 0.00000000 | 0.00000000 | 0.00000000 | 0.00000000 | 0.00000000 | 0.00000000 | 0.00000000 | 0.00000000
Load  27 | 0.00000000 | 0.00000000 | 0.00000000 | 0.00000000 | 0.00000000 | 0.00000000 | 0.00000000 | 0.00000000 | 0.00000000 | 0.00000000 | 0.00000000 | 0.00000000 | 0.00000000 | 0.00000000 | 0.00000000 | 0.00000000 | 0.00000000 | 0.00000000 | 0.00000000 | 0.00000000 | 0.00000000 | 0.00000000
Load  28 | 0.00000000 | 0.00000000 | 0.00000000 | 0.00000000 | 0.00000000 | 0.00000000 | 0.00000000 | 0.00000000 | 0.00000000 | 0.00000000 | 0.00000000 | 0.00000000 | 0.00000000 | 0.00000000 | 0.00000000 | 0.00000000 | 0.00000000 | 0.00000000 | 0.00000000 | 0.00000000 | 0.00000000 | 0.00000000
Load  29 | 0.00000000 | 0.00000000 | 0.00000000 | 0.00000000 | 0.00000000 | 0.00000000 | 0.00000000 | 0.00000000 | 0.00000000 | 0.00000000 | 0.00000000 | 0.00000000 | 0.00000000 | 0.00000000 | 0.00000000 | 0.00000000 | 0.00000000 | 0.00000000 | 0.00000000 | 0.00000000 | 0.00000000 | 0.00000000
Load  30 | 0.00000000 | 0.00000000 | 0.00000000 | 0.00000000 | 0.00000000 | 0.00000000 | 0.00000000 | 0.00000000 | 0.00000000 | 0.00000000 | 0.00000000 | 0.00000000 | 0.00000000 | 0.00000000 | 0.00000000 | 0.00000000 | 0.00000000 | 0.00000000 | 0.00000000 | 0.00000000 | 0.00000000 | 0.00000000
Load  31 | 0.00000000 | 0.00000000 | 0.00000000 | 0.00000000 | 0.00000000 | 0.00000000 | 0.00000000 | 0.00000000 | 0.00000000 | 0.00000000 | 0.00000000 | 0.00000000 | 0.00000000 | 0.00000000 | 0.00000000 | 0.00000000 | 0.00000000 | 0.00000000 | 0.00000000 | 0.00000000 | 0.00000000 | 0.00000000
Load  32 | 0.00000000 | 0.00000000 | 0.00000000 | 0.00000000 | 0.00000000 | 0.00000000 | 0.00000000 | 0.00000000 | 0.00000000 | 0.00000000 | 0.00000000 | 0.00000000 | 0.00000000 | 0.00000000 | 0.00000000 | 0.00000000 | 0.00000000 | 0.00000000 | 0.00000000 | 0.00000000 | 0.00000000 | 0.00000000
Load  33 | 0.00000000 | 0.00000000 | 0.00000000 | 0.00000000 | 0.00000000 | 0.00000000 | 0.00000000 | 0.00000000 | 0.00000000 | 0.00000000 | 0.00000000 | 0.00000000 | 0.00000000 | 0.00000000 | 0.00000000 | 0.00000000 | 0.00000000 | 0.00000000 | 0.00000000 | 0.00000000 | 0.00000000 | 0.00000000
Load  34 | 0.00000000 | 0.00000000 | 0.00000000 | 0.00000000 | 0.00000000 | 0.00000000 | 0.00000000 | 0.00000000 | 0.00000000 | 0.00000000 | 0.00000000 | 0.00000000 | 0.00000000 | 0.00000000 | 0.00000000 | 0.00000000 | 0.00000000 | 0.00000000 | 0.00000000 | 0.00000000 | 0.00000000 | 0.00000000
Load  35 | 0.00000000 | 0.00000000 | 0.00000000 | 0.00000000 | 0.00000000 | 0.00000000 | 0.00000000 | 0.00000000 | 0.00000000 | 0.00000000 | 0.00000000 | 0.00000000 | 0.00000000 | 0.00000000 | 0.00000000 | 0.00000000 | 0.00000000 | 0.00000000 | 0.00000000 | 0.00000000 | 0.00000000 | 0.00000000
Load  36 | 0.00000000 | 0.00000000 | 0.00000000 | 0.00000000 | 0.00000000 | 0.00000000 | 0.00000000 | 0.00000000 | 0.00000000 | 0.00000000 | 0.00000000 | 0.00000000 | 0.00000000 | 0.00000000 | 0.00000000 | 0.00000000 | 0.00000000 | 0.00000000 | 0.00000000 | 0.00000000 | 0.00000000 | 0.00000000
Load  37 | 0.00000000 | 0.00000000 | 0.00000000 | 0.00000000 | 0.00000000 | 0.00000000 | 0.00000000 | 0.00000000 | 0.00000000 | 0.00000000 | 0.00000000 | 0.00000000 | 0.00000000 | 0.00000000 | 0.00000000 | 0.00000000 | 0.00000000 | 0.00000000 | 0.00000000 | 0.00000000 | 0.00000000 | 0.00000000
Load  38 | 0.00000000 | 0.00000000 | 0.00000000 | 0.00000000 | 0.00000000 | 0.00000000 | 0.00000000 | 0.00000000 | 0.00000000 | 0.00000000 | 0.00000000 | 0.00000000 | 0.00000000 | 0.00000000 | 0.00000000 | 0.00000000 | 0.00000000 | 0.00000000 | 0.00000000 | 0.00000000 | 0.00000000 | 0.00000000
Load  39 | 0.00000000 | 0.00000000 | 0.00000000 | 0.00000000 | 0.00000000 | 0.00000000 | 0.00000000 | 0.00000000 | 0.00000000 | 0.00000000 | 0.00000000 | 0.00000000 | 0.00000000 | 0.00000000 | 0.00000000 | 0.00000000 | 0.00000000 | 0.00000000 | 0.00000000 | 0.00000000 | 0.00000000 | 0.00000000
Load  40 | 0.00000000 | 0.00000000 | 0.00000000 | 0.00000000 | 0.00000000 | 0.00000000 | 0.00000000 | 0.00000000 | 0.00000000 | 0.00000000 | 0.00000000 | 0.00000000 | 0.00000000 | 0.00000000 | 0.00000000 | 0.00000000 | 0.00000000 | 0.00000000 | 0.00000000 | 0.00000000 | 0.00000000 | 0.00000000
Load  41 | 0.00000000 | 0.00000000 | 0.00000000 | 0.00000000 | 0.00000000 | 0.00000000 | 0.00000000 | 0.00000000 | 0.00000000 | 0.00000000 | 0.00000000 | 0.00000000 | 0.00000000 | 0.00000000 | 0.00000000 | 0.00000000 | 0.00000000 | 0.00000000 | 0.00000000 | 0.00000000 | 0.00000000 | 0.00000000
Load  42 | 0.00000000 | 0.00000000 | 0.00000000 | 0.00000000 | 0.00000000 | 0.00000000 | 0.00000000 | 0.00000000 | 0.00000000 | 0.00000000 | 0.00000000 | 0.00000000 | 0.00000000 | 0.00000000 | 0.00000000 | 0.00000000 | 0.00000000 | 0.00000000 | 0.00000000 | 0.00000000 | 0.00000000 | 0.00000000
Load  43 | 0.00000000 | 0.00000000 | 0.00000000 | 0.00000000 | 0.00000000 | 0.00000000 | 0.00000000 | 0.00000000 | 0.00000000 | 0.00000000 | 0.00000000 | 0.00000000 | 0.00000000 | 0.00000000 | 0.00000000 | 0.00000000 | 0.00000000 | 0.00000000 | 0.00000000 | 0.00000000 | 0.00000000 | 0.00000000
Load  44 | 0.00000000 | 0.00000000 | 0.00000000 | 0.00000000 | 0.00000000 | 0.00000000 | 0.00000000 | 0.00000000 | 0.00000000 | 0.00000000 | 0.00000000 | 0.00000000 | 0.00000000 | 0.00000000 | 0.00000000 | 0.00000000 | 0.00000000 | 0.00000000 | 0.00000000 | 0.00000000 | 0.00000000 | 0.00000000
Load  45 | 0.00000000 | 0.00000000 | 0.00000000 | 0.00000000 | 0.00000000 | 0.00000000 | 0.00000000 | 0.00000000 | 0.00000000 | 0.00000000 | 0.00000000 | 0.00000000 | 0.00000000 | 0.00000000 | 0.00000000 | 0.00000000 | 0.00000000 | 0.00000000 | 0.00000000 | 0.00000000 | 0.00000000 | 0.00000000
Load  46 | 0.00000000 | 0.00000000 | 0.00000000 | 0.00000000 | 0.00000000 | 0.00000000 | 0.00000000 | 0.00000000 | 0.00000000 | 0.00000000 | 0.00000000 | 0.00000000 | 0.00000000 | 0.00000000 | 0.00000000 | 0.00000000 | 0.00000000 | 0.00000000 | 0.00000000 | 0.00000000 | 0.00000000 | 0.00000000
Load  47 | 0.00000000 | 0.00000000 | 0.00000000 | 0.00000000 | 0.00000000 | 0.00000000 | 0.00000000 | 0.00000000 | 0.00000000 | 0.00000000 | 0.00000000 | 0.00000000 | 0.00000000 | 0.00000000 | 0.00000000 | 0.00000000 | 0.00000000 | 0.00000000 | 0.00000000 | 0.00000000 | 0.00000000 | 0.00000000
Load  48 | 0.00000000 | 0.00000000 | 0.00000000 | 0.00000000 | 0.00000000 | 0.00000000 | 0.00000000 | 0.00000000 | 0.00000000 | 0.00000000 | 0.00000000 | 0.00000000 | 0.00000000 | 0.00000000 | 0.00000000 | 0.00000000 | 0.00000000 | 0.00000000 | 0.00000000 | 0.00000000 | 0.00000000 | 0.00000000
Load  49 | 0.00000000 | 0.00000000 | 0.00000000 | 0.00000000 | 0.00000000 | 0.00000000 | 0.00000000 | 0.00000000 | 0.00000000 | 0.00000000 | 0.00000000 | 0.00000000 | 0.00000000 | 0.00000000 | 0.00000000 | 0.00000000 | 0.00000000 | 0.00000000 | 0.00000000 | 0.00000000 | 0.00000000 | 0.00000000
Load  50 | 0.00000000 | 0.00000000 | 0.00000000 | 0.00000000 | 0.00000000 | 0.00000000 | 0.00000000 | 0.00000000 | 0.00000000 | 0.00000000 | 0.00000000 | 0.00000000 | 0.00000000 | 0.00000000 | 0.00000000 | 0.00000000 | 0.00000000 | 0.00000000 | 0.00000000 | 0.00000000 | 0.00000000 | 0.00000000
Load  51 | 0.00000000 | 0.00000000 | 0.00000000 | 0.00000000 | 0.00000000 | 0.00000000 | 0.00000000 | 0.00000000 | 0.00000000 | 0.00000000 | 0.00000000 | 0.00000000 | 0.00000000 | 0.00000000 | 0.00000000 | 0.00000000 | 0.00000000 | 0.00000000 | 0.00000000 | 0.00000000 | 0.00000000 | 0.00000000
Load  52 | 0.00000000 | 0.00000000 | 0.00000000 | 0.00000000 | 0.00000000 | 0.00000000 | 0.00000000 | 0.00000000 | 0.00000000 | 0.00000000 | 0.00000000 | 0.00000000 | 0.00000000 | 0.00000000 | 0.00000000 | 0.00000000 | 0.00000000 | 0.00000000 | 0.00000000 | 0.00000000 | 0.00000000 | 0.00000000
Load  53 | 0.00000000 | 0.00000000 | 0.00000000 | 0.00000000 | 0.00000000 | 0.00000000 | 0.00000000 | 0.00000000 | 0.00000000 | 0.00000000 | 0.00000000 | 0.00000000 | 0.00000000 | 0.00000000 | 0.00000000 | 0.00000000 | 0.00000000 | 0.00000000 | 0.00000000 | 0.00000000 | 0.00000000 | 0.00000000
Load  54 | 0.00000000 | 0.00000000 | 0.00000000 | 0.00000000 | 0.00000000 | 0.00000000 | 0.00000000 | 0.00000000 | 0.00000000 | 0.00000000 | 0.00000000 | 0.00000000 | 0.00000000 | 0.00000000 | 0.00000000 | 0.00000000 | 0.00000000 | 0.00000000 | 0.00000000 | 0.00000000 | 0.00000000 | 0.00000000
Load  55 | 0.00000000 | 0.00000000 | 0.00000000 | 0.00000000 | 0.00000000 | 0.00000000 | 0.00000000 | 0.00000000 | 0.00000000 | 0.00000000 | 0.00000000 | 0.00000000 | 0.00000000 | 0.00000000 | 0.00000000 | 0.00000000 | 0.00000000 | 0.00000000 | 0.00000000 | 0.00000000 | 0.00000000 | 0.00000000
Load  56 | 0.00000000 | 0.00000000 | 0.00000000 | 0.00000000 | 0.00000000 | 0.00000000 | 0.00000000 | 0.00000000 | 0.00000000 | 0.00000000 | 0.00000000 | 0.00000000 | 0.00000000 | 0.00000000 | 0.00000000 | 0.00000000 | 0.00000000 | 0.00000000 | 0.00000000 | 0.00000000 | 0.00000000 | 0.00000000
Load  57 | 0.00000000 | 0.00000000 | 0.00000000 | 0.00000000 | 0.00000000 | 0.00000000 | 0.00000000 | 0.00000000 | 0.00000000 | 0.00000000 | 0.00000000 | 0.00000000 | 0.00000000 | 0.00000000 | 0.00000000 | 0.00000000 | 0.00000000 | 0.00000000 | 0.00000000 | 0.00000000 | 0.00000000 | 0.00000000
Load  58 | 0.00000000 | 0.00000000 | 0.00000000 | 0.00000000 | 0.00000000 | 0.00000000 | 0.00000000 | 0.00000000 | 0.00000000 | 0.00000000 | 0.00000000 | 0.00000000 | 0.00000000 | 0.00000000 | 0.00000000 | 0.00000000 | 0.00000000 | 0.00000000 | 0.00000000 | 0.00000000 | 0.00000000 | 0.00000000
Load  59 | 0.00000000 | 0.00000000 | 0.00000000 | 0.00000000 | 0.00000000 | 0.00000000 | 0.00000000 | 0.00000000 | 0.00000000 | 0.00000000 | 0.00000000 | 0.00000000 | 0.00000000 | 0.00000000 | 0.00000000 | 0.00000000 | 0.00000000 | 0.00000000 | 0.00000000 | 0.00000000 | 0.00000000 | 0.00000000
Load  60 | 0.00000000 | 0.00000000 | 0.00000000 | 0.00000000 | 0.00000000 | 0.00000000 | 0.00000000 | 0.00000000 | 0.00000000 | 0.00000000 | 0.00000000 | 0.00000000 | 0.00000000 | 0.00000000 | 0.00000000 | 0.00000000 | 0.00000000 | 0.00000000 | 0.00000000 | 0.00000000 | 0.00000000 | 0.00000000
Load  61 | 0.00000000 | 0.00000000 | 0.00000000 | 0.00000000 | 0.00000000 | 0.00000000 | 0.00000000 | 0.00000000 | 0.00000000 | 0.00000000 | 0.00000000 | 0.00000000 | 0.00000000 | 0.00000000 | 0.00000000 | 0.00000000 | 0.00000000 | 0.00000000 | 0.00000000 | 0.00000000 | 0.00000000 | 0.00000000
Load  62 | 0.00000000 | 0.00000000 | 0.00000000 | 0.00000000 | 0.00000000 | 0.00000000 | 0.00000000 | 0.00000000 | 0.00000000 | 0.00000000 | 0.00000000 | 0.00000000 | 0.00000000 | 0.00307929 | 0.00000000 | 0.00000000 | 0.00000000 | 0.00000000 | 0.00000000 | 0.00000000 | 0.00015396 | 0.00067112
Load  63 | 0.00000000 | 0.00000000 | 0.00000000 | 0.00000000 | 0.00000000 | 0.00000000 | 0.00000000 | 0.00000000 | 0.00000000 | 0.00000000 | 0.00000000 | 0.00078989 | 0.00000000 | 0.00000000 | 0.00000000 | 0.00000000 | 0.00000000 | 0.00000000 | 0.00000000 | 0.00000000 | 0.00003949 | 0.00017215
Load  64 | 0.00000000 | 0.00000000 | 0.00000000 | 0.00000000 | 0.00000000 | 0.00000000 | 0.00000000 | 0.00000000 | 0.00000000 | 0.00000000 | 0.00000000 | 0.00000000 | 0.00000000 | 0.00000000 | 0.00000000 | 0.00000000 | 0.00000000 | 0.00000000 | 0.00000000 | 0.00000000 | 0.00000000 | 0.00000000
Load  65 | 0.00000000 | 0.00234009 | 0.00000000 | 0.00000000 | 0.00000000 | 0.00000000 | 0.00000000 | 0.00000000 | 0.00000000 | 0.00000000 | 0.00000000 | 0.00000000 | 0.00000000 | 0.00000000 | 0.00000000 | 0.00000000 | 0.00000000 | 0.00000000 | 0.00000000 | 0.00000000 | 0.00011700 | 0.00051001
Load  66 | 0.00000000 | 0.00000000 | 0.00000000 | 0.00000000 | 0.00000000 | 0.00000000 | 0.00000000 | 0.00000000 | 0.00000000 | 0.00000000 | 0.00000000 | 0.00000000 | 0.00000000 | 0.00000000 | 0.00074794 | 0.00000000 | 0.00000000 | 0.00307220 | 0.00000000 | 0.00000000 | 0.00019101 | 0.00068074
Load  67 | 0.00000000 | 0.00000000 | 0.00442152 | 0.00000000 | 0.00000000 | 0.00000000 | 0.00453515 | 0.00145560 | 0.00000000 | 0.00000000 | 0.00000000 | 0.00000000 | 0.00000000 | 0.00075586 | 0.00000000 | 0.00000000 | 0.00000000 | 0.00000000 | 0.00000000 | 0.00000000 | 0.00055841 | 0.00135224
Load  68 | 0.00215672 | 0.00000000 | 0.00000000 | 0.00000000 | 0.00000000 | 0.00000000 | 0.00222883 | 0.00075873 | 0.00000000 | 0.00000000 | 0.00000000 | 0.00072516 | 0.00000000 | 0.00000000 | 0.00000000 | 0.00000000 | 0.00000000 | 0.00000000 | 0.00000000 | 0.00143678 | 0.00036531 | 0.00071119
Load  69 | 0.00000000 | 0.00000000 | 0.00000000 | 0.00070323 | 0.00144928 | 0.00000000 | 0.00000000 | 0.00000000 | 0.00000000 | 0.00067981 | 0.00000000 | 0.00000000 | 0.00000000 | 0.00000000 | 0.00000000 | 0.00000000 | 0.00000000 | 0.00073206 | 0.00000000 | 0.00000000 | 0.00017822 | 0.00038456
Load  70 | 0.00000000 | 0.00000000 | 0.00070572 | 0.00000000 | 0.00073153 | 0.00000000 | 0.00208623 | 0.00000000 | 0.00000000 | 0.00000000 | 0.00142653 | 0.00143575 | 0.00000000 | 0.00000000 | 0.00291758 | 0.00075758 | 0.00073692 | 0.00068446 | 0.00000000 | 0.00143678 | 0.00064595 | 0.00081544
Load  71 | 0.00000000 | 0.00139276 | 0.00209937 | 0.00000000 | 0.00142959 | 0.00000000 | 0.00070472 | 0.00068634 | 0.00000000 | 0.00000000 | 0.00000000 | 0.00142146 | 0.00000000 | 0.00000000 | 0.00000000 | 0.00000000 | 0.00137646 | 0.00139082 | 0.00000000 | 0.00074794 | 0.00056247 | 0.00068702
Load  72 | 0.00067659 | 0.00000000 | 0.00000000 | 0.00000000 | 0.00000000 | 0.00000000 | 0.00000000 | 0.00547570 | 0.00273785 | 0.00000000 | 0.00140449 | 0.00072727 | 0.00143062 | 0.00000000 | 0.00000000 | 0.00000000 | 0.00410678 | 0.00000000 | 0.00070822 | 0.00000000 | 0.00086338 | 0.00149907
Load  73 | 0.00328515 | 0.00068213 | 0.00204499 | 0.00219298 | 0.00000000 | 0.00000000 | 0.00000000 | 0.00132188 | 0.00273785 | 0.00000000 | 0.00000000 | 0.00000000 | 0.00136333 | 0.00067522 | 0.00271003 | 0.00272665 | 0.00000000 | 0.00000000 | 0.00000000 | 0.00417246 | 0.00119563 | 0.00133049
Load  74 | 0.00067568 | 0.00000000 | 0.00204918 | 0.00137646 | 0.00267380 | 0.00127146 | 0.00066489 | 0.00282087 | 0.00198413 | 0.00000000 | 0.00200803 | 0.00000000 | 0.00198544 | 0.00134048 | 0.00134771 | 0.00144092 | 0.00000000 | 0.00259909 | 0.00343643 | 0.00392413 | 0.00157994 | 0.00112595
Load  75 | 0.00134771 | 0.00335796 | 0.00000000 | 0.00473613 | 0.00000000 | 0.00000000 | 0.00128205 | 0.00064144 | 0.00405132 | 0.00000000 | 0.00066667 | 0.00465116 | 0.00000000 | 0.00000000 | 0.00131926 | 0.00201613 | 0.00413223 | 0.00483425 | 0.00067024 | 0.00340136 | 0.00185540 | 0.00180954
Load  76 | 0.00194301 | 0.00438048 | 0.00000000 | 0.00198807 | 0.00534045 | 0.00563557 | 0.00066979 | 0.00406229 | 0.00335121 | 0.00258565 | 0.00063412 | 0.00401070 | 0.00064103 | 0.00258065 | 0.00712897 | 0.00000000 | 0.00768246 | 0.00064725 | 0.00132538 | 0.00194805 | 0.00282776 | 0.00225289
Load  77 | 0.00373367 | 0.00193548 | 0.00262812 | 0.00569260 | 0.00458115 | 0.01098901 | 0.00255265 | 0.00670732 | 0.00065660 | 0.00203528 | 0.00064392 | 0.00568182 | 0.00458415 | 0.00259235 | 0.00329164 | 0.00547445 | 0.00318269 | 0.00130976 | 0.00191571 | 0.00841969 | 0.00393040 | 0.00258364
Load  78 | 0.00256739 | 0.00065617 | 0.00618812 | 0.00857318 | 0.00453074 | 0.00373599 | 0.00253004 | 0.00307503 | 0.00319285 | 0.00567465 | 0.00248911 | 0.00130634 | 0.00549115 | 0.00449006 | 0.00386100 | 0.00258231 | 0.00766773 | 0.00132538 | 0.01021059 | 0.00064809 | 0.00403980 | 0.00255119
Load  79 | 0.00254777 | 0.00738462 | 0.00309981 | 0.00580645 | 0.00634115 | 0.00816070 | 0.00651042 | 0.00255918 | 0.00265428 | 0.01258653 | 0.00572884 | 0.01604938 | 0.00627746 | 0.00497822 | 0.00452196 | 0.00392157 | 0.00000000 | 0.00520494 | 0.00895141 | 0.01125704 | 0.00622709 | 0.00370393
Load  80 | 0.00249221 | 0.00506329 | 0.00359281 | 0.00838169 | 0.00810979 | 0.00516129 | 0.00619963 | 0.00481928 | 0.00791236 | 0.00190476 | 0.00618047 | 0.00436137 | 0.01388013 | 0.00792683 | 0.01301115 | 0.00489596 | 0.01080737 | 0.00369004 | 0.01227747 | 0.01047806 | 0.00705730 | 0.00343596
Load  81 | 0.01435705 | 0.00767263 | 0.00501882 | 0.01170351 | 0.00389358 | 0.00990712 | 0.01215981 | 0.00923077 | 0.01169231 | 0.00125865 | 0.02011834 | 0.00843061 | 0.00991326 | 0.00620732 | 0.00921942 | 0.00586701 | 0.00873908 | 0.00942211 | 0.00061996 | 0.01444913 | 0.00899403 | 0.00447400
Load  82 | 0.01525747 | 0.01115023 | 0.00551133 | 0.01542258 | 0.00852619 | 0.01282834 | 0.01217285 | 0.01612903 | 0.00317058 | 0.01645570 | 0.00905250 | 0.01351351 | 0.00552826 | 0.01338200 | 0.01126260 | 0.00487508 | 0.01069519 | 0.00951173 | 0.00626566 | 0.01172116 | 0.01062160 | 0.00388413
Load  83 | 0.01644336 | 0.01786778 | 0.01597633 | 0.01685731 | 0.01543943 | 0.01505117 | 0.00864731 | 0.00588928 | 0.01127113 | 0.00613121 | 0.01120283 | 0.01688782 | 0.01194743 | 0.01077844 | 0.01183801 | 0.01313321 | 0.01167076 | 0.01257143 | 0.00849515 | 0.01471454 | 0.01264070 | 0.00344589
Load  84 | 0.01018574 | 0.01393728 | 0.00905250 | 0.02862254 | 0.01073345 | 0.00844900 | 0.01151515 | 0.01056338 | 0.01630094 | 0.00998752 | 0.01679104 | 0.01279070 | 0.00350467 | 0.01412776 | 0.01862631 | 0.02074928 | 0.01834862 | 0.01211387 | 0.01453488 | 0.01745936 | 0.01391970 | 0.00526631
Load  85 | 0.00962696 | 0.01560758 | 0.01963117 | 0.01036269 | 0.01345566 | 0.01564380 | 0.01758794 | 0.01942857 | 0.01796743 | 0.00805452 | 0.01175779 | 0.02012651 | 0.01541096 | 0.02747567 | 0.01506932 | 0.01871345 | 0.01597262 | 0.01260023 | 0.01538462 | 0.01610018 | 0.01579888 | 0.00424290
Load  86 | 0.00589275 | 0.01976048 | 0.01578025 | 0.02022472 | 0.01374570 | 0.01345029 | 0.01595092 | 0.02205456 | 0.00660661 | 0.03534778 | 0.02118893 | 0.02256532 | 0.01697999 | 0.02183908 | 0.02362670 | 0.02329645 | 0.02312139 | 0.01987142 | 0.03407821 | 0.00959233 | 0.01924869 | 0.00736206
Load  87 | 0.02303371 | 0.01023309 | 0.03246014 | 0.02935890 | 0.01899110 | 0.02670300 | 0.01527615 | 0.01903114 | 0.01312910 | 0.01952663 | 0.01837582 | 0.01850781 | 0.02131336 | 0.02130045 | 0.02128918 | 0.02975496 | 0.02852154 | 0.01692936 | 0.01834352 | 0.02704225 | 0.02145606 | 0.00574960
Load  88 | 0.01637493 | 0.03873824 | 0.03491700 | 0.01643192 | 0.03993056 | 0.01214575 | 0.02329645 | 0.02539503 | 0.02441860 | 0.03297932 | 0.03229462 | 0.02881844 | 0.01489118 | 0.04622322 | 0.02133795 | 0.02968664 | 0.02838063 | 0.03333333 | 0.03389831 | 0.04133635 | 0.02874142 | 0.00920015
Load  89 | 0.03171953 | 0.03294893 | 0.04101996 | 0.03011364 | 0.03062961 | 0.02633053 | 0.03803132 | 0.03187721 | 0.01878201 | 0.03095238 | 0.03495358 | 0.02858744 | 0.02429379 | 0.04392625 | 0.03617140 | 0.02615470 | 0.03147836 | 0.02844395 | 0.01373626 | 0.04751381 | 0.03138323 | 0.00769816
Load  90 | 0.03609106 | 0.02546296 | 0.03091106 | 0.03080434 | 0.02535832 | 0.04108828 | 0.02937916 | 0.03428893 | 0.03363588 | 0.03173719 | 0.03859060 | 0.03131868 | 0.04080522 | 0.04024595 | 0.03240223 | 0.03197354 | 0.02509760 | 0.04707792 | 0.03780822 | 0.03370787 | 0.03388925 | 0.00562801
Load  91 | 0.04274892 | 0.02901024 | 0.04575893 | 0.04491979 | 0.03377630 | 0.02478448 | 0.04927691 | 0.03835307 | 0.04084881 | 0.04124264 | 0.03530093 | 0.04019824 | 0.03724605 | 0.02231121 | 0.02216066 | 0.04512067 | 0.02892102 | 0.03668705 | 0.03399433 | 0.03165939 | 0.03621598 | 0.00770397
Load  92 | 0.04967249 | 0.05098247 | 0.03701657 | 0.04907652 | 0.05983827 | 0.04560811 | 0.03709592 | 0.05486149 | 0.03446359 | 0.05046344 | 0.03396226 | 0.04037098 | 0.03571429 | 0.03145336 | 0.05237581 | 0.05676856 | 0.04859194 | 0.03907540 | 0.04841313 | 0.05024051 | 0.04530226 | 0.00821673
Load  93 | 0.04315730 | 0.03548729 | 0.04627109 | 0.05443975 | 0.05128205 | 0.06278950 | 0.04696133 | 0.05168662 | 0.06115108 | 0.04058442 | 0.06032609 | 0.05682422 | 0.04057018 | 0.04621635 | 0.02321725 | 0.04081633 | 0.02989284 | 0.04469575 | 0.04173107 | 0.04861474 | 0.04633576 | 0.00993387
Load  94 | 0.05235325 | 0.05079365 | 0.04590506 | 0.04421397 | 0.04273030 | 0.05985552 | 0.06734914 | 0.04583772 | 0.04782147 | 0.04499735 | 0.04646137 | 0.04420817 | 0.05705230 | 0.05203863 | 0.03344121 | 0.05659398 | 0.04854881 | 0.05850488 | 0.06544503 | 0.04211663 | 0.05031342 | 0.00820148
Load  95 | 0.03594080 | 0.04533333 | 0.05354411 | 0.04309450 | 0.04298764 | 0.07232704 | 0.04984584 | 0.04044705 | 0.05320900 | 0.06070120 | 0.05447878 | 0.06302966 | 0.06584992 | 0.05320304 | 0.06185567 | 0.05587467 | 0.06170799 | 0.04552509 | 0.04682622 | 0.04181724 | 0.05237994 | 0.00946224
Load  96 | 0.05856079 | 0.04941552 | 0.03076923 | 0.06197479 | 0.07053292 | 0.04866310 | 0.07436297 | 0.05882353 | 0.06413683 | 0.04430706 | 0.05965622 | 0.07327141 | 0.06397134 | 0.05825735 | 0.05488761 | 0.07194995 | 0.05246753 | 0.06414301 | 0.07474747 | 0.05966344 | 0.05972810 | 0.01080969
Load  97 | 0.05905906 | 0.05924413 | 0.07532051 | 0.07866868 | 0.05558497 | 0.06537657 | 0.07649159 | 0.04501608 | 0.06510934 | 0.07157360 | 0.05695565 | 0.06152295 | 0.05597015 | 0.07625826 | 0.06767731 | 0.05985169 | 0.06010363 | 0.06615385 | 0.05343511 | 0.05918367 | 0.06342784 | 0.00862381
Load  98 | 0.06010363 | 0.08494405 | 0.06629555 | 0.06542056 | 0.06758184 | 0.07247106 | 0.06597938 | 0.05355355 | 0.07781708 | 0.07400000 | 0.07212954 | 0.07461929 | 0.07644946 | 0.06889460 | 0.06847883 | 0.07559055 | 0.07570510 | 0.06518590 | 0.07911065 | 0.08592965 | 0.07151301 | 0.00768318
Load  99 | 0.07146427 | 0.07881773 | 0.09127182 | 0.08921756 | 0.07522332 | 0.06760848 | 0.07866868 | 0.10346510 | 0.07132018 | 0.08930373 | 0.07848982 | 0.09826303 | 0.09462151 | 0.07288481 | 0.07989691 | 0.07028913 | 0.07798165 | 0.05607940 | 0.06523955 | 0.07495164 | 0.07925292 | 0.01157569
Load 100 | 0.08677897 | 0.09387755 | 0.08775409 | 0.07146452 | 0.08542714 | 0.08367347 | 0.08333333 | 0.07273627 | 0.07318271 | 0.07628438 | 0.07700050 | 0.09295640 | 0.09872774 | 0.08579738 | 0.08641975 | 0.08787432 | 0.06426100 | 0.07859359 | 0.08300000 | 0.09555345 | 0.08323483 | 0.00864398
Load 101 | 0.08117530 | 0.07966353 | 0.09902913 | 0.06773708 | 0.08771060 | 0.09608885 | 0.08652412 | 0.08349705 | 0.08983452 | 0.09422492 | 0.08640728 | 0.09042033 | 0.09464027 | 0.06754032 | 0.06956093 | 0.08674827 | 0.07273603 | 0.09334006 | 0.07727045 | 0.10468451 | 0.08544168 | 0.01028382
Load 102 | 0.09672692 | 0.09975550 | 0.08211856 | 0.09130646 | 0.08766079 | 0.09677419 | 0.08634079 | 0.09036743 | 0.09458776 | 0.09779180 | 0.08864542 | 0.09701101 | 0.09823678 | 0.10931990 | 0.11384467 | 0.09793567 | 0.09542943 | 0.11232063 | 0.11012783 | 0.09321224 | 0.09697569 | 0.00849841
Load 103 | 0.09542744 | 0.09659091 | 0.09885387 | 0.10422671 | 0.09530651 | 0.10014375 | 0.08243902 | 0.09830339 | 0.11725132 | 0.09248555 | 0.09830339 | 0.08584337 | 0.08813559 | 0.08664987 | 0.12470588 | 0.10029499 | 0.10644531 | 0.07640879 | 0.11278561 | 0.09787234 | 0.09792368 | 0.01129538
Load 104 | 0.11819980 | 0.10941960 | 0.09481916 | 0.08337349 | 0.10648836 | 0.11364717 | 0.12005857 | 0.12808349 | 0.11121583 | 0.10575139 | 0.10606061 | 0.11634757 | 0.14186370 | 0.09086561 | 0.10658456 | 0.11502692 | 0.11182266 | 0.10873694 | 0.09165858 | 0.09202154 | 0.10860228 | 0.01337908
Load 105 | 0.10875706 | 0.11436809 | 0.11377527 | 0.09908610 | 0.11219512 | 0.10729821 | 0.11023622 | 0.11074766 | 0.12430168 | 0.11043519 | 0.12262774 | 0.12483039 | 0.10374640 | 0.10770659 | 0.11863615 | 0.13135011 | 0.08582639 | 0.09590973 | 0.10561056 | 0.11996161 | 0.11137031 | 0.01046297
Load 106 | 0.13706294 | 0.13122383 | 0.13710810 | 0.12692487 | 0.11362565 | 0.11908111 | 0.12715105 | 0.09628934 | 0.11584490 | 0.11331184 | 0.11674208 | 0.12937385 | 0.12821691 | 0.11242884 | 0.09672692 | 0.11028037 | 0.11260426 | 0.08819206 | 0.12935089 | 0.13194780 | 0.11867438 | 0.01340798
Load 107 | 0.11327762 | 0.11655012 | 0.12833724 | 0.12852365 | 0.11244594 | 0.12864415 | 0.12813620 | 0.11634349 | 0.12511759 | 0.12517581 | 0.12603496 | 0.10957004 | 0.12889908 | 0.10518868 | 0.12476460 | 0.12169811 | 0.13896848 | 0.11074144 | 0.13041496 | 0.11542056 | 0.12171264 | 0.00851249
Load 108 | 0.13427401 | 0.13205742 | 0.11460780 | 0.11508482 | 0.15349887 | 0.11291069 | 0.12827715 | 0.12447356 | 0.12980319 | 0.14043916 | 0.11291866 | 0.12801822 | 0.11064229 | 0.11566820 | 0.13081937 | 0.12384473 | 0.10797424 | 0.10940499 | 0.13206694 | 0.12575127 | 0.12412678 | 0.01145589
Load 109 | 0.13591780 | 0.12391094 | 0.13305517 | 0.13592677 | 0.14787768 | 0.12385321 | 0.13907285 | 0.13305322 | 0.12742382 | 0.13535912 | 0.14523381 | 0.12414734 | 0.12052731 | 0.16078791 | 0.14696768 | 0.14676840 | 0.13035634 | 0.13874469 | 0.12888689 | 0.13937754 | 0.13586242 | 0.00988026
Load 110 | 0.13720198 | 0.14330497 | 0.11720227 | 0.13843352 | 0.14514652 | 0.15377970 | 0.15405405 | 0.12301957 | 0.14213198 | 0.12657637 | 0.13583681 | 0.12961211 | 0.15629322 | 0.13596288 | 0.14135887 | 0.14712644 | 0.13866305 | 0.14776322 | 0.14259430 | 0.17529138 | 0.14156766 | 0.01255519
Load 111 | 0.14586995 | 0.17866435 | 0.13721036 | 0.13011829 | 0.13617415 | 0.16129032 | 0.16812994 | 0.16717724 | 0.14689781 | 0.14145471 | 0.15991091 | 0.15711160 | 0.16597510 | 0.16812994 | 0.13613522 | 0.14134276 | 0.15318958 | 0.13882462 | 0.13915416 | 0.12600536 | 0.14993832 | 0.01457879
Load 112 | 0.14943052 | 0.16341030 | 0.16412712 | 0.16651460 | 0.15532206 | 0.15092674 | 0.14342454 | 0.14304069 | 0.14630988 | 0.15302013 | 0.15137016 | 0.14149306 | 0.15519568 | 0.17002629 | 0.16136163 | 0.14164052 | 0.14066608 | 0.16362054 | 0.14253084 | 0.15235081 | 0.15278911 | 0.00915339
Load 113 | 0.16623151 | 0.16878562 | 0.17140320 | 0.16516652 | 0.15280899 | 0.14861235 | 0.16560510 | 0.14623272 | 0.15763766 | 0.16032244 | 0.15243630 | 0.15002181 | 0.18404352 | 0.15784832 | 0.14446445 | 0.16129032 | 0.13822602 | 0.15292020 | 0.16559966 | 0.15929204 | 0.15844744 | 0.01041913
Load 114 | 0.20179564 | 0.14762116 | 0.17753780 | 0.17937015 | 0.17553191 | 0.18057456 | 0.18117543 | 0.13935542 | 0.17513135 | 0.14973498 | 0.13992870 | 0.15305245 | 0.13993916 | 0.15497990 | 0.14907368 | 0.14909910 | 0.16064432 | 0.16096491 | 0.16003498 | 0.19037294 | 0.16329593 | 0.01771997
Load 115 | 0.17283394 | 0.15335599 | 0.17406290 | 0.14580588 | 0.15428322 | 0.17381881 | 0.15258621 | 0.16988893 | 0.17943292 | 0.14384749 | 0.16536458 | 0.18651971 | 0.17094389 | 0.16630004 | 0.17231033 | 0.17925347 | 0.17720971 | 0.17558240 | 0.17079419 | 0.16600442 | 0.16750995 | 0.01140256
Load 116 | 0.19273504 | 0.16849200 | 0.19736282 | 0.17457627 | 0.19149850 | 0.17525338 | 0.16489135 | 0.17203390 | 0.16875000 | 0.14702100 | 0.16503559 | 0.17542297 | 0.14841629 | 0.20062837 | 0.15928819 | 0.16110184 | 0.18324164 | 0.16905072 | 0.18559322 | 0.18832309 | 0.17443581 | 0.01475121
Load 117 | 0.17504333 | 0.19072388 | 0.18093557 | 0.18376787 | 0.17892904 | 0.17250324 | 0.17052632 | 0.17637408 | 0.18128917 | 0.19105351 | 0.17779668 | 0.18563629 | 0.19299708 | 0.19225861 | 0.18128898 | 0.20582033 | 0.20765262 | 0.16454585 | 0.17142857 | 0.17579127 | 0.18281812 | 0.01095159
Load 118 | 0.18376986 | 0.20961060 | 0.16962700 | 0.19824708 | 0.19636678 | 0.18997473 | 0.20000000 | 0.17139119 | 0.18827930 | 0.19065981 | 0.17456987 | 0.21057047 | 0.18398637 | 0.18000000 | 0.19587629 | 0.16280069 | 0.16544908 | 0.18382659 | 0.18115942 | 0.18369932 | 0.18599322 | 0.01304999
Load 119 | 0.17194761 | 0.18111588 | 0.18319328 | 0.18081960 | 0.18733850 | 0.20128480 | 0.18620993 | 0.17616372 | 0.17923309 | 0.17067109 | 0.19341036 | 0.19439502 | 0.20685169 | 0.18170213 | 0.20817689 | 0.17265886 | 0.20186204 | 0.20889988 | 0.18452381 | 0.18474227 | 0.18776002 | 0.01190649
Load 120 | 0.20460148 | 0.21437126 | 0.21455147 | 0.21437474 | 0.19510135 | 0.19467905 | 0.19554455 | 0.20211039 | 0.20334029 | 0.18775510 | 0.20497148 | 0.20292802 | 0.18506224 | 0.23405104 | 0.18908788 | 0.19864751 | 0.20912863 | 0.18231810 | 0.19253356 | 0.18739566 | 0.20062769 | 0.01229495
Load 121 | 0.21937086 | 0.21827411 | 0.20968421 | 0.19888076 | 0.20905782 | 0.21563786 | 0.20065789 | 0.19628991 | 0.19484836 | 0.18480910 | 0.18563629 | 0.22185703 | 0.20716639 | 0.20699957 | 0.19479983 | 0.19650291 | 0.21513292 | 0.21464860 | 0.21133168 | 0.22061258 | 0.20610993 | 0.01112702
Load 122 | 0.19836066 | 0.19166326 | 0.20833333 | 0.20500000 | 0.21440607 | 0.21386306 | 0.21425645 | 0.21982055 | 0.21077468 | 0.21246006 | 0.20695297 | 0.20448878 | 0.19891350 | 0.18352843 | 0.21813823 | 0.21304532 | 0.21895973 | 0.20536804 | 0.22282158 | 0.18228498 | 0.20717198 | 0.01110889
Load 123 | 0.20303527 | 0.21779270 | 0.21029353 | 0.22118506 | 0.20563380 | 0.21629446 | 0.22361504 | 0.21316872 | 0.20466425 | 0.21484861 | 0.22801167 | 0.22322159 | 0.20755483 | 0.22725384 | 0.23419483 | 0.21754665 | 0.20823045 | 0.22823434 | 0.21446078 | 0.23993493 | 0.21795877 | 0.00992604
Load 124 | 0.20476575 | 0.22034596 | 0.22626582 | 0.21550325 | 0.20710784 | 0.21702299 | 0.22682119 | 0.22932023 | 0.21460446 | 0.23474178 | 0.21280992 | 0.22122081 | 0.21128969 | 0.24058323 | 0.23242812 | 0.19756592 | 0.21950241 | 0.22750694 | 0.22612470 | 0.21106141 | 0.21982962 | 0.01056050
Load 125 | 0.20416333 | 0.23226057 | 0.21225127 | 0.21925566 | 0.21260163 | 0.22118743 | 0.21299213 | 0.24050633 | 0.22600243 | 0.22274695 | 0.22938776 | 0.20958570 | 0.21440064 | 0.19782871 | 0.21629328 | 0.24417671 | 0.22288676 | 0.22406968 | 0.23403427 | 0.22173741 | 0.22091843 | 0.01130669
Load 126 | 0.24443577 | 0.23993493 | 0.20443548 | 0.24510572 | 0.23061709 | 0.22513922 | 0.24009146 | 0.23494216 | 0.23415978 | 0.22785798 | 0.23229912 | 0.24192921 | 0.23157471 | 0.23720746 | 0.21770335 | 0.24862529 | 0.22284795 | 0.22243864 | 0.24185512 | 0.25337968 | 0.23382901 | 0.01132114
Load 127 | 0.22884770 | 0.22703981 | 0.25067282 | 0.22859451 | 0.25569317 | 0.24833790 | 0.23456790 | 0.23284503 | 0.23314379 | 0.22235294 | 0.23943662 | 0.21901324 | 0.22890127 | 0.22123894 | 0.24020783 | 0.24620304 | 0.23423768 | 0.24521806 | 0.24411303 | 0.24080394 | 0.23607346 | 0.01003828
Load 128 | 0.23684211 | 0.24704987 | 0.22930693 | 0.25140082 | 0.23289838 | 0.24941725 | 0.24630350 | 0.24317817 | 0.24185862 | 0.22758343 | 0.22705882 | 0.24246080 | 0.27029126 | 0.23641412 | 0.23913894 | 0.24980484 | 0.23295455 | 0.24009415 | 0.24606526 | 0.24270292 | 0.24164124 | 0.00972436
Load 129 | 0.25961172 | 0.23848878 | 0.24402277 | 0.25439267 | 0.26772848 | 0.24689441 | 0.23401826 | 0.25047583 | 0.25244618 | 0.24761541 | 0.24084395 | 0.22655634 | 0.24941995 | 0.24078341 | 0.25126607 | 0.24012515 | 0.25163524 | 0.25956607 | 0.26020015 | 0.25471698 | 0.24854039 | 0.00966146
Load 130 | 0.25749903 | 0.27248677 | 0.27332054 | 0.27269331 | 0.22759434 | 0.25623322 | 0.23538345 | 0.24086187 | 0.25546345 | 0.26244168 | 0.23904538 | 0.25817362 | 0.24649754 | 0.26479751 | 0.24025457 | 0.27255709 | 0.25299343 | 0.25182622 | 0.24863174 | 0.25872309 | 0.25437389 | 0.01298628
Load 131 | 0.28194338 | 0.26853933 | 0.25815113 | 0.26336174 | 0.25794393 | 0.25510204 | 0.26850130 | 0.26222222 | 0.26158445 | 0.26472868 | 0.26621672 | 0.25941423 | 0.24782264 | 0.27060134 | 0.28035923 | 0.22671906 | 0.27681388 | 0.26613817 | 0.25389408 | 0.27969208 | 0.26348748 | 0.01229518
Load 132 | 0.26212121 | 0.27183365 | 0.25636228 | 0.26150870 | 0.26215480 | 0.27598829 | 0.24449594 | 0.24755573 | 0.26973180 | 0.25705683 | 0.25894246 | 0.25038760 | 0.26666667 | 0.27244340 | 0.26008969 | 0.26881720 | 0.24841477 | 0.25995406 | 0.27595220 | 0.26501502 | 0.26177461 | 0.00905629
Load 133 | 0.27114804 | 0.26524614 | 0.26467204 | 0.25553914 | 0.26045263 | 0.26927503 | 0.27290298 | 0.25087243 | 0.26361247 | 0.26578947 | 0.27142318 | 0.24012275 | 0.26181402 | 0.27652495 | 0.26618431 | 0.28254327 | 0.26307866 | 0.27252167 | 0.25860750 | 0.26167869 | 0.26470047 | 0.00909304
Load 134 | 0.27104247 | 0.26967150 | 0.25903385 | 0.26747938 | 0.26934307 | 0.27486911 | 0.25335320 | 0.27751714 | 0.27820940 | 0.27501853 | 0.27602466 | 0.28918723 | 0.27951716 | 0.27335514 | 0.25831486 | 0.28342857 | 0.28930818 | 0.27716774 | 0.27965787 | 0.29996319 | 0.27507311 | 0.01072804
Load 135 | 0.28106725 | 0.28091547 | 0.26286143 | 0.26964618 | 0.30492629 | 0.27486712 | 0.26641929 | 0.25392670 | 0.27584934 | 0.27046784 | 0.26359985 | 0.30142492 | 0.26849112 | 0.27130045 | 0.28400435 | 0.27796358 | 0.27358491 | 0.27701233 | 0.26610542 | 0.28264824 | 0.27535410 | 0.01182728
Load 136 | 0.28968544 | 0.26251841 | 0.27789934 | 0.27314461 | 0.27734807 | 0.28596994 | 0.28084476 | 0.28264041 | 0.26878505 | 0.28816083 | 0.26807564 | 0.28947368 | 0.27011070 | 0.26548016 | 0.25912797 | 0.28051855 | 0.29002234 | 0.27639296 | 0.28162378 | 0.29787999 | 0.27828513 | 0.01011683
Load 137 | 0.27221807 | 0.27289310 | 0.29382184 | 0.29396802 | 0.29943503 | 0.28731478 | 0.29122435 | 0.31277056 | 0.29115744 | 0.30262200 | 0.29321101 | 0.28167994 | 0.29875986 | 0.28223756 | 0.27562225 | 0.29885482 | 0.27001862 | 0.28891185 | 0.28859553 | 0.26157935 | 0.28784480 | 0.01231864
Load 138 | 0.29828938 | 0.28706395 | 0.26917511 | 0.31519768 | 0.30265996 | 0.30000000 | 0.28753644 | 0.29967892 | 0.28202247 | 0.28734784 | 0.29153153 | 0.27975967 | 0.28311317 | 0.28629630 | 0.29592959 | 0.30676743 | 0.30984419 | 0.30906443 | 0.28257687 | 0.30530816 | 0.29395815 | 0.01182084
Load 139 | 0.30342635 | 0.30108303 | 0.28550350 | 0.28168020 | 0.28082680 | 0.29500539 | 0.28144367 | 0.29074410 | 0.30766463 | 0.30573248 | 0.30325815 | 0.29234585 | 0.28058608 | 0.29153153 | 0.31960280 | 0.31563947 | 0.29859155 | 0.30254207 | 0.28956707 | 0.28352060 | 0.29551477 | 0.01141500
Load 140 | 0.31930075 | 0.30088496 | 0.29800363 | 0.29129021 | 0.30172731 | 0.30335861 | 0.31079646 | 0.29524846 | 0.29148148 | 0.28846816 | 0.30473478 | 0.30954917 | 0.31531532 | 0.30552622 | 0.28571429 | 0.32353982 | 0.31780426 | 0.28540618 | 0.30013879 | 0.29126560 | 0.30197772 | 0.01112893
Load 141 | 0.28561453 | 0.28495575 | 0.30315103 | 0.29256854 | 0.28081692 | 0.30315789 | 0.28879310 | 0.32089292 | 0.29205110 | 0.31823009 | 0.31631560 | 0.29186257 | 0.29624380 | 0.30779801 | 0.30053097 | 0.31151737 | 0.30722242 | 0.29677419 | 0.33823529 | 0.30954039 | 0.30231362 | 0.01393333
Load 142 | 0.31568017 | 0.30777499 | 0.31087183 | 0.29449153 | 0.31593598 | 0.30693069 | 0.30425680 | 0.29684668 | 0.32915254 | 0.32202192 | 0.31911869 | 0.31409584 | 0.30865522 | 0.31179379 | 0.31342743 | 0.30804679 | 0.30531129 | 0.30964821 | 0.33286018 | 0.30597527 | 0.31164479 | 0.00913178
Load 143 | 0.33118644 | 0.32515956 | 0.32311487 | 0.29097473 | 0.32100960 | 0.32142857 | 0.31506849 | 0.31511710 | 0.31117397 | 0.31682813 | 0.28777497 | 0.29514012 | 0.33043780 | 0.29326047 | 0.32662968 | 0.32108183 | 0.32840130 | 0.32454009 | 0.29230769 | 0.30083972 | 0.31357376 | 0.01426164
Load 144 | 0.31654676 | 0.31988776 | 0.32865169 | 0.31247920 | 0.33724438 | 0.30796335 | 0.32398754 | 0.33031522 | 0.32223796 | 0.30038966 | 0.30811936 | 0.30309278 | 0.31883049 | 0.31452456 | 0.33542102 | 0.32919683 | 0.31616890 | 0.33601680 | 0.34142114 | 0.33068305 | 0.32165892 | 0.01154857
Load 145 | 0.33197418 | 0.32956492 | 0.32810321 | 0.32960503 | 0.31304652 | 0.32712579 | 0.31162953 | 0.32564544 | 0.32215447 | 0.32401656 | 0.31712259 | 0.33580330 | 0.33480027 | 0.33136915 | 0.31593502 | 0.33978933 | 0.33518970 | 0.32169241 | 0.32515991 | 0.33333333 | 0.32665303 | 0.00768711
Load 146 | 0.33758621 | 0.32290280 | 0.33091035 | 0.31437330 | 0.31839203 | 0.32149201 | 0.32861092 | 0.32518337 | 0.32618318 | 0.32892954 | 0.31643472 | 0.32697456 | 0.33618624 | 0.33181818 | 0.34415145 | 0.32402044 | 0.32174506 | 0.31904762 | 0.31702345 | 0.32167832 | 0.32568219 | 0.00749851
Load 147 | 0.32590529 | 0.32889201 | 0.32321117 | 0.32469259 | 0.33457880 | 0.35298103 | 0.32781345 | 0.31400137 | 0.32907133 | 0.33299075 | 0.34317471 | 0.30398111 | 0.32664661 | 0.33321953 | 0.32713233 | 0.33251491 | 0.33705962 | 0.34304000 | 0.34270234 | 0.31995776 | 0.33017834 | 0.01067718
Load 148 | 0.34676600 | 0.33039648 | 0.34635507 | 0.35331126 | 0.33083730 | 0.34464752 | 0.31754967 | 0.34184874 | 0.35459534 | 0.31456841 | 0.31908345 | 0.32603570 | 0.33244237 | 0.33762712 | 0.33982539 | 0.33575130 | 0.32242508 | 0.34258949 | 0.32741287 | 0.32931203 | 0.33466903 | 0.01131716
Load 149 | 0.33674863 | 0.33582575 | 0.32610904 | 0.34429599 | 0.36212516 | 0.35714286 | 0.34719893 | 0.33502538 | 0.34128562 | 0.35376884 | 0.35239018 | 0.33774161 | 0.34336525 | 0.36853933 | 0.32724196 | 0.33895447 | 0.33311897 | 0.33515358 | 0.32130929 | 0.34495352 | 0.34211472 | 0.01181987
Load 150 | 0.35115269 | 0.34426230 | 0.34965035 | 0.34389751 | 0.33535354 | 0.34815055 | 0.34012696 | 0.34411864 | 0.34589274 | 0.34878444 | 0.34020619 | 0.35185794 | 0.34757545 | 0.34647511 | 0.35875614 | 0.35878113 | 0.34863281 | 0.33422909 | 0.33139336 | 0.33829365 | 0.34537953 | 0.00713540
Load 151 | 0.31215847 | 0.34311140 | 0.35900034 | 0.35190039 | 0.35627264 | 0.36485165 | 0.36161011 | 0.35204251 | 0.34163347 | 0.34920117 | 0.34081769 | 0.33911883 | 0.35271442 | 0.33529220 | 0.34251969 | 0.36119403 | 0.35951364 | 0.33987363 | 0.36107383 | 0.35517693 | 0.34895385 | 0.01216929
Load 152 | 0.35592105 | 0.35402069 | 0.35305592 | 0.35576282 | 0.36130914 | 0.35539057 | 0.36918138 | 0.34832567 | 0.33909702 | 0.35794331 | 0.36029660 | 0.35707155 | 0.36857905 | 0.35094090 | 0.35991105 | 0.33735332 | 0.33949802 | 0.34138381 | 0.36723349 | 0.33835079 | 0.35353131 | 0.00982729
Load 153 | 0.33219993 | 0.35617761 | 0.35322738 | 0.36430631 | 0.33062946 | 0.36242700 | 0.36625514 | 0.36507937 | 0.37292548 | 0.32458796 | 0.36469072 | 0.37328094 | 0.36595607 | 0.35290404 | 0.34254499 | 0.35746753 | 0.35893155 | 0.37107905 | 0.35320951 | 0.35946033 | 0.35636702 | 0.01361620
Load 154 | 0.37377371 | 0.36139428 | 0.38359703 | 0.37711864 | 0.36137172 | 0.36108422 | 0.37784182 | 0.36589246 | 0.35811024 | 0.35507488 | 0.36044974 | 0.36070381 | 0.37142857 | 0.35089431 | 0.36120183 | 0.36492891 | 0.36221727 | 0.36481543 | 0.35941007 | 0.35313002 | 0.36422195 | 0.00832039
Load 155 | 0.36521739 | 0.38436268 | 0.38957346 | 0.34358974 | 0.37435401 | 0.35889070 | 0.37432647 | 0.35303618 | 0.37889383 | 0.35241265 | 0.35338843 | 0.37006369 | 0.35845472 | 0.36331738 | 0.37628066 | 0.35867446 | 0.34214718 | 0.36587708 | 0.37142857 | 0.36727506 | 0.36507822 | 0.01242264
Load 156 | 0.35732566 | 0.37954831 | 0.36085826 | 0.37236084 | 0.36476585 | 0.38549984 | 0.37784091 | 0.35860058 | 0.35393978 | 0.36117381 | 0.35379177 | 0.35718891 | 0.36275146 | 0.37217044 | 0.35689271 | 0.36639209 | 0.35542747 | 0.34788274 | 0.37326274 | 0.38144000 | 0.36495571 | 0.01034144
Load 157 | 0.36346337 | 0.39267677 | 0.36932359 | 0.36698454 | 0.35718830 | 0.37175427 | 0.34982666 | 0.39419847 | 0.37742448 | 0.36563307 | 0.38442522 | 0.36610608 | 0.37980173 | 0.37487669 | 0.37854890 | 0.37816508 | 0.37894737 | 0.36352081 | 0.37197452 | 0.36611147 | 0.37254757 | 0.01071112
Load 158 | 0.36887519 | 0.36346276 | 0.36440678 | 0.36117170 | 0.35757193 | 0.36565530 | 0.36329114 | 0.37833644 | 0.35642276 | 0.36540921 | 0.37405542 | 0.37914840 | 0.37067083 | 0.36683576 | 0.36419355 | 0.37561728 | 0.34928230 | 0.38109944 | 0.36511552 | 0.36901408 | 0.36698179 | 0.00780195
Load 159 | 0.38537049 | 0.39262673 | 0.38764045 | 0.37523629 | 0.38796296 | 0.38693927 | 0.38772929 | 0.36455774 | 0.37051040 | 0.37323944 | 0.38181818 | 0.37256136 | 0.37831715 | 0.38250693 | 0.36392811 | 0.36012365 | 0.38872879 | 0.37963251 | 0.36629002 | 0.34842206 | 0.37670709 | 0.01135912
Load 160 | 0.36710484 | 0.39508449 | 0.39418825 | 0.39020537 | 0.37129187 | 0.38195536 | 0.38144330 | 0.39597315 | 0.38801453 | 0.37156398 | 0.36891095 | 0.39156250 | 0.38779890 | 0.40290662 | 0.37423313 | 0.38045209 | 0.38523573 | 0.38431752 | 0.37836128 | 0.37214397 | 0.38313739 | 0.00990154
Load 161 | 0.38766656 | 0.37676167 | 0.37961550 | 0.38471100 | 0.37357052 | 0.38473718 | 0.38829948 | 0.37564219 | 0.38573193 | 0.36980781 | 0.37550263 | 0.38624659 | 0.38611714 | 0.39162113 | 0.38701464 | 0.39786298 | 0.38833124 | 0.39036793 | 0.37953368 | 0.40681058 | 0.38479762 | 0.00841304
Load 162 | 0.38092308 | 0.37484237 | 0.38815789 | 0.39248306 | 0.38642617 | 0.39133127 | 0.39014565 | 0.39415169 | 0.39545594 | 0.39618138 | 0.38892425 | 0.37870909 | 0.41464174 | 0.38971963 | 0.36908122 | 0.37695191 | 0.38990268 | 0.38674884 | 0.39058680 | 0.39106487 | 0.38832148 | 0.00927625
Load 163 | 0.39587754 | 0.40838786 | 0.40067340 | 0.39750608 | 0.39009288 | 0.38406916 | 0.41094225 | 0.39055264 | 0.39405090 | 0.39871758 | 0.38130841 | 0.39153114 | 0.39865279 | 0.38344227 | 0.39729813 | 0.39145352 | 0.37779176 | 0.39975736 | 0.39657854 | 0.40141260 | 0.39450484 | 0.00828382
Load 164 | 0.42552553 | 0.38972542 | 0.39223602 | 0.41783323 | 0.37608112 | 0.40591644 | 0.41646919 | 0.41621129 | 0.41914580 | 0.40798771 | 0.40206499 | 0.39489489 | 0.40516446 | 0.40653917 | 0.38784903 | 0.38353601 | 0.39747444 | 0.40312989 | 0.41028781 | 0.38642453 | 0.40222485 | 0.01310099
Load 165 | 0.39153605 | 0.40583160 | 0.41092489 | 0.39198991 | 0.39045288 | 0.40699816 | 0.39659803 | 0.38925373 | 0.39660914 | 0.40317170 | 0.38442969 | 0.41226216 | 0.38742515 | 0.39822738 | 0.39152341 | 0.38722494 | 0.40816327 | 0.38156288 | 0.39464178 | 0.41500447 | 0.39719156 | 0.00966871
Load 166 | 0.41433303 | 0.40156768 | 0.40652174 | 0.40421115 | 0.40182371 | 0.39449257 | 0.39728916 | 0.39231905 | 0.41500154 | 0.39758326 | 0.41638643 | 0.41739130 | 0.40576631 | 0.39653074 | 0.41024882 | 0.40103690 | 0.39242844 | 0.42035004 | 0.37212158 | 0.39410514 | 0.40257543 | 0.01111794
Load 167 | 0.40691643 | 0.40595564 | 0.39893617 | 0.39922596 | 0.42865690 | 0.42273270 | 0.38679809 | 0.41171251 | 0.42337740 | 0.38085041 | 0.42663796 | 0.40825688 | 0.42462533 | 0.38848485 | 0.42299672 | 0.39922596 | 0.41946010 | 0.39279333 | 0.41260997 | 0.40196370 | 0.40811085 | 0.01409203
Load 168 | 0.41458967 | 0.40609287 | 0.42063020 | 0.42618551 | 0.40293779 | 0.39608873 | 0.40079853 | 0.41122053 | 0.42362768 | 0.40036232 | 0.44018187 | 0.41708248 | 0.38243123 | 0.41604755 | 0.39105642 | 0.42386831 | 0.42735562 | 0.42148014 | 0.40112827 | 0.40906363 | 0.41161147 | 0.01376412
Load 169 | 0.40855107 | 0.41030989 | 0.41825095 | 0.40352976 | 0.41706587 | 0.41978216 | 0.39887474 | 0.42927394 | 0.41742181 | 0.44857390 | 0.41714807 | 0.40315638 | 0.41209943 | 0.43041779 | 0.41314694 | 0.39878604 | 0.42100457 | 0.42159763 | 0.41489051 | 0.41530850 | 0.41595950 | 0.01128785
Load 170 | 0.41904476 | 0.40766754 | 0.42194469 | 0.44057554 | 0.41579732 | 0.40846339 | 0.43471897 | 0.42135979 | 0.42848665 | 0.40491902 | 0.42168675 | 0.40456182 | 0.40762463 | 0.41161253 | 0.42164734 | 0.43567168 | 0.42731018 | 0.42065643 | 0.41581558 | 0.41892672 | 0.41942457 | 0.01006915
Load 171 | 0.42156287 | 0.42816338 | 0.41191860 | 0.42753623 | 0.41511085 | 0.41369307 | 0.41954190 | 0.42469624 | 0.40394234 | 0.40796743 | 0.41922409 | 0.40359004 | 0.42095915 | 0.42519685 | 0.41308793 | 0.42443730 | 0.42320117 | 0.44102867 | 0.41890348 | 0.42293287 | 0.41933472 | 0.00865578
Load 172 | 0.42623430 | 0.42244604 | 0.42550059 | 0.43755536 | 0.41671520 | 0.40533981 | 0.42787636 | 0.42415487 | 0.41554646 | 0.43977747 | 0.43358689 | 0.40941924 | 0.42653477 | 0.42182227 | 0.42289988 | 0.41553957 | 0.42129901 | 0.43022927 | 0.41951220 | 0.41288994 | 0.42274397 | 0.00859274
Load 173 | 0.44599601 | 0.41179890 | 0.42354299 | 0.44749642 | 0.43044385 | 0.42372881 | 0.42486741 | 0.43587522 | 0.41622575 | 0.43773050 | 0.40534125 | 0.41440653 | 0.41087084 | 0.43101514 | 0.42931483 | 0.42174678 | 0.41491506 | 0.41458454 | 0.39443488 | 0.43533487 | 0.42348353 | 0.01319250
Load 174 | 0.42467761 | 0.41139988 | 0.42739415 | 0.40314914 | 0.41052013 | 0.44967020 | 0.41642568 | 0.41388175 | 0.43284424 | 0.42788325 | 0.43449657 | 0.43205975 | 0.40364057 | 0.42680180 | 0.43610088 | 0.41661825 | 0.43204295 | 0.42765085 | 0.44205393 | 0.43363330 | 0.42514724 | 0.01218210
Load 175 | 0.43031311 | 0.44331354 | 0.44270979 | 0.42758621 | 0.44318824 | 0.41835239 | 0.41990847 | 0.42793045 | 0.43954802 | 0.41771781 | 0.44931663 | 0.44056738 | 0.44438057 | 0.43181818 | 0.44839956 | 0.43830723 | 0.43435201 | 0.43143341 | 0.43453039 | 0.43325855 | 0.43484660 | 0.00918493
Load 176 | 0.44724638 | 0.43125175 | 0.41839148 | 0.44912872 | 0.45078014 | 0.45331834 | 0.44240542 | 0.45688914 | 0.42963174 | 0.43849206 | 0.43019943 | 0.44827586 | 0.44250000 | 0.44606581 | 0.42865044 | 0.42359932 | 0.43060395 | 0.43455945 | 0.44296632 | 0.43905856 | 0.43920072 | 0.01023198
Load 177 | 0.43257598 | 0.45459595 | 0.45761294 | 0.44376221 | 0.44960176 | 0.45057730 | 0.45133482 | 0.44868935 | 0.44911882 | 0.42321781 | 0.43330594 | 0.44161719 | 0.43300111 | 0.42333709 | 0.44581006 | 0.44584527 | 0.44659921 | 0.45378151 | 0.43729003 | 0.45162200 | 0.44366482 | 0.00978428
Load 178 | 0.42240178 | 0.44531250 | 0.43961772 | 0.44741189 | 0.44591611 | 0.42983425 | 0.41801189 | 0.44120222 | 0.44516860 | 0.44235624 | 0.44811728 | 0.43474528 | 0.43392505 | 0.45179692 | 0.43174157 | 0.46841811 | 0.45752896 | 0.45211268 | 0.44690265 | 0.45553331 | 0.44290275 | 0.01176497
Load 179 | 0.44555587 | 0.43197474 | 0.46208791 | 0.45172124 | 0.45054637 | 0.44739756 | 0.45045045 | 0.45601852 | 0.44453711 | 0.44838001 | 0.43203343 | 0.44705557 | 0.46441632 | 0.44843924 | 0.44125835 | 0.45153061 | 0.44728790 | 0.44176136 | 0.46600606 | 0.41819190 | 0.44733253 | 0.01093405
Load 180 | 0.45434111 | 0.44459796 | 0.42911098 | 0.44197320 | 0.45141243 | 0.45277699 | 0.45958885 | 0.47501388 | 0.43646409 | 0.46734521 | 0.45333703 | 0.43211921 | 0.43846362 | 0.44921552 | 0.43654963 | 0.45377693 | 0.45314254 | 0.45600225 | 0.45431400 | 0.46379542 | 0.45016704 | 0.01156339
Load 181 | 0.42719250 | 0.45622120 | 0.46597146 | 0.45854712 | 0.45622621 | 0.45127926 | 0.46249325 | 0.44329320 | 0.44350896 | 0.46409904 | 0.45287740 | 0.45363128 | 0.45695364 | 0.46205357 | 0.44660994 | 0.45918091 | 0.45106498 | 0.44777778 | 0.46001103 | 0.44718117 | 0.45330869 | 0.00887577
Load 182 | 0.45507007 | 0.44472084 | 0.46359088 | 0.45597652 | 0.42788325 | 0.46145494 | 0.44777778 | 0.47065188 | 0.45048966 | 0.44407065 | 0.45036252 | 0.46047820 | 0.45483133 | 0.45699368 | 0.44707207 | 0.45123608 | 0.44469211 | 0.46343445 | 0.46677428 | 0.45913330 | 0.45383473 | 0.00957297
Load 183 | 0.45257235 | 0.47266361 | 0.45183361 | 0.45820605 | 0.44572685 | 0.45900740 | 0.45631868 | 0.45666020 | 0.43426077 | 0.46876727 | 0.46717724 | 0.45321001 | 0.43371522 | 0.44293252 | 0.45893720 | 0.46651970 | 0.45417898 | 0.46286472 | 0.45419638 | 0.44414243 | 0.45469456 | 0.01034881
Load 184 | 0.47897324 | 0.46691080 | 0.47197250 | 0.45890411 | 0.47389775 | 0.46602203 | 0.45824236 | 0.46094820 | 0.47088049 | 0.46875000 | 0.45518549 | 0.45874050 | 0.45284531 | 0.47767365 | 0.46582633 | 0.46908199 | 0.45334797 | 0.46811326 | 0.46228295 | 0.44324031 | 0.46409196 | 0.00879393
Load 185 | 0.45697003 | 0.45742092 | 0.45721854 | 0.46894326 | 0.46293245 | 0.48351648 | 0.46023039 | 0.46978243 | 0.47003692 | 0.46182023 | 0.47833287 | 0.46317469 | 0.46430503 | 0.46101043 | 0.45074224 | 0.45799677 | 0.47398069 | 0.45653918 | 0.48543432 | 0.48280531 | 0.46615966 | 0.00983875
Load 186 | 0.46947083 | 0.47372698 | 0.47829670 | 0.48248053 | 0.48118280 | 0.45751634 | 0.45569273 | 0.48472076 | 0.47041420 | 0.45629786 | 0.46471372 | 0.48285031 | 0.45804865 | 0.46937684 | 0.46664874 | 0.45664894 | 0.47436919 | 0.47686062 | 0.47136327 | 0.45698354 | 0.46938318 | 0.00970722
Load 187 | 0.45271405 | 0.46841542 | 0.46883543 | 0.46605849 | 0.47099338 | 0.47132905 | 0.46513492 | 0.47497280 | 0.47329650 | 0.46652665 | 0.46359545 | 0.47884363 | 0.49051056 | 0.48068090 | 0.46137677 | 0.46132748 | 0.48088746 | 0.47612661 | 0.46891327 | 0.48212846 | 0.47113336 | 0.00858637
Load 188 | 0.46944740 | 0.46035872 | 0.47412625 | 0.46656093 | 0.47038513 | 0.45744966 | 0.48159018 | 0.46917174 | 0.45782189 | 0.46719577 | 0.45408026 | 0.48655772 | 0.46027106 | 0.46914226 | 0.46521622 | 0.47417715 | 0.47220067 | 0.47019868 | 0.47955890 | 0.47940692 | 0.46924588 | 0.00838943
Load 189 | 0.46819271 | 0.46644552 | 0.46871795 | 0.46668510 | 0.48103896 | 0.49018068 | 0.47410148 | 0.47564849 | 0.48769749 | 0.48432056 | 0.47811181 | 0.47798067 | 0.47129252 | 0.47414019 | 0.49535686 | 0.46803345 | 0.47317201 | 0.47160162 | 0.44883966 | 0.45478723 | 0.47381725 | 0.01077076
Load 190 | 0.46954449 | 0.46851249 | 0.48345061 | 0.46757679 | 0.46686583 | 0.47583160 | 0.47593866 | 0.46791374 | 0.48327235 | 0.49213012 | 0.47851615 | 0.47545768 | 0.47460317 | 0.48554604 | 0.46755625 | 0.48375067 | 0.48274954 | 0.47826087 | 0.48344017 | 0.47390728 | 0.47674123 | 0.00712954
Load 191 | 0.49579618 | 0.48335975 | 0.47580645 | 0.48042797 | 0.47836167 | 0.46883396 | 0.47798239 | 0.49803511 | 0.48734673 | 0.49150360 | 0.50346420 | 0.48565521 | 0.47243471 | 0.46061597 | 0.48123679 | 0.49022674 | 0.48133439 | 0.47688692 | 0.48126131 | 0.45771144 | 0.48141407 | 0.01120954
Load 192 | 0.48200514 | 0.49583333 | 0.47928389 | 0.48294162 | 0.48824451 | 0.48678356 | 0.47311828 | 0.47928534 | 0.50064284 | 0.48202906 | 0.49410559 | 0.48999740 | 0.49471513 | 0.48776135 | 0.47984293 | 0.47632527 | 0.48091800 | 0.46564482 | 0.49215333 | 0.47718833 | 0.48444099 | 0.00840618
Load 193 | 0.48065280 | 0.47514241 | 0.46311157 | 0.51039501 | 0.48464341 | 0.49080073 | 0.46675393 | 0.47128815 | 0.47223637 | 0.49059036 | 0.48875256 | 0.48275862 | 0.47007415 | 0.47958388 | 0.50000000 | 0.47252183 | 0.48096138 | 0.47968545 | 0.47653430 | 0.50138994 | 0.48189384 | 0.01190119
Load 194 | 0.50037566 | 0.46816190 | 0.48813822 | 0.48812532 | 0.49473684 | 0.49206755 | 0.48204060 | 0.48135853 | 0.49844881 | 0.47184713 | 0.48783069 | 0.47093774 | 0.48246519 | 0.50200300 | 0.49426434 | 0.49177378 | 0.49987528 | 0.48537406 | 0.49747944 | 0.49191919 | 0.48846116 | 0.00969181
Load 195 | 0.49788610 | 0.51257700 | 0.48232258 | 0.48673706 | 0.49115611 | 0.49152107 | 0.48583822 | 0.49073839 | 0.48226950 | 0.49151235 | 0.47120419 | 0.49649474 | 0.47569185 | 0.48557931 | 0.48858567 | 0.48032529 | 0.48450117 | 0.47399151 | 0.49284254 | 0.48347738 | 0.48726260 | 0.00902126
Load 196 | 0.48437903 | 0.49595346 | 0.49794661 | 0.48580926 | 0.49087115 | 0.48946684 | 0.49687422 | 0.48706674 | 0.47861716 | 0.49833632 | 0.48585266 | 0.48079402 | 0.48150906 | 0.49886507 | 0.50712831 | 0.48371623 | 0.50989727 | 0.47474483 | 0.49164797 | 0.50432957 | 0.49119029 | 0.00948039
Load 197 | 0.49152107 | 0.49604087 | 0.48316628 | 0.50645406 | 0.50457550 | 0.49604491 | 0.48376374 | 0.48279431 | 0.50969529 | 0.47786260 | 0.48642418 | 0.49154713 | 0.48964459 | 0.49788820 | 0.47927928 | 0.49062420 | 0.50075377 | 0.50358467 | 0.47049608 | 0.48988994 | 0.49160253 | 0.01013251
Load 198 | 0.48308935 | 0.49772842 | 0.48527919 | 0.50569188 | 0.48360444 | 0.50972862 | 0.50462847 | 0.49131639 | 0.50734574 | 0.50194150 | 0.48918919 | 0.51335685 | 0.49594115 | 0.48161389 | 0.50201207 | 0.49127686 | 0.49179500 | 0.49746683 | 0.49055158 | 0.50211075 | 0.49628341 | 0.00916351
Load 199 | 0.50325651 | 0.49343103 | 0.49480091 | 0.50734214 | 0.50290624 | 0.51176322 | 0.50746634 | 0.50879397 | 0.49898939 | 0.50227043 | 0.49884348 | 0.48982630 | 0.50153061 | 0.51539049 | 0.49726504 | 0.50184411 | 0.48951755 | 0.50088006 | 0.49912609 | 0.49861496 | 0.50119294 | 0.00655964
Load 200 | 0.51286449 | 0.49656751 | 0.49504950 | 0.49410861 | 0.49457058 | 0.49453486 | 0.50062391 | 0.50278653 | 0.49098441 | 0.48855346 | 0.51281419 | 0.50341686 | 0.51377066 | 0.50994353 | 0.53441397 | 0.48018648 | 0.50303337 | 0.50024679 | 0.49324152 | 0.51134946 | 0.50165303 | 0.01159025
