# Resultados para rota [0,12] (DE com fitness AGP)
# Formato: Load Probabilidade_Media Desvio_Padrao
1 0.024965 0.071857
2 0.047309 0.077909
3 0.029029 0.053632
4 0.027053 0.061345
5 0.091442 0.121210
6 0.085843 0.112409
7 0.073576 0.097914
8 0.081633 0.105636
9 0.091124 0.113330
10 0.116540 0.098841
11 0.105537 0.117800
12 0.135413 0.120756
13 0.121907 0.083013
14 0.199682 0.124782
15 0.106676 0.101072
16 0.155437 0.111127
17 0.122396 0.098130
18 0.132786 0.104904
19 0.116736 0.091679
20 0.156927 0.108460
21 0.200323 0.069765
22 0.175279 0.104289
23 0.191166 0.123005
24 0.189415 0.112184
25 0.188663 0.111106
26 0.166474 0.117843
27 0.238313 0.116703
28 0.189744 0.101792
29 0.231668 0.110539
30 0.199024 0.112019
31 0.222593 0.105510
32 0.217022 0.097820
33 0.240221 0.074065
34 0.211014 0.138200
35 0.242046 0.094337
36 0.210334 0.102780
37 0.295527 0.094008
38 0.233312 0.088699
39 0.242371 0.098844
40 0.245711 0.115973
41 0.274407 0.098749
42 0.233347 0.110673
43 0.256700 0.075787
44 0.247916 0.074328
45 0.269825 0.104988
46 0.302261 0.073448
47 0.271520 0.090962
48 0.312204 0.069709
49 0.282142 0.098745
50 0.277819 0.070341
51 0.240139 0.090253
52 0.297641 0.068968
53 0.253706 0.098142
54 0.261199 0.098836
55 0.292136 0.063120
56 0.274556 0.081986
57 0.294832 0.078954
58 0.298557 0.076748
59 0.308266 0.068875
60 0.311375 0.087511
61 0.292666 0.068820
62 0.320928 0.056956
63 0.307902 0.095137
64 0.299786 0.078305
65 0.312512 0.056836
66 0.320531 0.079156
67 0.327287 0.082066
68 0.313872 0.079830
69 0.304306 0.109470
70 0.333932 0.072321
71 0.320531 0.075408
72 0.301318 0.069603
73 0.324896 0.049777
74 0.330513 0.082111
75 0.324410 0.078473
76 0.328820 0.061474
77 0.319652 0.109685
78 0.352408 0.077836
79 0.348370 0.059396
80 0.343737 0.066732
81 0.334433 0.076901
82 0.334424 0.079266
83 0.347705 0.065910
84 0.321784 0.068827
85 0.311192 0.060072
86 0.330517 0.081587
87 0.342570 0.077457
88 0.327555 0.077489
89 0.340088 0.071055
90 0.359873 0.075365
91 0.359237 0.054875
92 0.335837 0.078917
93 0.370239 0.064000
94 0.340980 0.066012
95 0.340540 0.073827
96 0.329406 0.082931
97 0.343172 0.069087
98 0.356188 0.052130
99 0.331992 0.053000
100 0.324548 0.063388
101 0.337260 0.080155
102 0.355950 0.063180
103 0.327743 0.080631
104 0.352636 0.063505
105 0.336734 0.060498
106 0.336040 0.062786
107 0.336868 0.074111
108 0.320538 0.044456
109 0.384678 0.062772
110 0.352357 0.074015
111 0.351090 0.074635
112 0.364438 0.058567
113 0.358312 0.053023
114 0.363068 0.077468
115 0.371092 0.061398
116 0.352046 0.054136
117 0.348845 0.057810
118 0.351305 0.065736
119 0.355915 0.067541
120 0.348292 0.054809
121 0.354402 0.063446
122 0.383451 0.060909
123 0.350682 0.055179
124 0.385499 0.062334
125 0.355808 0.041118
126 0.382606 0.059824
127 0.376497 0.080660
128 0.354608 0.072736
129 0.365275 0.051572
130 0.362927 0.055863
131 0.363163 0.052799
132 0.373049 0.068813
133 0.355340 0.044330
134 0.361541 0.051875
135 0.374240 0.072337
136 0.386290 0.056730
137 0.387834 0.052793
138 0.378143 0.052077
139 0.358546 0.063760
140 0.369982 0.069327
141 0.376639 0.050622
142 0.363782 0.054527
143 0.371893 0.043802
144 0.374850 0.046117
145 0.377009 0.061771
146 0.348964 0.061805
147 0.369774 0.050877
148 0.365621 0.053908
149 0.376012 0.041606
150 0.361208 0.067408
151 0.393781 0.066134
152 0.377189 0.068117
153 0.349586 0.049446
154 0.359944 0.066273
155 0.374714 0.063200
156 0.380586 0.048421
157 0.356763 0.052468
158 0.385389 0.057582
159 0.367802 0.051767
160 0.372600 0.052437
161 0.384340 0.053332
162 0.385589 0.071044
163 0.354616 0.049473
164 0.381270 0.044534
165 0.370919 0.060983
166 0.389912 0.048387
167 0.375705 0.042494
168 0.381630 0.053599
169 0.375315 0.041479
170 0.406053 0.039835
171 0.380117 0.056540
172 0.368893 0.045272
173 0.380039 0.050414
174 0.361651 0.035696
175 0.375850 0.054593
176 0.372674 0.051535
177 0.382167 0.053772
178 0.378740 0.053418
179 0.370554 0.067913
180 0.365533 0.045782
181 0.385585 0.057611
182 0.382428 0.062375
183 0.384000 0.043768
184 0.385956 0.056465
185 0.386467 0.055715
186 0.366334 0.063314
187 0.366399 0.053353
188 0.390352 0.056404
189 0.391796 0.041707
190 0.388954 0.051049
191 0.384333 0.054022
192 0.403338 0.048099
193 0.394698 0.052686
194 0.377028 0.051918
195 0.386460 0.046372
196 0.370518 0.059449
197 0.381597 0.056458
198 0.388801 0.043099
199 0.408174 0.054397
200 0.401918 0.049180
