# Resultados para rota [2,6] (DE com fitness AGP)
# Formato: Load Probabilidade_Media Desvio_Padrao
1 0.437984 0.116328
2 0.496033 0.076707
3 0.504204 0.072159
4 0.571952 0.115383
5 0.534682 0.101960
6 0.561291 0.081823
7 0.541150 0.054797
8 0.551830 0.086948
9 0.577675 0.062349
10 0.609007 0.073287
11 0.627423 0.086237
12 0.625753 0.059601
13 0.643109 0.074478
14 0.618861 0.077712
15 0.650162 0.071972
16 0.637132 0.104046
17 0.687587 0.058857
18 0.672697 0.070620
19 0.672144 0.059631
20 0.688278 0.074340
21 0.682325 0.075343
22 0.697588 0.080210
23 0.703186 0.051337
24 0.700658 0.041400
25 0.694797 0.051394
26 0.707978 0.047685
27 0.695882 0.060482
28 0.731641 0.037127
29 0.731733 0.042996
30 0.736430 0.063556
31 0.723431 0.062505
32 0.754974 0.056804
33 0.737228 0.054485
34 0.757197 0.066182
35 0.737726 0.060174
36 0.747410 0.052751
37 0.741810 0.062886
38 0.751032 0.052266
39 0.770594 0.041023
40 0.752059 0.024430
41 0.776850 0.056759
42 0.774309 0.045715
43 0.767582 0.057230
44 0.791219 0.057289
45 0.784143 0.038465
46 0.790304 0.052020
47 0.791764 0.040787
48 0.794170 0.047232
49 0.790922 0.054201
50 0.787411 0.044306
51 0.803332 0.037635
52 0.786091 0.043519
53 0.814181 0.043503
54 0.803404 0.039535
55 0.811241 0.039738
56 0.818988 0.052654
57 0.800457 0.037990
58 0.803496 0.044075
59 0.812375 0.044320
60 0.810825 0.051561
61 0.809953 0.059168
62 0.810793 0.057418
63 0.817699 0.036584
64 0.829993 0.043022
65 0.805533 0.035934
66 0.827478 0.034068
67 0.824554 0.039072
68 0.837846 0.042535
69 0.813135 0.037987
70 0.834260 0.035835
71 0.835140 0.042472
72 0.839093 0.037705
73 0.829503 0.031540
74 0.827377 0.037141
75 0.842614 0.028682
76 0.830998 0.036660
77 0.837000 0.035492
78 0.829932 0.040111
79 0.841970 0.028865
80 0.844570 0.029339
81 0.845973 0.033080
82 0.830170 0.049748
83 0.843009 0.043093
84 0.861381 0.027797
85 0.847738 0.031921
86 0.851424 0.035382
87 0.857007 0.037109
88 0.849761 0.022992
89 0.851195 0.025551
90 0.846234 0.026784
91 0.870301 0.030278
92 0.859512 0.034372
93 0.865633 0.032099
94 0.850411 0.024100
95 0.857249 0.031685
96 0.850128 0.029987
97 0.851513 0.032940
98 0.857616 0.027931
99 0.861470 0.031109
100 0.869337 0.028156
101 0.868015 0.032328
102 0.864126 0.036079
103 0.863635 0.020377
104 0.865944 0.026330
105 0.869477 0.029666
106 0.862788 0.030531
107 0.876927 0.030120
108 0.872358 0.033876
109 0.864956 0.031903
110 0.880778 0.023098
111 0.889101 0.022238
112 0.869235 0.021969
113 0.869039 0.036476
114 0.887545 0.027732
115 0.871779 0.031543
116 0.876670 0.019166
117 0.865907 0.028393
118 0.868522 0.020223
119 0.879457 0.025718
120 0.866293 0.022877
121 0.879348 0.024862
122 0.877328 0.025541
123 0.876663 0.039586
124 0.880542 0.024794
125 0.891703 0.028078
126 0.887101 0.026571
127 0.877272 0.022717
128 0.875603 0.022490
129 0.877156 0.026979
130 0.881168 0.017271
131 0.884451 0.018848
132 0.879251 0.024261
133 0.888178 0.027973
134 0.890939 0.026550
135 0.885417 0.030633
136 0.889493 0.026771
137 0.886545 0.026311
138 0.891578 0.025834
139 0.888943 0.020997
140 0.887989 0.026786
141 0.877223 0.023282
142 0.878746 0.023956
143 0.883293 0.029224
144 0.887170 0.025423
145 0.900122 0.018702
146 0.908541 0.022064
147 0.883682 0.020520
148 0.895190 0.025198
149 0.898712 0.024977
150 0.902534 0.022162
151 0.893421 0.022763
152 0.889205 0.029555
153 0.877169 0.028226
154 0.903671 0.016668
155 0.899369 0.018730
156 0.892777 0.014081
157 0.900833 0.018509
158 0.901135 0.017944
159 0.906109 0.023905
160 0.896916 0.018305
161 0.898717 0.021473
162 0.890165 0.026207
163 0.906556 0.030807
164 0.903019 0.020946
165 0.900071 0.021595
166 0.899581 0.027121
167 0.903652 0.021254
168 0.907176 0.017678
169 0.906802 0.023326
170 0.895454 0.029824
171 0.900971 0.020633
172 0.907989 0.016463
173 0.906435 0.019473
174 0.908114 0.019961
175 0.904658 0.018507
176 0.903846 0.020219
177 0.915523 0.023856
178 0.911546 0.021420
179 0.918793 0.019164
180 0.910418 0.019575
181 0.912263 0.018354
182 0.905663 0.019898
183 0.908100 0.016367
184 0.912377 0.020913
185 0.918022 0.023988
186 0.912524 0.018682
187 0.921490 0.020641
188 0.908493 0.024369
189 0.903533 0.017591
190 0.908676 0.015628
191 0.914863 0.019628
192 0.905487 0.019368
193 0.913369 0.021702
194 0.909517 0.017139
195 0.924670 0.022419
196 0.912647 0.016658
197 0.912129 0.021556
198 0.917538 0.018245
199 0.911381 0.017800
200 0.911216 0.023671
