# Resultados para rota [3,8] (DE com fitness AGP)
# Formato: Load Probabilidade_Media Desvio_Padrao
1 0.408053 0.113191
2 0.397141 0.085705
3 0.432468 0.114075
4 0.392127 0.090150
5 0.464902 0.138289
6 0.461361 0.076140
7 0.455501 0.065964
8 0.507521 0.066242
9 0.492158 0.080027
10 0.492447 0.078805
11 0.480794 0.099915
12 0.511465 0.102008
13 0.521704 0.088562
14 0.526490 0.093764
15 0.524021 0.098548
16 0.524443 0.095713
17 0.513076 0.066614
18 0.503477 0.071325
19 0.537678 0.074850
20 0.533771 0.065167
21 0.567468 0.085144
22 0.558610 0.072595
23 0.572532 0.061365
24 0.559861 0.077076
25 0.564914 0.059983
26 0.550994 0.087025
27 0.584992 0.050384
28 0.596056 0.051883
29 0.548961 0.060160
30 0.582515 0.059836
31 0.571208 0.085223
32 0.586984 0.057026
33 0.590403 0.071838
34 0.581506 0.060387
35 0.596842 0.062280
36 0.617145 0.057382
37 0.580757 0.072900
38 0.618065 0.069464
39 0.581068 0.066131
40 0.611731 0.055073
41 0.611999 0.052121
42 0.624004 0.055474
43 0.606645 0.055636
44 0.599383 0.072713
45 0.634459 0.068889
46 0.605545 0.076291
47 0.613959 0.068465
48 0.604424 0.069879
49 0.624980 0.053748
50 0.634889 0.043997
51 0.620466 0.047350
52 0.621457 0.055480
53 0.631169 0.065635
54 0.608435 0.057027
55 0.629796 0.056651
56 0.623768 0.063198
57 0.638913 0.065658
58 0.631431 0.042536
59 0.638458 0.040772
60 0.639056 0.052756
61 0.651217 0.045605
62 0.632858 0.051250
63 0.655647 0.044446
64 0.623128 0.072893
65 0.647238 0.050630
66 0.634016 0.045209
67 0.651142 0.050600
68 0.648188 0.041393
69 0.661137 0.048097
70 0.625257 0.045861
71 0.644234 0.056842
72 0.617193 0.050203
73 0.647765 0.033576
74 0.651525 0.041178
75 0.651412 0.046469
76 0.632969 0.055233
77 0.663699 0.047613
78 0.643682 0.050886
79 0.623464 0.044384
80 0.651180 0.051252
81 0.657987 0.058460
82 0.659070 0.052397
83 0.640713 0.049784
84 0.647963 0.057923
85 0.661631 0.054646
86 0.651412 0.041841
87 0.662105 0.031474
88 0.661119 0.045499
89 0.657323 0.038504
90 0.672714 0.052843
91 0.639330 0.048871
92 0.675285 0.040174
93 0.657836 0.045211
94 0.660634 0.042775
95 0.674446 0.051198
96 0.667677 0.027361
97 0.656221 0.030367
98 0.662409 0.040155
99 0.667926 0.034925
100 0.661841 0.036048
101 0.653938 0.049526
102 0.663279 0.040807
103 0.668033 0.038655
104 0.660038 0.047544
105 0.647866 0.058178
106 0.669816 0.050382
107 0.655272 0.042333
108 0.672173 0.038817
109 0.657849 0.042565
110 0.658189 0.042956
111 0.668847 0.036586
112 0.664315 0.045400
113 0.663696 0.042618
114 0.650758 0.041264
115 0.671225 0.040943
116 0.670671 0.028034
117 0.664341 0.031726
118 0.641386 0.041628
119 0.669850 0.036362
120 0.656953 0.037272
121 0.665714 0.038637
122 0.662352 0.040316
123 0.673808 0.047944
124 0.663446 0.038451
125 0.665990 0.050406
126 0.665028 0.042257
127 0.662704 0.048293
128 0.666403 0.043377
129 0.657315 0.038759
130 0.659680 0.044975
131 0.671868 0.033183
132 0.668504 0.039793
133 0.670691 0.038416
134 0.671523 0.035409
135 0.665867 0.029917
136 0.661001 0.034726
137 0.672427 0.028449
138 0.670381 0.038376
139 0.687737 0.030458
140 0.675903 0.026769
141 0.668931 0.036763
142 0.678716 0.044596
143 0.679806 0.040249
144 0.669152 0.043152
145 0.665270 0.049940
146 0.675512 0.041061
147 0.670895 0.041011
148 0.677208 0.039739
149 0.668586 0.038874
150 0.659806 0.040172
151 0.662987 0.025490
152 0.688265 0.030446
153 0.679241 0.028795
154 0.674219 0.034886
155 0.679570 0.032485
156 0.670941 0.032744
157 0.683755 0.034895
158 0.682158 0.039100
159 0.682765 0.038882
160 0.697364 0.033856
161 0.684187 0.042497
162 0.670910 0.040451
163 0.671438 0.039783
164 0.680873 0.035826
165 0.679232 0.027709
166 0.675702 0.033988
167 0.675486 0.033750
168 0.680070 0.043041
169 0.663463 0.039738
170 0.679938 0.032399
171 0.676671 0.029806
172 0.684086 0.025378
173 0.665360 0.042489
174 0.689068 0.043114
175 0.681478 0.028684
176 0.688624 0.030856
177 0.681056 0.037615
178 0.675762 0.044553
179 0.690273 0.031074
180 0.677197 0.024244
181 0.672855 0.029749
182 0.685125 0.044503
183 0.671144 0.028736
184 0.684461 0.024637
185 0.668860 0.026457
186 0.691649 0.024521
187 0.691806 0.028254
188 0.685290 0.032310
189 0.678048 0.028682
190 0.683828 0.034692
191 0.684182 0.033872
192 0.682129 0.030790
193 0.687872 0.042272
194 0.683604 0.023932
195 0.675126 0.032469
196 0.692391 0.029618
197 0.685460 0.029855
198 0.675907 0.027876
199 0.685982 0.032522
200 0.671829 0.032739
