# Resultados para rota [4,11] (DE com fitness AGP)
# Formato: Load Probabilidade_Media Desvio_Padrao
1 0.467999 0.097799
2 0.494395 0.075501
3 0.497624 0.092062
4 0.537514 0.129326
5 0.540762 0.085447
6 0.539720 0.102253
7 0.582724 0.068061
8 0.600646 0.068719
9 0.537488 0.067228
10 0.575920 0.089932
11 0.634327 0.091089
12 0.579900 0.074982
13 0.653201 0.042821
14 0.597837 0.067674
15 0.669710 0.069066
16 0.680293 0.070484
17 0.641781 0.061753
18 0.695844 0.039867
19 0.680584 0.073391
20 0.702146 0.072902
21 0.688834 0.054110
22 0.700664 0.056951
23 0.693747 0.050531
24 0.698536 0.063781
25 0.717565 0.069035
26 0.737729 0.063318
27 0.719299 0.058069
28 0.693393 0.056109
29 0.735910 0.056564
30 0.744509 0.059186
31 0.749916 0.079694
32 0.725881 0.066203
33 0.727315 0.054143
34 0.746332 0.050591
35 0.765321 0.052489
36 0.770194 0.043198
37 0.744028 0.052501
38 0.751309 0.046652
39 0.764006 0.063754
40 0.762170 0.052495
41 0.756922 0.054528
42 0.774109 0.052363
43 0.785382 0.052571
44 0.790992 0.059906
45 0.766756 0.058819
46 0.782524 0.045796
47 0.812364 0.035185
48 0.789780 0.040917
49 0.789860 0.037397
50 0.807623 0.046485
51 0.795511 0.039914
52 0.787963 0.049721
53 0.794822 0.034413
54 0.806347 0.045117
55 0.805168 0.050022
56 0.808069 0.054210
57 0.805987 0.059016
58 0.823225 0.041290
59 0.800070 0.049232
60 0.817092 0.041828
61 0.825081 0.045266
62 0.803653 0.027538
63 0.818515 0.055085
64 0.820379 0.036130
65 0.829346 0.038764
66 0.832785 0.035521
67 0.825507 0.032397
68 0.821428 0.037027
69 0.831688 0.043570
70 0.830471 0.041469
71 0.816494 0.047448
72 0.839845 0.037840
73 0.846326 0.037566
74 0.833533 0.049688
75 0.834386 0.046033
76 0.828238 0.041394
77 0.837099 0.029490
78 0.822713 0.043712
79 0.834276 0.035247
80 0.836556 0.026282
81 0.840167 0.033340
82 0.844995 0.041468
83 0.842847 0.026816
84 0.853485 0.038839
85 0.838762 0.039686
86 0.849996 0.034686
87 0.842404 0.045892
88 0.851531 0.036179
89 0.866970 0.035760
90 0.860581 0.032364
91 0.854732 0.028111
92 0.856078 0.041992
93 0.846388 0.028873
94 0.853007 0.028931
95 0.856627 0.030073
96 0.871865 0.036693
97 0.856293 0.036093
98 0.862155 0.032194
99 0.870919 0.025590
100 0.858176 0.038141
101 0.863361 0.032506
102 0.864499 0.030165
103 0.865505 0.033075
104 0.874110 0.036827
105 0.879957 0.028829
106 0.866771 0.033104
107 0.861204 0.026898
108 0.877772 0.024655
109 0.865563 0.027894
110 0.872168 0.028445
111 0.879663 0.021271
112 0.864130 0.025219
113 0.865802 0.030369
114 0.886627 0.028702
115 0.862341 0.033917
116 0.875268 0.031732
117 0.881261 0.030245
118 0.891281 0.029630
119 0.873086 0.023219
120 0.883358 0.033776
121 0.877619 0.024264
122 0.877611 0.027871
123 0.873920 0.021642
124 0.876494 0.024282
125 0.883135 0.028850
126 0.877612 0.031841
127 0.875596 0.030894
128 0.878878 0.018326
129 0.891322 0.028653
130 0.871636 0.022240
131 0.898446 0.025134
132 0.883049 0.023949
133 0.888611 0.029263
134 0.880876 0.031216
135 0.892441 0.025092
136 0.896088 0.034357
137 0.898833 0.025439
138 0.880488 0.017392
139 0.880215 0.030492
140 0.897181 0.026974
141 0.893644 0.025979
142 0.891552 0.019117
143 0.898780 0.025571
144 0.893836 0.022815
145 0.884887 0.019554
146 0.881546 0.031108
147 0.888464 0.027084
148 0.891190 0.027113
149 0.895950 0.027214
150 0.902738 0.028863
151 0.894660 0.017996
152 0.888957 0.023068
153 0.894332 0.021930
154 0.895278 0.022703
155 0.898213 0.025678
156 0.902434 0.020738
157 0.895391 0.020478
158 0.902074 0.021727
159 0.900326 0.019681
160 0.905588 0.021933
161 0.908412 0.021003
162 0.892498 0.020370
163 0.907692 0.023039
164 0.904918 0.018681
165 0.905687 0.031558
166 0.896016 0.028135
167 0.902852 0.025321
168 0.903075 0.018364
169 0.907264 0.023110
170 0.907349 0.022791
171 0.909919 0.023310
172 0.901126 0.020687
173 0.903763 0.024567
174 0.907090 0.025122
175 0.910601 0.021788
176 0.905325 0.017024
177 0.902539 0.023720
178 0.914745 0.020526
179 0.895616 0.019170
180 0.907777 0.016714
181 0.916804 0.014147
182 0.906285 0.025315
183 0.919199 0.019987
184 0.905010 0.024834
185 0.908358 0.018865
186 0.911638 0.017550
187 0.903363 0.020608
188 0.910157 0.019651
189 0.911187 0.022780
190 0.906827 0.029201
191 0.908457 0.021637
192 0.912732 0.018664
193 0.913547 0.023190
194 0.913065 0.022065
195 0.922546 0.022796
196 0.920108 0.014595
197 0.911915 0.023169
198 0.922447 0.017942
199 0.908576 0.017275
200 0.911376 0.018116
