# [4 -> 11] - Mķdia de 20 simulań§es
# Formato: Load Probabilidade_Media
1 0.004000
2 0.009100
3 0.013950
4 0.018700
5 0.023250
6 0.024600
7 0.030250
8 0.036950
9 0.037400
10 0.044800
11 0.049200
12 0.054150
13 0.060350
14 0.061250
15 0.068500
16 0.070750
17 0.074800
18 0.081850
19 0.081250
20 0.090500
21 0.091050
22 0.098350
23 0.102950
24 0.108700
25 0.114350
26 0.115300
27 0.121900
28 0.124700
29 0.128000
30 0.133750
31 0.132400
32 0.145250
33 0.152500
34 0.152650
35 0.155750
36 0.159650
37 0.160700
38 0.170750
39 0.170050
40 0.179800
41 0.183600
42 0.190550
43 0.187350
44 0.198150
45 0.200150
46 0.209000
47 0.208400
48 0.210050
49 0.220900
50 0.221750
51 0.224300
52 0.233700
53 0.234700
54 0.240450
55 0.243200
56 0.246350
57 0.251900
58 0.259400
59 0.265650
60 0.267300
61 0.272750
62 0.277700
63 0.277000
64 0.283150
65 0.289600
66 0.296950
67 0.293300
68 0.300100
69 0.313500
70 0.310500
71 0.319750
72 0.321600
73 0.327400
74 0.330250
75 0.332500
76 0.336350
77 0.339800
78 0.344150
79 0.351900
80 0.357900
81 0.361850
82 0.364250
83 0.366950
84 0.372300
85 0.382700
86 0.387000
87 0.390350
88 0.391350
89 0.388550
90 0.402900
91 0.404900
92 0.407750
93 0.406950
94 0.421500
95 0.420300
96 0.428450
97 0.432800
98 0.435000
99 0.444950
100 0.449150
101 0.454950
102 0.454500
103 0.457300
104 0.464250
105 0.470300
106 0.468650
107 0.470800
108 0.485800
109 0.480650
110 0.494700
111 0.489350
112 0.500050
113 0.504550
114 0.508150
115 0.510050
116 0.519450
117 0.517900
118 0.524600
119 0.531400
120 0.535900
121 0.533550
122 0.541450
123 0.549000
124 0.550000
125 0.565350
126 0.561750
127 0.562750
128 0.569000
129 0.571850
130 0.575700
131 0.583950
132 0.590900
133 0.590000
134 0.594250
135 0.599650
136 0.602900
137 0.613000
138 0.614150
139 0.618900
140 0.624100
141 0.630250
142 0.630600
143 0.638050
144 0.644900
145 0.643300
146 0.645350
147 0.651500
148 0.663250
149 0.654900
150 0.662200
151 0.674850
152 0.676400
153 0.684100
154 0.681550
155 0.687700
156 0.694150
157 0.702600
158 0.704700
159 0.709150
160 0.714350
161 0.716650
162 0.723050
163 0.723200
164 0.728000
165 0.731350
166 0.736700
167 0.741500
168 0.748900
169 0.751250
170 0.753950
171 0.759700
172 0.768750
173 0.771750
174 0.773100
175 0.772100
176 0.782950
177 0.786750
178 0.790200
179 0.796000
180 0.801700
181 0.803000
182 0.806600
183 0.809050
184 0.818800
185 0.823100
186 0.826550
187 0.835550
188 0.838150
189 0.840050
190 0.840050
191 0.849700
192 0.850450
193 0.855350
194 0.865600
195 0.869450
196 0.872600
197 0.877300
198 0.874200
199 0.884100
200 0.889450
