# Resultados para rota [0,6] (DE com fitness AGP)
# Formato: Load Probabilidade_Media Desvio_Padrao
1 0.000000 0.000000
2 0.000000 0.000000
3 0.000000 0.000000
4 0.000000 0.000000
5 0.000000 0.000000
6 0.000000 0.000000
7 0.000000 0.000000
8 0.000000 0.000000
9 0.000000 0.000000
10 0.000000 0.000000
11 0.000000 0.000000
12 0.000000 0.000000
13 0.000000 0.000000
14 0.000000 0.000000
15 0.000000 0.000000
16 0.000000 0.000000
17 0.000000 0.000000
18 0.000000 0.000000
19 0.000000 0.000000
20 0.000000 0.000000
21 0.000000 0.000000
22 0.000000 0.000000
23 0.000000 0.000000
24 0.000000 0.000000
25 0.000000 0.000000
26 0.000000 0.000000
27 0.000000 0.000000
28 0.000000 0.000000
29 0.000000 0.000000
30 0.000000 0.000000
31 0.000000 0.000000
32 0.000000 0.000000
33 0.000000 0.000000
34 0.000000 0.000000
35 0.000000 0.000000
36 0.000000 0.000000
37 0.000000 0.000000
38 0.000000 0.000000
39 0.000000 0.000000
40 0.000000 0.000000
41 0.000000 0.000000
42 0.000000 0.000000
43 0.000000 0.000000
44 0.000000 0.000000
45 0.000000 0.000000
46 0.000000 0.000000
47 0.000000 0.000000
48 0.002247 0.009795
49 0.000000 0.000000
50 0.000556 0.002422
51 0.000000 0.000000
52 0.000000 0.000000
53 0.003297 0.014370
54 0.000581 0.002534
55 0.001596 0.006956
56 0.000000 0.000000
57 0.000538 0.002343
58 0.000000 0.000000
59 0.000000 0.000000
60 0.000562 0.002449
61 0.004545 0.019813
62 0.001064 0.004637
63 0.003282 0.007028
64 0.007484 0.025777
65 0.006864 0.017117
66 0.005366 0.016508
67 0.004545 0.019813
68 0.007259 0.013414
69 0.012234 0.031932
70 0.020589 0.038446
71 0.007392 0.024635
72 0.015363 0.033677
73 0.035248 0.052912
74 0.020953 0.033551
75 0.021736 0.027024
76 0.034163 0.044997
77 0.033455 0.044460
78 0.017513 0.033513
79 0.061633 0.067068
80 0.034611 0.040119
81 0.045785 0.060980
82 0.041825 0.052842
83 0.059994 0.062904
84 0.071175 0.062611
85 0.076307 0.073264
86 0.062831 0.068299
87 0.052978 0.056817
88 0.054688 0.050062
89 0.086049 0.056584
90 0.076200 0.064051
91 0.078514 0.038429
92 0.089467 0.052733
93 0.126566 0.060110
94 0.075439 0.048954
95 0.121831 0.066110
96 0.083809 0.060344
97 0.122948 0.052581
98 0.130081 0.072759
99 0.120152 0.069981
100 0.132506 0.066684
101 0.127141 0.069886
102 0.144717 0.051036
103 0.121870 0.067054
104 0.121901 0.064456
105 0.168073 0.081547
106 0.167787 0.080248
107 0.155576 0.050681
108 0.138147 0.065128
109 0.140534 0.051922
110 0.176506 0.063250
111 0.175847 0.056407
112 0.164567 0.063892
113 0.166668 0.052413
114 0.176761 0.067170
115 0.199613 0.053010
116 0.205487 0.046941
117 0.171488 0.069915
118 0.183367 0.065532
119 0.174560 0.070182
120 0.216710 0.067341
121 0.192085 0.057817
122 0.202464 0.072122
123 0.191112 0.061502
124 0.200514 0.069766
125 0.204185 0.058894
126 0.207105 0.075530
127 0.190619 0.065284
128 0.200924 0.076302
129 0.218188 0.068311
130 0.220011 0.069780
131 0.201265 0.049762
132 0.215364 0.048572
133 0.211619 0.070278
134 0.259898 0.048634
135 0.237074 0.051758
136 0.232964 0.082923
137 0.236138 0.060566
138 0.235604 0.053235
139 0.245495 0.060679
140 0.249151 0.050125
141 0.253257 0.061318
142 0.262089 0.049592
143 0.262575 0.050238
144 0.258695 0.062615
145 0.263820 0.055944
146 0.264482 0.064648
147 0.285169 0.059703
148 0.277804 0.053147
149 0.264259 0.052003
150 0.285928 0.051156
151 0.286350 0.052670
152 0.289519 0.065559
153 0.263455 0.051827
154 0.273803 0.057534
155 0.272917 0.041830
156 0.291808 0.062913
157 0.287644 0.051227
158 0.299234 0.032348
159 0.283049 0.033192
160 0.286547 0.041115
161 0.301666 0.042133
162 0.289496 0.064704
163 0.327834 0.044701
164 0.327276 0.035254
165 0.274637 0.057117
166 0.309534 0.047655
167 0.278919 0.041776
168 0.320369 0.055130
169 0.309123 0.041507
170 0.285735 0.058130
171 0.292391 0.054677
172 0.329452 0.035318
173 0.333651 0.039926
174 0.300762 0.046242
175 0.309622 0.048709
176 0.329446 0.044872
177 0.315747 0.058467
178 0.338017 0.043071
179 0.322389 0.044812
180 0.313680 0.051806
181 0.321731 0.041629
182 0.326946 0.053001
183 0.328417 0.052372
184 0.324813 0.051952
185 0.318728 0.048369
186 0.334589 0.042395
187 0.315302 0.051872
188 0.319081 0.054309
189 0.344563 0.053081
190 0.328039 0.044307
191 0.341985 0.048957
192 0.335777 0.055708
193 0.341396 0.045373
194 0.339499 0.060020
195 0.324939 0.040113
196 0.350838 0.042660
197 0.359716 0.057700
198 0.348244 0.042203
199 0.355685 0.046200
200 0.345694 0.059543
201 0.352679 0.041486
202 0.323142 0.049130
203 0.337616 0.041548
204 0.344711 0.036382
205 0.349671 0.042494
206 0.361685 0.052907
207 0.368806 0.041245
208 0.337222 0.039424
209 0.351361 0.037946
210 0.373694 0.038155
211 0.368901 0.044502
212 0.369625 0.045228
213 0.365876 0.038585
214 0.377030 0.052457
215 0.381386 0.045556
216 0.390538 0.032539
217 0.367988 0.033348
218 0.369920 0.042828
219 0.351911 0.057212
220 0.359412 0.063563
221 0.382636 0.045275
222 0.385178 0.034495
223 0.365385 0.052572
224 0.381371 0.033629
225 0.388466 0.032137
226 0.374278 0.054317
227 0.414307 0.037310
228 0.366594 0.037994
229 0.364081 0.047248
230 0.382901 0.038017
231 0.385651 0.042866
232 0.385355 0.051671
233 0.390780 0.039491
234 0.385916 0.035267
235 0.390697 0.035235
236 0.408075 0.038178
237 0.399794 0.026293
238 0.391999 0.041363
239 0.397204 0.032000
240 0.392105 0.054690
241 0.366142 0.037585
242 0.380463 0.041010
243 0.401528 0.043993
244 0.401261 0.040347
245 0.374735 0.055644
246 0.401435 0.050152
247 0.403106 0.048060
248 0.418862 0.049198
249 0.397449 0.026339
250 0.388096 0.035273
251 0.382332 0.036827
252 0.410592 0.038799
253 0.409132 0.041024
254 0.403589 0.040754
255 0.428382 0.040889
256 0.397256 0.034403
257 0.402583 0.034018
258 0.418722 0.036560
259 0.410454 0.041933
260 0.403005 0.047244
261 0.394672 0.037508
262 0.410973 0.043818
263 0.417010 0.047855
264 0.412190 0.030164
265 0.422277 0.033682
266 0.404434 0.043290
267 0.408583 0.049751
268 0.414225 0.032447
269 0.423610 0.031170
270 0.421084 0.041408
271 0.414171 0.029851
272 0.424191 0.030857
273 0.424997 0.034913
274 0.417559 0.042220
275 0.431648 0.035624
276 0.418351 0.033905
277 0.429006 0.034756
278 0.416666 0.035562
279 0.429014 0.033422
280 0.437516 0.028908
281 0.418121 0.035729
282 0.421162 0.031211
283 0.420161 0.026873
284 0.422868 0.040966
285 0.413077 0.034582
286 0.423589 0.034207
287 0.403957 0.033767
288 0.431163 0.030097
289 0.420305 0.039639
290 0.432844 0.029849
291 0.413918 0.046915
292 0.428007 0.036643
293 0.431575 0.029749
294 0.423440 0.041936
295 0.432986 0.041038
296 0.437646 0.036585
297 0.435275 0.032538
298 0.448293 0.034854
299 0.425592 0.046157
300 0.436333 0.022079
301 0.440977 0.034294
302 0.442142 0.031515
303 0.431139 0.038162
304 0.454533 0.037034
305 0.431522 0.043052
306 0.441553 0.049731
307 0.444377 0.041623
308 0.430454 0.034461
309 0.441144 0.027501
310 0.440319 0.029851
311 0.447487 0.033318
312 0.444856 0.027917
313 0.442312 0.037924
314 0.445618 0.040492
315 0.440465 0.025393
316 0.445562 0.037266
317 0.424084 0.033226
318 0.444746 0.030266
319 0.447185 0.036639
320 0.446054 0.043462
321 0.457215 0.025520
322 0.444355 0.037120
323 0.445841 0.038206
324 0.451030 0.038000
325 0.438212 0.037889
326 0.434345 0.031701
327 0.470964 0.040544
328 0.455746 0.034587
329 0.443944 0.039144
330 0.444341 0.040670
331 0.441320 0.032062
332 0.438743 0.031718
333 0.446270 0.036349
334 0.444748 0.042321
335 0.451277 0.033257
336 0.453973 0.030071
337 0.458174 0.036389
338 0.455717 0.029105
339 0.463125 0.039804
340 0.445844 0.036171
341 0.460969 0.036877
342 0.464507 0.036224
343 0.447478 0.029966
344 0.448734 0.030198
345 0.455195 0.042396
346 0.453347 0.031509
347 0.449012 0.034124
348 0.452979 0.039016
349 0.465921 0.036408
350 0.452758 0.037394
351 0.461155 0.029094
352 0.464203 0.028446
353 0.471257 0.041322
354 0.469500 0.034416
355 0.462561 0.027739
356 0.457297 0.030133
357 0.467080 0.038909
358 0.444162 0.036123
359 0.463162 0.036369
360 0.478905 0.025160
361 0.458985 0.032207
362 0.464254 0.039141
363 0.455983 0.033013
364 0.458350 0.033418
365 0.453172 0.032832
366 0.468755 0.029234
367 0.467634 0.040015
368 0.467967 0.025340
369 0.458628 0.038086
370 0.474245 0.033720
371 0.467859 0.039368
372 0.463439 0.022143
373 0.466413 0.031612
374 0.467045 0.034244
375 0.473614 0.031949
376 0.464524 0.030658
377 0.455640 0.029690
378 0.472980 0.033038
379 0.467297 0.035386
380 0.467419 0.034628
381 0.480242 0.027742
382 0.463500 0.033591
383 0.470047 0.044176
384 0.481594 0.025582
385 0.468584 0.028338
386 0.462795 0.027308
387 0.465064 0.030417
388 0.477147 0.038475
389 0.492000 0.023471
390 0.458934 0.026898
391 0.478831 0.036784
392 0.474878 0.032526
393 0.467366 0.037727
394 0.470695 0.037872
395 0.473114 0.031520
396 0.480585 0.033506
397 0.475067 0.032226
398 0.459426 0.036709
399 0.479953 0.039212
400 0.482662 0.032307
