# Resultados para rota [2,6] (DE com fitness AGP)
# Formato: Load Probabilidade_Media Desvio_Padrao
1 0.000000 0.000000
2 0.000000 0.000000
3 0.000000 0.000000
4 0.000000 0.000000
5 0.004125 0.012445
6 0.020561 0.041607
7 0.025561 0.050987
8 0.056167 0.073126
9 0.051215 0.043595
10 0.098557 0.071638
11 0.113945 0.079138
12 0.125855 0.050144
13 0.161245 0.074406
14 0.171254 0.061093
15 0.205302 0.055761
16 0.200749 0.069743
17 0.238924 0.061172
18 0.242132 0.068532
19 0.277815 0.080607
20 0.309472 0.063098
21 0.311654 0.047969
22 0.317527 0.075889
23 0.327487 0.075566
24 0.331839 0.083579
25 0.322406 0.063717
26 0.362504 0.065644
27 0.378964 0.083283
28 0.398681 0.065444
29 0.388281 0.061821
30 0.395815 0.066295
31 0.411327 0.061401
32 0.447653 0.047024
33 0.422082 0.063846
34 0.452808 0.062426
35 0.451337 0.066806
36 0.454165 0.060259
37 0.458698 0.047498
38 0.463466 0.074598
39 0.465347 0.068408
40 0.468502 0.067052
41 0.478703 0.062302
42 0.499588 0.058593
43 0.508137 0.066640
44 0.500595 0.054226
45 0.486947 0.067650
46 0.530423 0.043556
47 0.512217 0.046990
48 0.536734 0.054511
49 0.544138 0.049061
50 0.541296 0.057632
51 0.564496 0.070541
52 0.562007 0.047819
53 0.549048 0.048656
54 0.581599 0.041419
55 0.572703 0.058988
56 0.570455 0.060389
57 0.579700 0.034455
58 0.575643 0.037917
59 0.589230 0.037264
60 0.582387 0.053895
61 0.573055 0.033801
62 0.581899 0.049539
63 0.580253 0.039728
64 0.602135 0.041477
65 0.618682 0.058130
66 0.603869 0.038645
67 0.626279 0.046396
68 0.623138 0.042232
69 0.616686 0.040413
70 0.623924 0.044231
71 0.630182 0.045673
72 0.613109 0.052624
73 0.631283 0.049793
74 0.642433 0.051733
75 0.615706 0.040972
76 0.625067 0.025592
77 0.628592 0.037314
78 0.647346 0.037820
79 0.643857 0.030144
80 0.636516 0.032606
81 0.635147 0.049168
82 0.646111 0.040459
83 0.644050 0.049389
84 0.670862 0.037221
85 0.665829 0.044528
86 0.658129 0.034712
87 0.632135 0.033112
88 0.676812 0.042168
89 0.667938 0.043469
90 0.670433 0.042195
91 0.657481 0.041437
92 0.682800 0.038147
93 0.663294 0.035618
94 0.673829 0.044261
95 0.676843 0.042254
96 0.676183 0.037095
97 0.687805 0.031571
98 0.681053 0.037670
99 0.659705 0.029909
100 0.687996 0.035400
101 0.686678 0.027711
102 0.701425 0.040173
103 0.685439 0.047914
104 0.679365 0.032428
105 0.684932 0.044058
106 0.684004 0.025418
107 0.702521 0.041905
108 0.687764 0.039455
109 0.690970 0.030987
110 0.689366 0.027410
111 0.693760 0.037642
112 0.706020 0.045820
113 0.709537 0.036026
114 0.704256 0.025296
115 0.703879 0.033025
116 0.696009 0.043574
117 0.701874 0.037372
118 0.708928 0.032657
119 0.709613 0.033899
120 0.711764 0.036317
121 0.707193 0.043146
122 0.703458 0.030875
123 0.731893 0.036087
124 0.710205 0.023410
125 0.717793 0.031700
126 0.706917 0.026994
127 0.706959 0.035094
128 0.725058 0.037912
129 0.719373 0.021522
130 0.721553 0.039797
131 0.730280 0.032503
132 0.734810 0.024639
133 0.715639 0.032223
134 0.727932 0.031950
135 0.723155 0.020998
136 0.722541 0.033262
137 0.717656 0.030554
138 0.737915 0.032165
139 0.718403 0.036668
140 0.734676 0.030821
141 0.752425 0.030180
142 0.734659 0.026657
143 0.727325 0.047059
144 0.730790 0.034365
145 0.732182 0.024289
146 0.738034 0.025051
147 0.736779 0.036745
148 0.738388 0.032670
149 0.733526 0.028142
150 0.733400 0.027086
151 0.738454 0.021543
152 0.731722 0.029634
153 0.744911 0.029276
154 0.748670 0.027175
155 0.747417 0.030203
156 0.728622 0.032159
157 0.744710 0.032024
158 0.746294 0.026695
159 0.740483 0.029048
160 0.744317 0.021208
161 0.742409 0.021503
162 0.750905 0.033950
163 0.754631 0.029206
164 0.759192 0.030958
165 0.752692 0.026859
166 0.752338 0.023527
167 0.764495 0.021922
168 0.747947 0.042556
169 0.747842 0.024465
170 0.760259 0.026965
171 0.763452 0.031931
172 0.748244 0.030557
173 0.753631 0.023255
174 0.767864 0.027088
175 0.763903 0.018350
176 0.752879 0.023842
177 0.765475 0.025181
178 0.758834 0.020360
179 0.755335 0.025135
180 0.759497 0.031763
181 0.757005 0.031460
182 0.761742 0.023608
183 0.765285 0.027655
184 0.766902 0.021477
185 0.773880 0.020884
186 0.772384 0.035407
187 0.763442 0.024355
188 0.767694 0.022907
189 0.759374 0.027061
190 0.771975 0.025558
191 0.767559 0.016256
192 0.767970 0.022955
193 0.778196 0.023784
194 0.774893 0.025635
195 0.774941 0.023854
196 0.764513 0.030496
197 0.768735 0.022699
198 0.756824 0.024103
199 0.761091 0.031787
200 0.770465 0.023609
201 0.771583 0.026838
202 0.770867 0.015830
203 0.775549 0.027108
204 0.775609 0.015396
205 0.769664 0.023344
206 0.767575 0.031623
207 0.773453 0.024796
208 0.777426 0.022778
209 0.766652 0.033488
210 0.774140 0.033298
211 0.771658 0.021788
212 0.777604 0.022129
213 0.779780 0.020201
214 0.773039 0.020823
215 0.780774 0.024402
216 0.777291 0.025164
217 0.778349 0.020525
218 0.775558 0.020808
219 0.780040 0.026244
220 0.790175 0.016018
221 0.773422 0.019538
222 0.766740 0.019746
223 0.774296 0.028542
224 0.766103 0.017591
225 0.776444 0.019286
226 0.784917 0.024732
227 0.781729 0.024538
228 0.780893 0.021868
229 0.768656 0.024754
230 0.780647 0.034486
231 0.792731 0.022136
232 0.776241 0.025510
233 0.775911 0.017345
234 0.777689 0.026422
235 0.780161 0.019602
236 0.788860 0.022789
237 0.786380 0.018738
238 0.785574 0.020473
239 0.786719 0.014727
240 0.786147 0.023519
241 0.781757 0.019786
242 0.788633 0.021911
243 0.788370 0.020135
244 0.781289 0.020230
245 0.790461 0.025220
246 0.779988 0.017861
247 0.784875 0.024555
248 0.787043 0.028291
249 0.791838 0.025681
250 0.781061 0.024097
251 0.781205 0.022936
252 0.794187 0.021816
253 0.786632 0.018558
254 0.782977 0.022547
255 0.786424 0.024768
256 0.787604 0.023966
257 0.781602 0.023242
258 0.795662 0.027228
259 0.796324 0.023858
260 0.787587 0.026333
261 0.795091 0.017129
262 0.786832 0.028825
263 0.790427 0.022295
264 0.781154 0.014990
265 0.790567 0.015787
266 0.794192 0.023823
267 0.789899 0.028311
268 0.796951 0.022289
269 0.792671 0.019199
270 0.797078 0.019021
271 0.795354 0.026806
272 0.799885 0.017034
273 0.795170 0.020195
274 0.789337 0.023315
275 0.793626 0.017670
276 0.801978 0.018964
277 0.802109 0.021794
278 0.795428 0.021461
279 0.796558 0.025121
280 0.792119 0.018760
281 0.793967 0.020741
282 0.794337 0.019861
283 0.800168 0.018532
284 0.793837 0.022729
285 0.792805 0.018508
286 0.809258 0.022520
287 0.804009 0.020732
288 0.800923 0.020365
289 0.796662 0.018730
290 0.797938 0.021261
291 0.798781 0.021824
292 0.808711 0.024271
293 0.792398 0.026158
294 0.804454 0.024254
295 0.798192 0.019623
296 0.801907 0.018187
297 0.803598 0.020141
298 0.795454 0.021401
299 0.803000 0.024669
300 0.805211 0.024673
301 0.796858 0.023056
302 0.798740 0.019740
303 0.799937 0.019785
304 0.797502 0.020466
305 0.801859 0.026816
306 0.804373 0.016541
307 0.795345 0.023561
308 0.803346 0.020685
309 0.807156 0.017467
310 0.810860 0.019360
311 0.798907 0.015488
312 0.805101 0.017863
313 0.804823 0.021744
314 0.800836 0.022241
315 0.805914 0.019546
316 0.804682 0.017494
317 0.804456 0.019082
318 0.807710 0.015544
319 0.809198 0.026073
320 0.804463 0.014378
321 0.807430 0.020073
322 0.797898 0.022450
323 0.812086 0.022776
324 0.808070 0.016797
325 0.807549 0.019175
326 0.809192 0.014068
327 0.797319 0.014980
328 0.807476 0.017412
329 0.812847 0.022157
330 0.802854 0.020390
331 0.809315 0.016940
332 0.817689 0.020986
333 0.811505 0.016533
334 0.807605 0.020362
335 0.814355 0.018967
336 0.799647 0.019129
337 0.807017 0.020704
338 0.813228 0.020065
339 0.808393 0.016478
340 0.806533 0.018648
341 0.805800 0.021682
342 0.801993 0.027785
343 0.807062 0.020091
344 0.814338 0.021295
345 0.808330 0.021495
346 0.808681 0.017410
347 0.814907 0.017396
348 0.809278 0.017841
349 0.818444 0.016627
350 0.811627 0.016424
351 0.813407 0.016910
352 0.804843 0.017081
353 0.813154 0.020622
354 0.804974 0.017902
355 0.810679 0.017908
356 0.813425 0.027769
357 0.812835 0.013797
358 0.810928 0.019236
359 0.807215 0.020614
360 0.811535 0.019185
361 0.812359 0.013127
362 0.815543 0.018093
363 0.811440 0.019530
364 0.821409 0.017149
365 0.821140 0.014710
366 0.811734 0.015940
367 0.815329 0.018209
368 0.815236 0.014429
369 0.816816 0.017516
370 0.817304 0.021141
371 0.812850 0.017557
372 0.817551 0.019529
373 0.810015 0.017528
374 0.817363 0.020422
375 0.817602 0.016838
376 0.806091 0.019070
377 0.814295 0.016476
378 0.816062 0.020082
379 0.821261 0.019224
380 0.820208 0.018141
381 0.809539 0.017160
382 0.822616 0.017129
383 0.817627 0.014904
384 0.815842 0.014543
385 0.812536 0.017513
386 0.819827 0.015363
387 0.816320 0.017874
388 0.812676 0.024000
389 0.818853 0.019358
390 0.817954 0.019356
391 0.810530 0.011841
392 0.815381 0.019299
393 0.812011 0.020747
394 0.818217 0.020305
395 0.809219 0.021010
396 0.826495 0.019540
397 0.819861 0.017739
398 0.816686 0.016323
399 0.811942 0.015210
400 0.812898 0.014033
