# Resultados para rota [0,3] (DE com fitness AGP)
# Formato: Load Probabilidade_Media Desvio_Padrao
1 0.000000 0.000000
2 0.000000 0.000000
3 0.000000 0.000000
4 0.000000 0.000000
5 0.000000 0.000000
6 0.000000 0.000000
7 0.000000 0.000000
8 0.000000 0.000000
9 0.000000 0.000000
10 0.000000 0.000000
11 0.000000 0.000000
12 0.000000 0.000000
13 0.000000 0.000000
14 0.000000 0.000000
15 0.000000 0.000000
16 0.000000 0.000000
17 0.000000 0.000000
18 0.000000 0.000000
19 0.000000 0.000000
20 0.000000 0.000000
21 0.000000 0.000000
22 0.000000 0.000000
23 0.000000 0.000000
24 0.000000 0.000000
25 0.000000 0.000000
26 0.000000 0.000000
27 0.000000 0.000000
28 0.000000 0.000000
29 0.000000 0.000000
30 0.000000 0.000000
31 0.000000 0.000000
32 0.000000 0.000000
33 0.000000 0.000000
34 0.000000 0.000000
35 0.000000 0.000000
36 0.000000 0.000000
37 0.000000 0.000000
38 0.000000 0.000000
39 0.000000 0.000000
40 0.000000 0.000000
41 0.000000 0.000000
42 0.000000 0.000000
43 0.000000 0.000000
44 0.000000 0.000000
45 0.000000 0.000000
46 0.000000 0.000000
47 0.000000 0.000000
48 0.000000 0.000000
49 0.000000 0.000000
50 0.000568 0.002477
51 0.000000 0.000000
52 0.000000 0.000000
53 0.000000 0.000000
54 0.000000 0.000000
55 0.002747 0.011975
56 0.000000 0.000000
57 0.000000 0.000000
58 0.001136 0.004953
59 0.002686 0.008177
60 0.006161 0.019944
61 0.002717 0.011845
62 0.004854 0.021160
63 0.012042 0.031643
64 0.015066 0.026696
65 0.006767 0.016333
66 0.005433 0.014842
67 0.007107 0.022642
68 0.013531 0.025665
69 0.019779 0.032691
70 0.024836 0.041202
71 0.030725 0.040423
72 0.010962 0.027547
73 0.022224 0.038585
74 0.023581 0.031083
75 0.034222 0.047723
76 0.037484 0.041740
77 0.027553 0.041473
78 0.040283 0.057415
79 0.047642 0.047160
80 0.060716 0.047632
81 0.028619 0.036506
82 0.062303 0.060171
83 0.048855 0.051006
84 0.070759 0.067453
85 0.041332 0.053141
86 0.047910 0.059149
87 0.082846 0.055940
88 0.072356 0.066585
89 0.073824 0.053917
90 0.092719 0.065919
91 0.081070 0.068756
92 0.084483 0.061680
93 0.119009 0.071949
94 0.138078 0.075756
95 0.103881 0.060324
96 0.132444 0.060946
97 0.118259 0.080084
98 0.109627 0.066512
99 0.122578 0.083321
100 0.130281 0.062854
101 0.149622 0.053856
102 0.163176 0.085784
103 0.133234 0.053449
104 0.151424 0.068791
105 0.133058 0.080236
106 0.150963 0.069101
107 0.148606 0.063790
108 0.164794 0.068272
109 0.183265 0.071965
110 0.138066 0.065020
111 0.159170 0.071714
112 0.179705 0.067232
113 0.154145 0.065469
114 0.199650 0.049334
115 0.181049 0.063947
116 0.185277 0.063975
117 0.176536 0.065590
118 0.196832 0.062522
119 0.212799 0.058947
120 0.194900 0.050268
121 0.215315 0.037594
122 0.209939 0.059028
123 0.210002 0.065333
124 0.231943 0.052533
125 0.221041 0.063541
126 0.224009 0.046293
127 0.227897 0.055411
128 0.188618 0.068721
129 0.222968 0.041322
130 0.225912 0.065018
131 0.243085 0.058087
132 0.213845 0.042651
133 0.232762 0.053501
134 0.219519 0.062237
135 0.240853 0.052746
136 0.258958 0.059771
137 0.255229 0.056293
138 0.235424 0.054017
139 0.264702 0.061889
140 0.255079 0.059519
141 0.241873 0.054074
142 0.269709 0.053398
143 0.243546 0.046748
144 0.246006 0.049253
145 0.234731 0.063873
146 0.275264 0.058754
147 0.267086 0.074764
148 0.249571 0.053295
149 0.267776 0.037320
150 0.258391 0.041470
151 0.286016 0.054032
152 0.274854 0.062550
153 0.264359 0.034433
154 0.259045 0.064026
155 0.273466 0.042844
156 0.281183 0.058609
157 0.292257 0.053766
158 0.282892 0.038977
159 0.298893 0.052654
160 0.285107 0.062012
161 0.272474 0.053801
162 0.303323 0.041659
163 0.290283 0.057078
164 0.281877 0.042074
165 0.320040 0.046461
166 0.299156 0.059425
167 0.299347 0.048041
168 0.300001 0.056532
169 0.314388 0.042919
170 0.306067 0.051808
171 0.293488 0.042469
172 0.318050 0.045472
173 0.311680 0.043673
174 0.306200 0.057469
175 0.332941 0.047307
176 0.312159 0.047432
177 0.321497 0.051370
178 0.314804 0.059792
179 0.308886 0.050092
180 0.312904 0.051206
181 0.307492 0.054854
182 0.331423 0.049158
183 0.317887 0.041539
184 0.326416 0.032758
185 0.342818 0.061830
186 0.323932 0.042287
187 0.323613 0.060339
188 0.318853 0.038716
189 0.337138 0.037924
190 0.329727 0.043699
191 0.332203 0.051619
192 0.355605 0.052376
193 0.334803 0.053448
194 0.328005 0.045600
195 0.332866 0.039601
196 0.357617 0.050424
197 0.355502 0.051234
198 0.333950 0.037478
199 0.364066 0.042662
200 0.342703 0.059466
201 0.354226 0.043964
202 0.382470 0.042769
203 0.320923 0.050742
204 0.363537 0.035886
205 0.358778 0.056509
206 0.375595 0.041201
207 0.354059 0.042875
208 0.355846 0.047845
209 0.364101 0.046605
210 0.376363 0.051879
211 0.365034 0.049170
212 0.351161 0.043091
213 0.350986 0.045285
214 0.365309 0.036797
215 0.346815 0.041310
216 0.343216 0.040621
217 0.374690 0.049075
218 0.363321 0.036885
219 0.379906 0.044985
220 0.370731 0.033394
221 0.380491 0.042111
222 0.371911 0.033856
223 0.368373 0.047164
224 0.369640 0.040394
225 0.367665 0.038123
226 0.367475 0.044795
227 0.368743 0.043622
228 0.383732 0.039599
229 0.392235 0.054085
230 0.378908 0.032186
231 0.370898 0.045204
232 0.369550 0.028399
233 0.394250 0.038589
234 0.390217 0.037414
235 0.391258 0.024819
236 0.367578 0.032800
237 0.381570 0.035298
238 0.392120 0.043802
239 0.384319 0.037330
240 0.393057 0.037201
241 0.400075 0.042246
242 0.403534 0.035161
243 0.385241 0.044874
244 0.397260 0.050673
245 0.398087 0.044200
246 0.383377 0.053217
247 0.373047 0.038718
248 0.406474 0.039026
249 0.415777 0.044498
250 0.376858 0.035786
251 0.410467 0.038404
252 0.418820 0.049989
253 0.404619 0.059620
254 0.396452 0.040038
255 0.410784 0.033679
256 0.401519 0.040500
257 0.409453 0.032882
258 0.404883 0.047579
259 0.409457 0.046740
260 0.394250 0.042524
261 0.411694 0.029471
262 0.411713 0.027062
263 0.394180 0.044620
264 0.413176 0.041973
265 0.425540 0.044254
266 0.421143 0.046916
267 0.417218 0.041461
268 0.408660 0.034185
269 0.429926 0.031286
270 0.427688 0.032152
271 0.404917 0.035211
272 0.396605 0.049935
273 0.415103 0.045833
274 0.432276 0.026809
275 0.417976 0.039875
276 0.402260 0.036022
277 0.406860 0.037349
278 0.416133 0.035878
279 0.431670 0.036579
280 0.439963 0.046958
281 0.419038 0.046414
282 0.411969 0.042434
283 0.421077 0.040587
284 0.429376 0.034652
285 0.435516 0.040020
286 0.407122 0.040045
287 0.417563 0.043271
288 0.420342 0.032679
289 0.425593 0.045850
290 0.429525 0.037476
291 0.429127 0.045699
292 0.427545 0.033491
293 0.416411 0.039418
294 0.421020 0.045112
295 0.417201 0.034871
296 0.431027 0.038363
297 0.437468 0.040761
298 0.426742 0.048259
299 0.420162 0.048147
300 0.429129 0.039799
301 0.424267 0.036613
302 0.438405 0.042964
303 0.434471 0.039358
304 0.441673 0.038488
305 0.430264 0.048904
306 0.437910 0.035950
307 0.427657 0.036635
308 0.460204 0.029598
309 0.448658 0.031085
310 0.435778 0.027744
311 0.444163 0.040792
312 0.438210 0.024777
313 0.457423 0.038385
314 0.448943 0.033118
315 0.435306 0.045223
316 0.453290 0.035949
317 0.433200 0.036707
318 0.421431 0.031448
319 0.440120 0.038411
320 0.424330 0.041483
321 0.447556 0.036443
322 0.440877 0.035526
323 0.441194 0.028996
324 0.450356 0.035145
325 0.448905 0.035592
326 0.460462 0.033259
327 0.449117 0.030627
328 0.438098 0.038319
329 0.444620 0.040105
330 0.452785 0.030254
331 0.445759 0.031409
332 0.450820 0.037216
333 0.450302 0.031895
334 0.451937 0.046476
335 0.437846 0.039837
336 0.457545 0.037615
337 0.445787 0.030195
338 0.466911 0.031437
339 0.455469 0.038650
340 0.451448 0.041123
341 0.444693 0.042104
342 0.457996 0.032803
343 0.456802 0.034848
344 0.463185 0.039354
345 0.451984 0.021304
346 0.448287 0.048017
347 0.463538 0.025380
348 0.461027 0.029071
349 0.452099 0.035052
350 0.447579 0.026693
351 0.459156 0.025729
352 0.452849 0.021947
353 0.452930 0.030987
354 0.463168 0.029805
355 0.470504 0.025315
356 0.450209 0.030227
357 0.452157 0.046126
358 0.451263 0.026344
359 0.471796 0.033227
360 0.451649 0.032910
361 0.455372 0.035112
362 0.455728 0.026573
363 0.465922 0.039007
364 0.459925 0.032262
365 0.469738 0.021031
366 0.456825 0.030109
367 0.459534 0.040249
368 0.455657 0.040417
369 0.464071 0.034888
370 0.456944 0.029759
371 0.456099 0.029880
372 0.462152 0.029494
373 0.461381 0.027726
374 0.477585 0.026952
375 0.458763 0.034562
376 0.465030 0.035786
377 0.469962 0.031277
378 0.471304 0.033682
379 0.469341 0.022477
380 0.473493 0.029439
381 0.477692 0.034673
382 0.457678 0.028632
383 0.479488 0.028158
384 0.463488 0.027802
385 0.478354 0.034341
386 0.469138 0.033075
387 0.468419 0.030009
388 0.476424 0.034786
389 0.465083 0.034468
390 0.486297 0.029486
391 0.457364 0.026040
392 0.474773 0.029318
393 0.475604 0.029130
394 0.478457 0.035578
395 0.493273 0.027616
396 0.467564 0.030289
397 0.467289 0.034059
398 0.485122 0.033198
399 0.479813 0.024126
400 0.477306 0.030707
