# TODAS AS PROBABILIDADES (20 SIMULAÇÕES) - PSO
# Requisição 4: [4,11]
# Data: 2026-02-04 22:53:14
# Chamadas por load: 1000
# Loads: 1-200
# ================================================================================
# Formato: Load | Sim1 | Sim2 | ... | Sim20 | Média | DesvioPadrão
# ================================================================================

Load   1 | 0.80000000 | 0.77500000 | 0.78125000 | 0.80625000 | 0.78750000 | 0.81250000 | 0.78125000 | 0.81250000 | 0.81250000 | 0.80000000 | 0.80000000 | 0.78750000 | 0.76875000 | 0.80625000 | 0.80625000 | 0.80625000 | 0.82500000 | 0.81250000 | 0.78750000 | 0.80625000 | 0.79875000 | 0.01446980
Load   2 | 0.78750000 | 0.80625000 | 0.80625000 | 0.78750000 | 0.78125000 | 0.81250000 | 0.82500000 | 0.81875000 | 0.81250000 | 0.81250000 | 0.79375000 | 0.83750000 | 0.81250000 | 0.80625000 | 0.81875000 | 0.79375000 | 0.80000000 | 0.80000000 | 0.78750000 | 0.81250000 | 0.80562500 | 0.01396144
Load   3 | 0.80000000 | 0.78750000 | 0.80000000 | 0.79375000 | 0.80000000 | 0.81875000 | 0.80000000 | 0.80625000 | 0.78125000 | 0.78125000 | 0.79375000 | 0.80000000 | 0.78750000 | 0.79375000 | 0.79375000 | 0.80000000 | 0.80000000 | 0.79375000 | 0.80625000 | 0.78750000 | 0.79625000 | 0.00870524
Load   4 | 0.80000000 | 0.80625000 | 0.81250000 | 0.78125000 | 0.78750000 | 0.78750000 | 0.78125000 | 0.84375000 | 0.80625000 | 0.79375000 | 0.78125000 | 0.80000000 | 0.79375000 | 0.81250000 | 0.78750000 | 0.78750000 | 0.77500000 | 0.81250000 | 0.80000000 | 0.81250000 | 0.79812500 | 0.01569982
Load   5 | 0.78125000 | 0.84375000 | 0.81250000 | 0.81250000 | 0.80625000 | 0.76875000 | 0.78750000 | 0.79375000 | 0.81250000 | 0.80000000 | 0.81250000 | 0.80000000 | 0.78125000 | 0.79375000 | 0.80625000 | 0.80625000 | 0.79375000 | 0.79375000 | 0.78125000 | 0.80000000 | 0.79937500 | 0.01579903
Load   6 | 0.78750000 | 0.80000000 | 0.80000000 | 0.81250000 | 0.81875000 | 0.78750000 | 0.80625000 | 0.78750000 | 0.82500000 | 0.80625000 | 0.81250000 | 0.78750000 | 0.79375000 | 0.80625000 | 0.79375000 | 0.78125000 | 0.80625000 | 0.79375000 | 0.81875000 | 0.78125000 | 0.80031250 | 0.01272838
Load   7 | 0.78750000 | 0.81875000 | 0.80625000 | 0.78125000 | 0.80625000 | 0.79375000 | 0.81250000 | 0.80000000 | 0.79375000 | 0.78750000 | 0.80000000 | 0.78125000 | 0.79375000 | 0.83750000 | 0.81250000 | 0.78750000 | 0.80625000 | 0.81250000 | 0.80000000 | 0.80000000 | 0.80093750 | 0.01344477
Load   8 | 0.81875000 | 0.79375000 | 0.80625000 | 0.78750000 | 0.80625000 | 0.80000000 | 0.78750000 | 0.79375000 | 0.81250000 | 0.79375000 | 0.81250000 | 0.80625000 | 0.78125000 | 0.79375000 | 0.80625000 | 0.78125000 | 0.81250000 | 0.80000000 | 0.80625000 | 0.80625000 | 0.80031250 | 0.01054659
Load   9 | 0.78125000 | 0.80625000 | 0.78750000 | 0.77500000 | 0.78125000 | 0.80625000 | 0.78125000 | 0.81875000 | 0.78750000 | 0.80000000 | 0.78750000 | 0.79375000 | 0.82500000 | 0.78750000 | 0.80000000 | 0.79375000 | 0.79375000 | 0.78125000 | 0.83750000 | 0.81875000 | 0.79718750 | 0.01647382
Load  10 | 0.81250000 | 0.80000000 | 0.78125000 | 0.78125000 | 0.79375000 | 0.80000000 | 0.80000000 | 0.78750000 | 0.79375000 | 0.80000000 | 0.81250000 | 0.76250000 | 0.81250000 | 0.81250000 | 0.79375000 | 0.80625000 | 0.80000000 | 0.80625000 | 0.80000000 | 0.78750000 | 0.79718750 | 0.01241770
Load  11 | 0.78125000 | 0.80000000 | 0.80000000 | 0.79375000 | 0.78750000 | 0.77500000 | 0.77500000 | 0.79375000 | 0.80625000 | 0.80625000 | 0.79375000 | 0.81250000 | 0.81875000 | 0.82500000 | 0.81875000 | 0.80000000 | 0.83750000 | 0.79375000 | 0.80000000 | 0.82500000 | 0.80218750 | 0.01645009
Load  12 | 0.80000000 | 0.80625000 | 0.78750000 | 0.80000000 | 0.79375000 | 0.77500000 | 0.80000000 | 0.78750000 | 0.79375000 | 0.83750000 | 0.78125000 | 0.80625000 | 0.80625000 | 0.80625000 | 0.78750000 | 0.80625000 | 0.81875000 | 0.80625000 | 0.79375000 | 0.78750000 | 0.79906250 | 0.01358926
Load  13 | 0.80000000 | 0.79375000 | 0.79375000 | 0.80625000 | 0.80000000 | 0.78125000 | 0.78750000 | 0.80000000 | 0.78750000 | 0.80000000 | 0.79375000 | 0.78125000 | 0.78125000 | 0.81875000 | 0.81250000 | 0.80625000 | 0.79375000 | 0.79375000 | 0.79375000 | 0.78750000 | 0.79562500 | 0.00990186
Load  14 | 0.80625000 | 0.81250000 | 0.80000000 | 0.81250000 | 0.79375000 | 0.81250000 | 0.80625000 | 0.78750000 | 0.80000000 | 0.80625000 | 0.79375000 | 0.80000000 | 0.78125000 | 0.78125000 | 0.82500000 | 0.79375000 | 0.78125000 | 0.79375000 | 0.78750000 | 0.79375000 | 0.79843750 | 0.01167178
Load  15 | 0.80625000 | 0.80625000 | 0.81875000 | 0.79375000 | 0.79375000 | 0.81250000 | 0.81250000 | 0.79375000 | 0.79375000 | 0.80625000 | 0.79375000 | 0.78750000 | 0.78125000 | 0.79375000 | 0.79375000 | 0.80000000 | 0.80000000 | 0.81250000 | 0.80000000 | 0.79375000 | 0.79968750 | 0.00936979
Load  16 | 0.79375000 | 0.77500000 | 0.80000000 | 0.77500000 | 0.79375000 | 0.78125000 | 0.79375000 | 0.78750000 | 0.78125000 | 0.80625000 | 0.80000000 | 0.81250000 | 0.78750000 | 0.78750000 | 0.78750000 | 0.81250000 | 0.81250000 | 0.82500000 | 0.80000000 | 0.78750000 | 0.79500000 | 0.01319920
Load  17 | 0.78750000 | 0.79375000 | 0.81250000 | 0.82500000 | 0.80625000 | 0.78750000 | 0.77500000 | 0.78125000 | 0.80625000 | 0.79375000 | 0.78125000 | 0.80000000 | 0.80625000 | 0.77500000 | 0.80000000 | 0.78125000 | 0.77500000 | 0.78750000 | 0.81250000 | 0.78125000 | 0.79343750 | 0.01418006
Load  18 | 0.81875000 | 0.81250000 | 0.79375000 | 0.78125000 | 0.82500000 | 0.77500000 | 0.78750000 | 0.81250000 | 0.80625000 | 0.81250000 | 0.80625000 | 0.81250000 | 0.80625000 | 0.78125000 | 0.78750000 | 0.79375000 | 0.81250000 | 0.76875000 | 0.83750000 | 0.81875000 | 0.80250000 | 0.01761125
Load  19 | 0.78750000 | 0.79375000 | 0.80000000 | 0.79375000 | 0.78125000 | 0.81875000 | 0.80000000 | 0.78750000 | 0.81250000 | 0.80000000 | 0.80625000 | 0.79375000 | 0.80625000 | 0.81250000 | 0.81250000 | 0.81250000 | 0.79375000 | 0.77500000 | 0.78750000 | 0.81250000 | 0.79937500 | 0.01184206
Load  20 | 0.79375000 | 0.79375000 | 0.80625000 | 0.79375000 | 0.80625000 | 0.81250000 | 0.81250000 | 0.80625000 | 0.79375000 | 0.79375000 | 0.80625000 | 0.80000000 | 0.80625000 | 0.81250000 | 0.78125000 | 0.80000000 | 0.77500000 | 0.78750000 | 0.78750000 | 0.78750000 | 0.79781250 | 0.01050948
Load  21 | 0.80000000 | 0.78750000 | 0.80625000 | 0.81250000 | 0.79375000 | 0.77500000 | 0.80625000 | 0.81250000 | 0.81250000 | 0.78750000 | 0.80000000 | 0.81875000 | 0.78750000 | 0.78750000 | 0.81250000 | 0.82500000 | 0.78750000 | 0.81875000 | 0.79375000 | 0.80625000 | 0.80156250 | 0.01323983
Load  22 | 0.80000000 | 0.78750000 | 0.78750000 | 0.78750000 | 0.80000000 | 0.78125000 | 0.78125000 | 0.78125000 | 0.78125000 | 0.78750000 | 0.79375000 | 0.80000000 | 0.80000000 | 0.80000000 | 0.79375000 | 0.78125000 | 0.80625000 | 0.83125000 | 0.78750000 | 0.79375000 | 0.79312500 | 0.01167596
Load  23 | 0.81875000 | 0.79375000 | 0.78750000 | 0.80625000 | 0.78750000 | 0.79375000 | 0.80000000 | 0.80000000 | 0.78125000 | 0.77500000 | 0.80000000 | 0.79375000 | 0.81875000 | 0.79375000 | 0.80000000 | 0.78750000 | 0.78750000 | 0.80000000 | 0.80000000 | 0.78750000 | 0.79562500 | 0.01066170
Load  24 | 0.81250000 | 0.78750000 | 0.79375000 | 0.81875000 | 0.81250000 | 0.81250000 | 0.79375000 | 0.79375000 | 0.79375000 | 0.78125000 | 0.80000000 | 0.80000000 | 0.80625000 | 0.80000000 | 0.78125000 | 0.79375000 | 0.80000000 | 0.77500000 | 0.78125000 | 0.76875000 | 0.79531250 | 0.01309148
Load  25 | 0.80625000 | 0.82500000 | 0.79375000 | 0.80000000 | 0.80625000 | 0.80625000 | 0.81250000 | 0.81875000 | 0.80000000 | 0.80625000 | 0.78125000 | 0.80000000 | 0.80625000 | 0.79375000 | 0.79375000 | 0.80000000 | 0.79375000 | 0.79375000 | 0.78750000 | 0.79375000 | 0.80093750 | 0.01013098
Load  26 | 0.78125000 | 0.81250000 | 0.79375000 | 0.79375000 | 0.79375000 | 0.80625000 | 0.80000000 | 0.78125000 | 0.78125000 | 0.78750000 | 0.78750000 | 0.78750000 | 0.81250000 | 0.78750000 | 0.78750000 | 0.80000000 | 0.80625000 | 0.80625000 | 0.80625000 | 0.81875000 | 0.79656250 | 0.01126301
Load  27 | 0.81250000 | 0.79375000 | 0.80000000 | 0.80000000 | 0.79375000 | 0.79375000 | 0.79375000 | 0.79375000 | 0.80625000 | 0.78125000 | 0.78125000 | 0.83750000 | 0.79375000 | 0.80625000 | 0.80000000 | 0.81875000 | 0.78125000 | 0.77500000 | 0.80625000 | 0.81250000 | 0.79906250 | 0.01428983
Load  28 | 0.81875000 | 0.83125000 | 0.80000000 | 0.79375000 | 0.80625000 | 0.82500000 | 0.80000000 | 0.81250000 | 0.81875000 | 0.78750000 | 0.77500000 | 0.80000000 | 0.81250000 | 0.80000000 | 0.76875000 | 0.79375000 | 0.80000000 | 0.82500000 | 0.81250000 | 0.78750000 | 0.80343750 | 0.01611422
Load  29 | 0.81875000 | 0.79375000 | 0.81250000 | 0.80000000 | 0.81250000 | 0.80625000 | 0.79375000 | 0.80000000 | 0.78125000 | 0.80000000 | 0.80000000 | 0.79375000 | 0.79375000 | 0.78125000 | 0.78125000 | 0.80000000 | 0.80625000 | 0.80000000 | 0.77500000 | 0.80625000 | 0.79781250 | 0.01122828
Load  30 | 0.80000000 | 0.80000000 | 0.78750000 | 0.79375000 | 0.79375000 | 0.81875000 | 0.78125000 | 0.78750000 | 0.81875000 | 0.79375000 | 0.78750000 | 0.80625000 | 0.78125000 | 0.78750000 | 0.81875000 | 0.78750000 | 0.78750000 | 0.78125000 | 0.78750000 | 0.80000000 | 0.79500000 | 0.01195695
Load  31 | 0.79375000 | 0.81875000 | 0.80625000 | 0.79375000 | 0.80625000 | 0.79375000 | 0.80625000 | 0.79375000 | 0.78125000 | 0.78125000 | 0.81250000 | 0.80625000 | 0.80000000 | 0.78750000 | 0.78125000 | 0.80625000 | 0.79375000 | 0.81875000 | 0.79375000 | 0.79375000 | 0.79843750 | 0.01115848
Load  32 | 0.78125000 | 0.77500000 | 0.78125000 | 0.78750000 | 0.78750000 | 0.80000000 | 0.80625000 | 0.81875000 | 0.77500000 | 0.79375000 | 0.78750000 | 0.81250000 | 0.80000000 | 0.81875000 | 0.81875000 | 0.80000000 | 0.81875000 | 0.78750000 | 0.80000000 | 0.79375000 | 0.79718750 | 0.01431714
Load  33 | 0.78125000 | 0.79375000 | 0.81875000 | 0.80000000 | 0.80000000 | 0.78125000 | 0.80625000 | 0.79375000 | 0.79375000 | 0.82500000 | 0.80000000 | 0.82500000 | 0.81250000 | 0.80000000 | 0.80000000 | 0.78125000 | 0.80625000 | 0.77500000 | 0.81250000 | 0.80625000 | 0.80062500 | 0.01382084
Load  34 | 0.79375000 | 0.79375000 | 0.78750000 | 0.82500000 | 0.80000000 | 0.78125000 | 0.78125000 | 0.78750000 | 0.78125000 | 0.79375000 | 0.80000000 | 0.80625000 | 0.79375000 | 0.79375000 | 0.77500000 | 0.78125000 | 0.81250000 | 0.76875000 | 0.79375000 | 0.83125000 | 0.79406250 | 0.01524219
Load  35 | 0.79375000 | 0.78125000 | 0.78750000 | 0.77500000 | 0.81875000 | 0.81250000 | 0.78750000 | 0.80000000 | 0.80000000 | 0.79375000 | 0.78750000 | 0.78125000 | 0.81250000 | 0.78125000 | 0.80625000 | 0.79375000 | 0.78750000 | 0.79375000 | 0.80000000 | 0.78125000 | 0.79375000 | 0.01169268
Load  36 | 0.80625000 | 0.78125000 | 0.79375000 | 0.79375000 | 0.80625000 | 0.81250000 | 0.80625000 | 0.81250000 | 0.81250000 | 0.80625000 | 0.80625000 | 0.80625000 | 0.80625000 | 0.78750000 | 0.78125000 | 0.78125000 | 0.80000000 | 0.79375000 | 0.80000000 | 0.80000000 | 0.79968750 | 0.01016946
Load  37 | 0.78125000 | 0.76875000 | 0.78750000 | 0.80625000 | 0.80625000 | 0.80000000 | 0.78125000 | 0.79375000 | 0.79375000 | 0.77500000 | 0.80000000 | 0.81875000 | 0.83125000 | 0.77500000 | 0.80000000 | 0.78750000 | 0.79375000 | 0.80000000 | 0.78125000 | 0.80000000 | 0.79406250 | 0.01485279
Load  38 | 0.80000000 | 0.80000000 | 0.78750000 | 0.80000000 | 0.77500000 | 0.79375000 | 0.79375000 | 0.79375000 | 0.80625000 | 0.80000000 | 0.83125000 | 0.78125000 | 0.80625000 | 0.81250000 | 0.79375000 | 0.80000000 | 0.81250000 | 0.79375000 | 0.80000000 | 0.78750000 | 0.79843750 | 0.01183794
Load  39 | 0.79375000 | 0.81250000 | 0.79375000 | 0.80000000 | 0.79375000 | 0.80000000 | 0.78750000 | 0.79375000 | 0.78750000 | 0.78750000 | 0.76875000 | 0.80000000 | 0.78750000 | 0.81250000 | 0.81250000 | 0.80000000 | 0.79375000 | 0.79375000 | 0.78125000 | 0.81250000 | 0.79562500 | 0.01102200
Load  40 | 0.79375000 | 0.78750000 | 0.79375000 | 0.80625000 | 0.78125000 | 0.81250000 | 0.79375000 | 0.78750000 | 0.78750000 | 0.76875000 | 0.80625000 | 0.80625000 | 0.80000000 | 0.80625000 | 0.79375000 | 0.79375000 | 0.80000000 | 0.81250000 | 0.78125000 | 0.80000000 | 0.79562500 | 0.01102200
Load  41 | 0.79375000 | 0.80625000 | 0.80625000 | 0.82500000 | 0.78750000 | 0.81250000 | 0.78125000 | 0.78750000 | 0.81875000 | 0.79375000 | 0.79375000 | 0.79375000 | 0.80625000 | 0.82500000 | 0.77500000 | 0.80625000 | 0.81250000 | 0.79375000 | 0.78750000 | 0.83750000 | 0.80218750 | 0.01584532
Load  42 | 0.78750000 | 0.78750000 | 0.80000000 | 0.82500000 | 0.79375000 | 0.80000000 | 0.80000000 | 0.81875000 | 0.81875000 | 0.80625000 | 0.79375000 | 0.78750000 | 0.80000000 | 0.81875000 | 0.79375000 | 0.78750000 | 0.78125000 | 0.79375000 | 0.81250000 | 0.81250000 | 0.80093750 | 0.01254290
Load  43 | 0.80000000 | 0.79375000 | 0.81875000 | 0.79375000 | 0.79375000 | 0.81250000 | 0.81250000 | 0.81875000 | 0.80625000 | 0.81250000 | 0.80000000 | 0.81250000 | 0.80625000 | 0.78750000 | 0.80000000 | 0.78125000 | 0.80000000 | 0.78125000 | 0.80625000 | 0.80000000 | 0.80187500 | 0.01084334
Load  44 | 0.79375000 | 0.78750000 | 0.78750000 | 0.81250000 | 0.80000000 | 0.80000000 | 0.78750000 | 0.77500000 | 0.81250000 | 0.80000000 | 0.81250000 | 0.83750000 | 0.80000000 | 0.79375000 | 0.78750000 | 0.81250000 | 0.78750000 | 0.78125000 | 0.78750000 | 0.79375000 | 0.79750000 | 0.01403122
Load  45 | 0.78750000 | 0.80000000 | 0.79375000 | 0.81875000 | 0.83125000 | 0.78750000 | 0.78750000 | 0.78750000 | 0.80000000 | 0.81250000 | 0.80000000 | 0.79375000 | 0.80625000 | 0.78750000 | 0.76875000 | 0.78750000 | 0.79375000 | 0.78750000 | 0.79375000 | 0.78125000 | 0.79531250 | 0.01353165
Load  46 | 0.81250000 | 0.78750000 | 0.80000000 | 0.78750000 | 0.79375000 | 0.80625000 | 0.78750000 | 0.80000000 | 0.79375000 | 0.78750000 | 0.81250000 | 0.81250000 | 0.80000000 | 0.81250000 | 0.78750000 | 0.78750000 | 0.79375000 | 0.80000000 | 0.79375000 | 0.80625000 | 0.79812500 | 0.00929129
Load  47 | 0.78125000 | 0.81875000 | 0.78750000 | 0.80000000 | 0.81875000 | 0.80000000 | 0.80000000 | 0.80625000 | 0.81250000 | 0.80625000 | 0.81250000 | 0.81875000 | 0.78125000 | 0.80000000 | 0.81250000 | 0.80625000 | 0.78125000 | 0.80000000 | 0.79375000 | 0.78750000 | 0.80125000 | 0.01227930
Load  48 | 0.81250000 | 0.80000000 | 0.79375000 | 0.80625000 | 0.78125000 | 0.80625000 | 0.80625000 | 0.79375000 | 0.81875000 | 0.78750000 | 0.79375000 | 0.78750000 | 0.80625000 | 0.78750000 | 0.79375000 | 0.80000000 | 0.81250000 | 0.81250000 | 0.81250000 | 0.78750000 | 0.80000000 | 0.01064337
Load  49 | 0.79375000 | 0.81875000 | 0.78125000 | 0.78125000 | 0.81875000 | 0.82500000 | 0.82500000 | 0.79375000 | 0.79375000 | 0.80000000 | 0.78125000 | 0.78750000 | 0.79375000 | 0.78750000 | 0.80000000 | 0.79375000 | 0.78125000 | 0.80625000 | 0.78750000 | 0.80625000 | 0.79781250 | 0.01415249
Load  50 | 0.80000000 | 0.77500000 | 0.80625000 | 0.78750000 | 0.79375000 | 0.80000000 | 0.79375000 | 0.79375000 | 0.78125000 | 0.81250000 | 0.79375000 | 0.80625000 | 0.78125000 | 0.81250000 | 0.78125000 | 0.80625000 | 0.81250000 | 0.78125000 | 0.79375000 | 0.80000000 | 0.79562500 | 0.01137088
Load  51 | 0.81250000 | 0.80625000 | 0.78750000 | 0.80625000 | 0.80000000 | 0.80625000 | 0.81250000 | 0.81250000 | 0.78125000 | 0.78750000 | 0.79375000 | 0.79375000 | 0.81250000 | 0.81250000 | 0.80625000 | 0.78125000 | 0.79375000 | 0.80000000 | 0.78125000 | 0.78125000 | 0.79843750 | 0.01167178
Load  52 | 0.80000000 | 0.81875000 | 0.81875000 | 0.79375000 | 0.78125000 | 0.80000000 | 0.81250000 | 0.78750000 | 0.78750000 | 0.78750000 | 0.77500000 | 0.78125000 | 0.81250000 | 0.78750000 | 0.80625000 | 0.78125000 | 0.79375000 | 0.79375000 | 0.80625000 | 0.80625000 | 0.79656250 | 0.01288091
Load  53 | 0.80000000 | 0.78750000 | 0.80000000 | 0.80000000 | 0.81250000 | 0.81250000 | 0.79375000 | 0.80000000 | 0.83125000 | 0.79375000 | 0.80000000 | 0.80000000 | 0.78125000 | 0.80625000 | 0.81875000 | 0.78750000 | 0.80625000 | 0.78750000 | 0.80625000 | 0.78125000 | 0.80031250 | 0.01225940
Load  54 | 0.81875000 | 0.82500000 | 0.79375000 | 0.79375000 | 0.80000000 | 0.79375000 | 0.82500000 | 0.80000000 | 0.78750000 | 0.81250000 | 0.80625000 | 0.78750000 | 0.80625000 | 0.78125000 | 0.79375000 | 0.80625000 | 0.80000000 | 0.80625000 | 0.78125000 | 0.79375000 | 0.80062500 | 0.01248437
Load  55 | 0.81875000 | 0.81250000 | 0.80625000 | 0.78125000 | 0.78125000 | 0.79375000 | 0.80000000 | 0.80000000 | 0.82500000 | 0.78750000 | 0.78125000 | 0.80000000 | 0.81875000 | 0.78125000 | 0.79375000 | 0.77500000 | 0.79375000 | 0.81250000 | 0.80625000 | 0.82500000 | 0.79968750 | 0.01524219
Load  56 | 0.79375000 | 0.78750000 | 0.79375000 | 0.78750000 | 0.81250000 | 0.80000000 | 0.80000000 | 0.81875000 | 0.78125000 | 0.81250000 | 0.79375000 | 0.80625000 | 0.80625000 | 0.81875000 | 0.78750000 | 0.80625000 | 0.80625000 | 0.80000000 | 0.78750000 | 0.82500000 | 0.80125000 | 0.01195695
Load  57 | 0.80000000 | 0.81250000 | 0.81250000 | 0.81250000 | 0.83125000 | 0.78750000 | 0.81250000 | 0.79375000 | 0.80625000 | 0.80625000 | 0.79375000 | 0.78750000 | 0.79375000 | 0.78125000 | 0.83125000 | 0.79375000 | 0.78125000 | 0.80625000 | 0.80625000 | 0.81250000 | 0.80312500 | 0.01390537
Load  58 | 0.81250000 | 0.81250000 | 0.79375000 | 0.79375000 | 0.79375000 | 0.79375000 | 0.81875000 | 0.80000000 | 0.77500000 | 0.78125000 | 0.78750000 | 0.78750000 | 0.80625000 | 0.80625000 | 0.77500000 | 0.78750000 | 0.79375000 | 0.81875000 | 0.79375000 | 0.80625000 | 0.79687500 | 0.01273222
Load  59 | 0.76875000 | 0.80000000 | 0.78125000 | 0.78125000 | 0.79375000 | 0.78125000 | 0.80625000 | 0.78125000 | 0.80000000 | 0.80000000 | 0.80625000 | 0.81875000 | 0.78125000 | 0.80000000 | 0.78750000 | 0.80625000 | 0.78750000 | 0.82500000 | 0.80625000 | 0.79375000 | 0.79531250 | 0.01381731
Load  60 | 0.80000000 | 0.80625000 | 0.80000000 | 0.76875000 | 0.77500000 | 0.79375000 | 0.80625000 | 0.78125000 | 0.79375000 | 0.79375000 | 0.81250000 | 0.80000000 | 0.80000000 | 0.80625000 | 0.79375000 | 0.78750000 | 0.80625000 | 0.80625000 | 0.80625000 | 0.80000000 | 0.79687500 | 0.01109265
Load  61 | 0.80625000 | 0.78125000 | 0.80000000 | 0.78750000 | 0.80625000 | 0.82500000 | 0.80000000 | 0.79375000 | 0.78750000 | 0.78750000 | 0.79375000 | 0.81250000 | 0.80000000 | 0.78750000 | 0.80000000 | 0.81875000 | 0.78750000 | 0.79375000 | 0.79375000 | 0.78125000 | 0.79718750 | 0.01160465
Load  62 | 0.81250000 | 0.80000000 | 0.81250000 | 0.80000000 | 0.77500000 | 0.80625000 | 0.78125000 | 0.80000000 | 0.80625000 | 0.81250000 | 0.79375000 | 0.78750000 | 0.80625000 | 0.78125000 | 0.80000000 | 0.79375000 | 0.80625000 | 0.80625000 | 0.78750000 | 0.79375000 | 0.79812500 | 0.01084334
Load  63 | 0.80000000 | 0.80000000 | 0.79375000 | 0.78750000 | 0.78750000 | 0.80000000 | 0.82500000 | 0.78750000 | 0.80625000 | 0.80625000 | 0.79375000 | 0.82500000 | 0.81875000 | 0.78125000 | 0.78750000 | 0.78750000 | 0.80625000 | 0.80000000 | 0.79375000 | 0.78750000 | 0.79875000 | 0.01243734
Load  64 | 0.79375000 | 0.80000000 | 0.79375000 | 0.80000000 | 0.78750000 | 0.79375000 | 0.81250000 | 0.78125000 | 0.78750000 | 0.80000000 | 0.78750000 | 0.80625000 | 0.80000000 | 0.81250000 | 0.79375000 | 0.77500000 | 0.81250000 | 0.80000000 | 0.83125000 | 0.80000000 | 0.79843750 | 0.01232297
Load  65 | 0.80625000 | 0.80000000 | 0.78750000 | 0.80000000 | 0.80000000 | 0.77500000 | 0.79375000 | 0.80000000 | 0.79375000 | 0.81875000 | 0.81250000 | 0.81250000 | 0.81250000 | 0.78750000 | 0.78125000 | 0.78125000 | 0.80625000 | 0.80625000 | 0.79375000 | 0.80000000 | 0.79843750 | 0.01150323
Load  66 | 0.81250000 | 0.78125000 | 0.80625000 | 0.79375000 | 0.79375000 | 0.78750000 | 0.79375000 | 0.78750000 | 0.79375000 | 0.80625000 | 0.81250000 | 0.80000000 | 0.80625000 | 0.79375000 | 0.80625000 | 0.78750000 | 0.80000000 | 0.79375000 | 0.78125000 | 0.78750000 | 0.79625000 | 0.00935414
Load  67 | 0.81250000 | 0.81250000 | 0.80000000 | 0.78125000 | 0.81875000 | 0.81250000 | 0.79375000 | 0.80625000 | 0.80000000 | 0.83125000 | 0.78750000 | 0.78750000 | 0.78125000 | 0.80625000 | 0.80000000 | 0.78125000 | 0.80000000 | 0.82500000 | 0.78750000 | 0.81250000 | 0.80187500 | 0.01440215
Load  68 | 0.78750000 | 0.80625000 | 0.80000000 | 0.79375000 | 0.81875000 | 0.78750000 | 0.80000000 | 0.81875000 | 0.81250000 | 0.83750000 | 0.79375000 | 0.79375000 | 0.78125000 | 0.79375000 | 0.79375000 | 0.81875000 | 0.80000000 | 0.79375000 | 0.82500000 | 0.80625000 | 0.80312500 | 0.01418351
Load  69 | 0.81250000 | 0.78125000 | 0.79375000 | 0.79375000 | 0.80000000 | 0.78750000 | 0.82500000 | 0.80000000 | 0.80625000 | 0.77500000 | 0.79375000 | 0.81250000 | 0.83125000 | 0.80625000 | 0.78125000 | 0.81250000 | 0.79375000 | 0.79375000 | 0.78125000 | 0.78125000 | 0.79812500 | 0.01493475
Load  70 | 0.80000000 | 0.80625000 | 0.81250000 | 0.81250000 | 0.77500000 | 0.80625000 | 0.81250000 | 0.79375000 | 0.80000000 | 0.80000000 | 0.83125000 | 0.78125000 | 0.82500000 | 0.80000000 | 0.78750000 | 0.78750000 | 0.82500000 | 0.80000000 | 0.80000000 | 0.80625000 | 0.80312500 | 0.01404513
Load  71 | 0.78750000 | 0.79375000 | 0.80625000 | 0.81250000 | 0.79375000 | 0.80000000 | 0.81250000 | 0.80000000 | 0.80000000 | 0.78750000 | 0.79375000 | 0.79375000 | 0.81875000 | 0.78125000 | 0.79375000 | 0.78125000 | 0.80625000 | 0.79375000 | 0.80000000 | 0.79375000 | 0.79750000 | 0.00976281
Load  72 | 0.79375000 | 0.79375000 | 0.80625000 | 0.79375000 | 0.81250000 | 0.79375000 | 0.78750000 | 0.78750000 | 0.83750000 | 0.78750000 | 0.81250000 | 0.79375000 | 0.80625000 | 0.80625000 | 0.81875000 | 0.80000000 | 0.81250000 | 0.78750000 | 0.78750000 | 0.80000000 | 0.80093750 | 0.01285055
Load  73 | 0.81250000 | 0.81250000 | 0.81250000 | 0.79375000 | 0.80000000 | 0.79375000 | 0.78750000 | 0.77500000 | 0.80000000 | 0.79375000 | 0.78750000 | 0.78125000 | 0.83125000 | 0.80000000 | 0.79375000 | 0.78125000 | 0.77500000 | 0.78750000 | 0.80625000 | 0.79375000 | 0.79593750 | 0.01373223
Load  74 | 0.76875000 | 0.78125000 | 0.81875000 | 0.79375000 | 0.78750000 | 0.78125000 | 0.82500000 | 0.78750000 | 0.79375000 | 0.80000000 | 0.80625000 | 0.80000000 | 0.80625000 | 0.79375000 | 0.79375000 | 0.78750000 | 0.80625000 | 0.78750000 | 0.79375000 | 0.78750000 | 0.79500000 | 0.01274755
Load  75 | 0.81250000 | 0.81875000 | 0.79375000 | 0.81250000 | 0.78750000 | 0.78750000 | 0.80000000 | 0.79375000 | 0.82500000 | 0.79375000 | 0.78125000 | 0.78750000 | 0.81875000 | 0.80000000 | 0.78125000 | 0.79375000 | 0.80000000 | 0.78750000 | 0.78125000 | 0.80000000 | 0.79781250 | 0.01300165
Load  76 | 0.79375000 | 0.78125000 | 0.81250000 | 0.80000000 | 0.78750000 | 0.76875000 | 0.78125000 | 0.80625000 | 0.78125000 | 0.81250000 | 0.79375000 | 0.80625000 | 0.79375000 | 0.82500000 | 0.80000000 | 0.81250000 | 0.80625000 | 0.80625000 | 0.78750000 | 0.80000000 | 0.79781250 | 0.01344477
Load  77 | 0.80625000 | 0.79375000 | 0.80000000 | 0.78750000 | 0.81875000 | 0.79375000 | 0.79375000 | 0.80625000 | 0.79375000 | 0.78750000 | 0.78125000 | 0.80000000 | 0.79375000 | 0.79375000 | 0.81250000 | 0.83125000 | 0.79375000 | 0.78750000 | 0.78750000 | 0.79375000 | 0.79781250 | 0.01173852
Load  78 | 0.81250000 | 0.80000000 | 0.79375000 | 0.80000000 | 0.78750000 | 0.79375000 | 0.80625000 | 0.80625000 | 0.80625000 | 0.80000000 | 0.78750000 | 0.80625000 | 0.80625000 | 0.79375000 | 0.81875000 | 0.81250000 | 0.79375000 | 0.78750000 | 0.78125000 | 0.78750000 | 0.79906250 | 0.00993632
Load  79 | 0.80000000 | 0.78750000 | 0.78750000 | 0.80625000 | 0.83750000 | 0.80625000 | 0.79375000 | 0.80000000 | 0.80625000 | 0.81250000 | 0.78125000 | 0.79375000 | 0.83125000 | 0.79375000 | 0.78125000 | 0.78125000 | 0.82500000 | 0.78125000 | 0.79375000 | 0.80625000 | 0.80031250 | 0.01611422
Load  80 | 0.81875000 | 0.78125000 | 0.79375000 | 0.80625000 | 0.78125000 | 0.81250000 | 0.80000000 | 0.77500000 | 0.78750000 | 0.78125000 | 0.80625000 | 0.79375000 | 0.80000000 | 0.80625000 | 0.78750000 | 0.80625000 | 0.80625000 | 0.78750000 | 0.77500000 | 0.78125000 | 0.79437500 | 0.01279343
Load  81 | 0.78750000 | 0.81250000 | 0.80625000 | 0.81875000 | 0.80625000 | 0.81875000 | 0.78125000 | 0.81250000 | 0.80625000 | 0.79375000 | 0.83125000 | 0.79375000 | 0.80625000 | 0.78125000 | 0.80625000 | 0.81250000 | 0.80625000 | 0.79375000 | 0.80625000 | 0.79375000 | 0.80375000 | 0.01256234
Load  82 | 0.80000000 | 0.80625000 | 0.80625000 | 0.81250000 | 0.83125000 | 0.80000000 | 0.79375000 | 0.78750000 | 0.78750000 | 0.80000000 | 0.79375000 | 0.78125000 | 0.78750000 | 0.80000000 | 0.82500000 | 0.81875000 | 0.79375000 | 0.78750000 | 0.81250000 | 0.80000000 | 0.80125000 | 0.01305038
Load  83 | 0.78750000 | 0.80625000 | 0.81875000 | 0.80625000 | 0.80625000 | 0.79375000 | 0.80625000 | 0.81250000 | 0.80625000 | 0.81250000 | 0.83750000 | 0.78125000 | 0.80625000 | 0.78750000 | 0.78750000 | 0.78125000 | 0.81250000 | 0.79375000 | 0.78125000 | 0.80000000 | 0.80125000 | 0.01419727
Load  84 | 0.80000000 | 0.78125000 | 0.79375000 | 0.77500000 | 0.79375000 | 0.77500000 | 0.78750000 | 0.80000000 | 0.78125000 | 0.80000000 | 0.80625000 | 0.78750000 | 0.79375000 | 0.80625000 | 0.78125000 | 0.78750000 | 0.78125000 | 0.80000000 | 0.80625000 | 0.78750000 | 0.79125000 | 0.00996086
Load  85 | 0.80000000 | 0.80625000 | 0.77500000 | 0.78750000 | 0.80000000 | 0.83125000 | 0.78750000 | 0.78125000 | 0.79375000 | 0.78125000 | 0.79375000 | 0.78750000 | 0.80625000 | 0.80625000 | 0.80000000 | 0.81875000 | 0.78750000 | 0.79375000 | 0.81250000 | 0.78125000 | 0.79656250 | 0.01376065
Load  86 | 0.78125000 | 0.81250000 | 0.78750000 | 0.80000000 | 0.79375000 | 0.80625000 | 0.80000000 | 0.80000000 | 0.79375000 | 0.82500000 | 0.81250000 | 0.80625000 | 0.79375000 | 0.80000000 | 0.80625000 | 0.80625000 | 0.80000000 | 0.78125000 | 0.79375000 | 0.80625000 | 0.80031250 | 0.01035974
Load  87 | 0.81250000 | 0.80000000 | 0.78125000 | 0.78750000 | 0.79375000 | 0.80625000 | 0.80625000 | 0.77500000 | 0.79375000 | 0.80625000 | 0.79375000 | 0.79375000 | 0.80625000 | 0.81250000 | 0.79375000 | 0.80625000 | 0.80000000 | 0.80625000 | 0.80625000 | 0.78750000 | 0.79843750 | 0.01005357
Load  88 | 0.77500000 | 0.83750000 | 0.82500000 | 0.81250000 | 0.78125000 | 0.80625000 | 0.79375000 | 0.80625000 | 0.80000000 | 0.80000000 | 0.78750000 | 0.80625000 | 0.78750000 | 0.78750000 | 0.81875000 | 0.81250000 | 0.80625000 | 0.79375000 | 0.80625000 | 0.79375000 | 0.80187500 | 0.01480340
Load  89 | 0.81875000 | 0.79375000 | 0.78750000 | 0.83125000 | 0.79375000 | 0.79375000 | 0.77500000 | 0.79375000 | 0.80000000 | 0.79375000 | 0.80000000 | 0.80000000 | 0.78125000 | 0.80000000 | 0.79375000 | 0.79375000 | 0.78750000 | 0.81250000 | 0.83125000 | 0.81250000 | 0.79968750 | 0.01445291
Load  90 | 0.81875000 | 0.82500000 | 0.79375000 | 0.83125000 | 0.78125000 | 0.80625000 | 0.78750000 | 0.79375000 | 0.80625000 | 0.78125000 | 0.81875000 | 0.78125000 | 0.78125000 | 0.77500000 | 0.80625000 | 0.80625000 | 0.76250000 | 0.78750000 | 0.80000000 | 0.81875000 | 0.79812500 | 0.01812500
Load  91 | 0.81875000 | 0.81250000 | 0.79375000 | 0.80625000 | 0.80625000 | 0.79375000 | 0.78750000 | 0.79375000 | 0.79375000 | 0.80000000 | 0.79375000 | 0.79375000 | 0.79375000 | 0.80000000 | 0.79375000 | 0.81875000 | 0.80000000 | 0.78750000 | 0.81250000 | 0.80625000 | 0.80031250 | 0.00936979
Load  92 | 0.80000000 | 0.82500000 | 0.78125000 | 0.81875000 | 0.80000000 | 0.79375000 | 0.83750000 | 0.78125000 | 0.78750000 | 0.80000000 | 0.79375000 | 0.79375000 | 0.77500000 | 0.78750000 | 0.80625000 | 0.79375000 | 0.80000000 | 0.78750000 | 0.82500000 | 0.78125000 | 0.79843750 | 0.01628302
Load  93 | 0.80625000 | 0.77500000 | 0.77500000 | 0.79375000 | 0.80625000 | 0.78750000 | 0.78125000 | 0.79375000 | 0.79375000 | 0.78750000 | 0.79375000 | 0.78125000 | 0.80000000 | 0.77500000 | 0.78125000 | 0.81250000 | 0.80625000 | 0.78750000 | 0.77500000 | 0.78125000 | 0.78968750 | 0.01157094
Load  94 | 0.78750000 | 0.80000000 | 0.80000000 | 0.77500000 | 0.80625000 | 0.83125000 | 0.78750000 | 0.79375000 | 0.81250000 | 0.79375000 | 0.80000000 | 0.80625000 | 0.80625000 | 0.78750000 | 0.79375000 | 0.80000000 | 0.80000000 | 0.83125000 | 0.79375000 | 0.81875000 | 0.80125000 | 0.01377838
Load  95 | 0.79375000 | 0.80000000 | 0.80000000 | 0.80625000 | 0.78125000 | 0.78750000 | 0.78125000 | 0.79375000 | 0.78750000 | 0.80000000 | 0.77500000 | 0.80000000 | 0.81250000 | 0.78750000 | 0.80625000 | 0.78125000 | 0.80625000 | 0.78750000 | 0.83750000 | 0.80000000 | 0.79625000 | 0.01375000
Load  96 | 0.78750000 | 0.78125000 | 0.80000000 | 0.78750000 | 0.81250000 | 0.79375000 | 0.78750000 | 0.78750000 | 0.80000000 | 0.81250000 | 0.81250000 | 0.78125000 | 0.78750000 | 0.79375000 | 0.81250000 | 0.80000000 | 0.78750000 | 0.80625000 | 0.78750000 | 0.78750000 | 0.79531250 | 0.01062040
Load  97 | 0.80625000 | 0.81250000 | 0.80625000 | 0.80000000 | 0.79375000 | 0.80000000 | 0.78750000 | 0.78125000 | 0.79375000 | 0.78750000 | 0.79375000 | 0.80625000 | 0.77500000 | 0.80000000 | 0.79375000 | 0.81250000 | 0.80000000 | 0.80000000 | 0.77500000 | 0.78125000 | 0.79531250 | 0.01098205
Load  98 | 0.80625000 | 0.81250000 | 0.81250000 | 0.80000000 | 0.78125000 | 0.78750000 | 0.80625000 | 0.78750000 | 0.78750000 | 0.79375000 | 0.78750000 | 0.78750000 | 0.78125000 | 0.79375000 | 0.78125000 | 0.81250000 | 0.80625000 | 0.78750000 | 0.77500000 | 0.80625000 | 0.79468750 | 0.01173852
Load  99 | 0.79375000 | 0.80000000 | 0.81250000 | 0.80625000 | 0.78125000 | 0.79375000 | 0.79375000 | 0.79375000 | 0.80625000 | 0.80000000 | 0.79375000 | 0.81250000 | 0.80625000 | 0.82500000 | 0.81250000 | 0.80000000 | 0.80000000 | 0.78125000 | 0.78125000 | 0.79375000 | 0.79937500 | 0.01116286
Load 100 | 0.78750000 | 0.82500000 | 0.80000000 | 0.80000000 | 0.81875000 | 0.77500000 | 0.81250000 | 0.78125000 | 0.81250000 | 0.80000000 | 0.78125000 | 0.79375000 | 0.81250000 | 0.81250000 | 0.81250000 | 0.82500000 | 0.78125000 | 0.79375000 | 0.80625000 | 0.80625000 | 0.80187500 | 0.01467087
Load 101 | 0.80625000 | 0.79375000 | 0.80000000 | 0.79375000 | 0.81250000 | 0.77500000 | 0.79375000 | 0.78750000 | 0.78750000 | 0.80000000 | 0.78125000 | 0.78125000 | 0.78750000 | 0.79375000 | 0.78125000 | 0.79375000 | 0.80000000 | 0.81875000 | 0.80000000 | 0.81875000 | 0.79531250 | 0.01183794
Load 102 | 0.78750000 | 0.80000000 | 0.78125000 | 0.81250000 | 0.80625000 | 0.78125000 | 0.78750000 | 0.79375000 | 0.80000000 | 0.81250000 | 0.81250000 | 0.80625000 | 0.78750000 | 0.81250000 | 0.80000000 | 0.82500000 | 0.78125000 | 0.81875000 | 0.81250000 | 0.78125000 | 0.80000000 | 0.01369306
Load 103 | 0.83125000 | 0.80000000 | 0.79375000 | 0.81250000 | 0.80000000 | 0.79375000 | 0.82500000 | 0.81250000 | 0.81875000 | 0.80625000 | 0.81250000 | 0.79375000 | 0.78750000 | 0.78750000 | 0.81875000 | 0.80625000 | 0.78750000 | 0.78125000 | 0.80000000 | 0.80000000 | 0.80343750 | 0.01332804
Load 104 | 0.80625000 | 0.80000000 | 0.81250000 | 0.80625000 | 0.78125000 | 0.81250000 | 0.80625000 | 0.80000000 | 0.80000000 | 0.80000000 | 0.80000000 | 0.81250000 | 0.83125000 | 0.79375000 | 0.80625000 | 0.81250000 | 0.78750000 | 0.79375000 | 0.80625000 | 0.80000000 | 0.80343750 | 0.01035974
Load 105 | 0.82500000 | 0.80625000 | 0.79375000 | 0.79375000 | 0.80000000 | 0.78750000 | 0.80625000 | 0.79375000 | 0.80625000 | 0.81875000 | 0.80000000 | 0.78125000 | 0.80000000 | 0.81250000 | 0.80625000 | 0.80000000 | 0.81250000 | 0.77500000 | 0.76875000 | 0.81250000 | 0.80000000 | 0.01383496
Load 106 | 0.77500000 | 0.81250000 | 0.79375000 | 0.79375000 | 0.80625000 | 0.80000000 | 0.81250000 | 0.80000000 | 0.78125000 | 0.79375000 | 0.80625000 | 0.80000000 | 0.79375000 | 0.80000000 | 0.80625000 | 0.80000000 | 0.80000000 | 0.78125000 | 0.80000000 | 0.81875000 | 0.79875000 | 0.01056971
Load 107 | 0.79375000 | 0.80000000 | 0.80000000 | 0.80000000 | 0.78750000 | 0.79375000 | 0.79375000 | 0.80625000 | 0.78750000 | 0.78125000 | 0.78750000 | 0.80000000 | 0.80625000 | 0.81250000 | 0.80000000 | 0.78125000 | 0.80625000 | 0.81250000 | 0.80000000 | 0.79375000 | 0.79718750 | 0.00894318
Load 108 | 0.80625000 | 0.78750000 | 0.78750000 | 0.80000000 | 0.78125000 | 0.78750000 | 0.79375000 | 0.79375000 | 0.80000000 | 0.78125000 | 0.80000000 | 0.80625000 | 0.80000000 | 0.80625000 | 0.78750000 | 0.79375000 | 0.83125000 | 0.78125000 | 0.77500000 | 0.81875000 | 0.79593750 | 0.01329870
Load 109 | 0.79375000 | 0.79375000 | 0.80000000 | 0.78750000 | 0.80000000 | 0.78750000 | 0.80625000 | 0.81250000 | 0.80000000 | 0.76875000 | 0.81875000 | 0.82500000 | 0.80000000 | 0.79375000 | 0.78750000 | 0.80000000 | 0.81875000 | 0.81250000 | 0.78750000 | 0.81250000 | 0.80031250 | 0.01332804
Load 110 | 0.80000000 | 0.80000000 | 0.77500000 | 0.80000000 | 0.81250000 | 0.80000000 | 0.78125000 | 0.78750000 | 0.79375000 | 0.78750000 | 0.80625000 | 0.81250000 | 0.80625000 | 0.80000000 | 0.79375000 | 0.80625000 | 0.79375000 | 0.79375000 | 0.78750000 | 0.78125000 | 0.79593750 | 0.01013098
Load 111 | 0.79375000 | 0.80000000 | 0.78125000 | 0.78125000 | 0.80000000 | 0.81250000 | 0.78750000 | 0.81250000 | 0.77500000 | 0.79375000 | 0.81250000 | 0.79375000 | 0.78750000 | 0.79375000 | 0.78125000 | 0.80625000 | 0.81250000 | 0.80000000 | 0.80000000 | 0.78750000 | 0.79562500 | 0.01137088
Load 112 | 0.78125000 | 0.82500000 | 0.79375000 | 0.78750000 | 0.80625000 | 0.81875000 | 0.79375000 | 0.80625000 | 0.82500000 | 0.80000000 | 0.79375000 | 0.78750000 | 0.81250000 | 0.78750000 | 0.80000000 | 0.80000000 | 0.80000000 | 0.78750000 | 0.80000000 | 0.81875000 | 0.80125000 | 0.01274755
Load 113 | 0.79375000 | 0.80000000 | 0.78750000 | 0.78125000 | 0.81250000 | 0.80625000 | 0.81250000 | 0.77500000 | 0.78750000 | 0.79375000 | 0.80000000 | 0.80625000 | 0.79375000 | 0.76875000 | 0.80625000 | 0.78750000 | 0.80625000 | 0.78125000 | 0.82500000 | 0.81250000 | 0.79687500 | 0.01404513
Load 114 | 0.81875000 | 0.79375000 | 0.78750000 | 0.80000000 | 0.80625000 | 0.80000000 | 0.78750000 | 0.78125000 | 0.79375000 | 0.80625000 | 0.81250000 | 0.80000000 | 0.78750000 | 0.79375000 | 0.83125000 | 0.81250000 | 0.81875000 | 0.79375000 | 0.79375000 | 0.78125000 | 0.80000000 | 0.01311011
Load 115 | 0.80000000 | 0.78125000 | 0.79375000 | 0.80000000 | 0.79375000 | 0.82500000 | 0.78750000 | 0.83125000 | 0.81875000 | 0.80625000 | 0.80625000 | 0.82500000 | 0.80000000 | 0.80625000 | 0.80625000 | 0.79375000 | 0.81250000 | 0.80000000 | 0.78750000 | 0.77500000 | 0.80250000 | 0.01444278
Load 116 | 0.78750000 | 0.81250000 | 0.78750000 | 0.79375000 | 0.79375000 | 0.79375000 | 0.78750000 | 0.81875000 | 0.78750000 | 0.80000000 | 0.80625000 | 0.80625000 | 0.78125000 | 0.81250000 | 0.80625000 | 0.81875000 | 0.79375000 | 0.81250000 | 0.78125000 | 0.80000000 | 0.79906250 | 0.01173852
Load 117 | 0.78750000 | 0.78750000 | 0.80000000 | 0.80625000 | 0.83750000 | 0.81250000 | 0.79375000 | 0.83750000 | 0.80625000 | 0.80000000 | 0.81875000 | 0.79375000 | 0.80625000 | 0.79375000 | 0.81875000 | 0.82500000 | 0.82500000 | 0.78750000 | 0.80625000 | 0.82500000 | 0.80843750 | 0.01559685
Load 118 | 0.78125000 | 0.79375000 | 0.78125000 | 0.83750000 | 0.80625000 | 0.81250000 | 0.78750000 | 0.79375000 | 0.79375000 | 0.77500000 | 0.81250000 | 0.79375000 | 0.79375000 | 0.78125000 | 0.81250000 | 0.79375000 | 0.80000000 | 0.81250000 | 0.78125000 | 0.80000000 | 0.79718750 | 0.01472071
Load 119 | 0.81250000 | 0.80625000 | 0.80000000 | 0.81250000 | 0.80000000 | 0.78125000 | 0.79375000 | 0.80625000 | 0.80000000 | 0.79375000 | 0.80625000 | 0.81250000 | 0.80000000 | 0.80625000 | 0.81250000 | 0.83750000 | 0.79375000 | 0.77500000 | 0.80000000 | 0.81250000 | 0.80312500 | 0.01273222
Load 120 | 0.80625000 | 0.81250000 | 0.79375000 | 0.78750000 | 0.83125000 | 0.81875000 | 0.80625000 | 0.78750000 | 0.80000000 | 0.80000000 | 0.79375000 | 0.79375000 | 0.80625000 | 0.80000000 | 0.80000000 | 0.80625000 | 0.79375000 | 0.78750000 | 0.82500000 | 0.81250000 | 0.80312500 | 0.01194061
Load 121 | 0.80625000 | 0.80000000 | 0.80625000 | 0.79375000 | 0.81250000 | 0.80000000 | 0.78750000 | 0.78750000 | 0.80000000 | 0.80000000 | 0.79375000 | 0.79375000 | 0.81250000 | 0.79375000 | 0.78750000 | 0.80000000 | 0.77500000 | 0.80000000 | 0.80625000 | 0.78750000 | 0.79718750 | 0.00915897
Load 122 | 0.80625000 | 0.80625000 | 0.79375000 | 0.81250000 | 0.80000000 | 0.78125000 | 0.81875000 | 0.78125000 | 0.79375000 | 0.80000000 | 0.78750000 | 0.78750000 | 0.80000000 | 0.80000000 | 0.80000000 | 0.79375000 | 0.79375000 | 0.78750000 | 0.78750000 | 0.80625000 | 0.79687500 | 0.00978280
Load 123 | 0.79375000 | 0.78750000 | 0.80625000 | 0.79375000 | 0.81250000 | 0.80000000 | 0.80000000 | 0.81250000 | 0.79375000 | 0.82500000 | 0.80625000 | 0.79375000 | 0.80625000 | 0.78125000 | 0.77500000 | 0.78125000 | 0.80625000 | 0.77500000 | 0.79375000 | 0.78125000 | 0.79625000 | 0.01316957
Load 124 | 0.80625000 | 0.81250000 | 0.78750000 | 0.77500000 | 0.80000000 | 0.78750000 | 0.80000000 | 0.81875000 | 0.78750000 | 0.81250000 | 0.81250000 | 0.82500000 | 0.80000000 | 0.80000000 | 0.82500000 | 0.78750000 | 0.78750000 | 0.79375000 | 0.78750000 | 0.80625000 | 0.80062500 | 0.01367879
Load 125 | 0.77500000 | 0.79375000 | 0.80000000 | 0.78125000 | 0.78750000 | 0.81875000 | 0.79375000 | 0.83125000 | 0.80625000 | 0.83125000 | 0.81250000 | 0.80000000 | 0.78125000 | 0.78750000 | 0.77500000 | 0.76875000 | 0.81250000 | 0.78750000 | 0.80000000 | 0.83125000 | 0.79875000 | 0.01881240
Load 126 | 0.78750000 | 0.77500000 | 0.79375000 | 0.76875000 | 0.79375000 | 0.80000000 | 0.77500000 | 0.79375000 | 0.81250000 | 0.78125000 | 0.78750000 | 0.80625000 | 0.80000000 | 0.80000000 | 0.80000000 | 0.79375000 | 0.80000000 | 0.78750000 | 0.79375000 | 0.78750000 | 0.79187500 | 0.01066170
Load 127 | 0.78125000 | 0.80000000 | 0.79375000 | 0.78750000 | 0.81875000 | 0.78750000 | 0.80625000 | 0.79375000 | 0.79375000 | 0.80000000 | 0.78750000 | 0.77500000 | 0.79375000 | 0.80000000 | 0.80625000 | 0.81250000 | 0.78750000 | 0.80625000 | 0.81250000 | 0.81875000 | 0.79812500 | 0.01187500
Load 128 | 0.79375000 | 0.81250000 | 0.82500000 | 0.78125000 | 0.78125000 | 0.83125000 | 0.80625000 | 0.81250000 | 0.81250000 | 0.78750000 | 0.78750000 | 0.79375000 | 0.81875000 | 0.80000000 | 0.79375000 | 0.78125000 | 0.78750000 | 0.78750000 | 0.78750000 | 0.79375000 | 0.79875000 | 0.01486922
Load 129 | 0.80000000 | 0.80000000 | 0.80000000 | 0.80625000 | 0.78125000 | 0.81250000 | 0.83750000 | 0.80000000 | 0.79375000 | 0.81250000 | 0.81250000 | 0.78750000 | 0.81250000 | 0.82500000 | 0.81250000 | 0.81250000 | 0.80625000 | 0.80625000 | 0.80000000 | 0.80000000 | 0.80593750 | 0.01209904
Load 130 | 0.80000000 | 0.77500000 | 0.81250000 | 0.78750000 | 0.81875000 | 0.78750000 | 0.77500000 | 0.80625000 | 0.81875000 | 0.79375000 | 0.78750000 | 0.78750000 | 0.78125000 | 0.81875000 | 0.78125000 | 0.79375000 | 0.78125000 | 0.79375000 | 0.78750000 | 0.78750000 | 0.79375000 | 0.01383496
Load 131 | 0.79375000 | 0.78750000 | 0.79375000 | 0.79375000 | 0.78750000 | 0.80000000 | 0.78750000 | 0.83750000 | 0.81875000 | 0.78750000 | 0.80000000 | 0.78125000 | 0.78750000 | 0.78750000 | 0.80625000 | 0.78750000 | 0.79375000 | 0.80000000 | 0.81250000 | 0.81250000 | 0.79781250 | 0.01344477
Load 132 | 0.80000000 | 0.78750000 | 0.80625000 | 0.80625000 | 0.82500000 | 0.79375000 | 0.82500000 | 0.78125000 | 0.79375000 | 0.78125000 | 0.78125000 | 0.78750000 | 0.81250000 | 0.78125000 | 0.78750000 | 0.78750000 | 0.78750000 | 0.78125000 | 0.79375000 | 0.79375000 | 0.79468750 | 0.01344477
Load 133 | 0.80625000 | 0.78750000 | 0.76875000 | 0.80000000 | 0.78125000 | 0.80000000 | 0.81250000 | 0.80000000 | 0.79375000 | 0.77500000 | 0.80000000 | 0.77500000 | 0.79375000 | 0.80000000 | 0.80625000 | 0.78750000 | 0.81875000 | 0.78750000 | 0.80625000 | 0.78750000 | 0.79437500 | 0.01279343
Load 134 | 0.78125000 | 0.78125000 | 0.78750000 | 0.78750000 | 0.80625000 | 0.79375000 | 0.79375000 | 0.78750000 | 0.80000000 | 0.80000000 | 0.80625000 | 0.80000000 | 0.78125000 | 0.80000000 | 0.80625000 | 0.80000000 | 0.78125000 | 0.80625000 | 0.78750000 | 0.81875000 | 0.79531250 | 0.01043488
Load 135 | 0.80000000 | 0.80000000 | 0.81875000 | 0.79375000 | 0.78750000 | 0.80000000 | 0.80625000 | 0.79375000 | 0.78750000 | 0.79375000 | 0.77500000 | 0.79375000 | 0.79375000 | 0.81875000 | 0.80625000 | 0.79375000 | 0.81250000 | 0.80625000 | 0.78750000 | 0.81875000 | 0.79937500 | 0.01150747
Load 136 | 0.78750000 | 0.80625000 | 0.80625000 | 0.81875000 | 0.78750000 | 0.81250000 | 0.80625000 | 0.78125000 | 0.81875000 | 0.79375000 | 0.81250000 | 0.80000000 | 0.79375000 | 0.78750000 | 0.81250000 | 0.78125000 | 0.79375000 | 0.80625000 | 0.80000000 | 0.80000000 | 0.80031250 | 0.01143511
Load 137 | 0.78750000 | 0.78750000 | 0.78750000 | 0.81250000 | 0.78750000 | 0.80000000 | 0.80625000 | 0.80625000 | 0.82500000 | 0.79375000 | 0.78125000 | 0.81250000 | 0.80625000 | 0.80625000 | 0.78750000 | 0.81250000 | 0.78125000 | 0.80000000 | 0.78750000 | 0.80000000 | 0.79843750 | 0.01200179
Load 138 | 0.78750000 | 0.77500000 | 0.78125000 | 0.78750000 | 0.80000000 | 0.78750000 | 0.82500000 | 0.78750000 | 0.78750000 | 0.80000000 | 0.80000000 | 0.80625000 | 0.80625000 | 0.78125000 | 0.78750000 | 0.82500000 | 0.79375000 | 0.77500000 | 0.80625000 | 0.80000000 | 0.79500000 | 0.01377838
Load 139 | 0.78750000 | 0.80000000 | 0.80000000 | 0.82500000 | 0.79375000 | 0.81250000 | 0.80625000 | 0.82500000 | 0.80000000 | 0.79375000 | 0.79375000 | 0.82500000 | 0.80625000 | 0.80000000 | 0.80000000 | 0.79375000 | 0.80625000 | 0.80625000 | 0.79375000 | 0.80625000 | 0.80375000 | 0.01071652
Load 140 | 0.78125000 | 0.80000000 | 0.80625000 | 0.78750000 | 0.78125000 | 0.81875000 | 0.81250000 | 0.81875000 | 0.79375000 | 0.78750000 | 0.79375000 | 0.78125000 | 0.79375000 | 0.80000000 | 0.82500000 | 0.83125000 | 0.78125000 | 0.81875000 | 0.80625000 | 0.79375000 | 0.80062500 | 0.01542370
Load 141 | 0.78750000 | 0.78125000 | 0.80625000 | 0.78750000 | 0.80625000 | 0.78750000 | 0.79375000 | 0.80000000 | 0.81250000 | 0.78750000 | 0.81250000 | 0.81875000 | 0.80000000 | 0.79375000 | 0.77500000 | 0.79375000 | 0.80000000 | 0.80625000 | 0.77500000 | 0.80000000 | 0.79625000 | 0.01192424
Load 142 | 0.80000000 | 0.78750000 | 0.80000000 | 0.81250000 | 0.80000000 | 0.80000000 | 0.78750000 | 0.80000000 | 0.80625000 | 0.78750000 | 0.77500000 | 0.79375000 | 0.78125000 | 0.80625000 | 0.80000000 | 0.80625000 | 0.78750000 | 0.80000000 | 0.79375000 | 0.78750000 | 0.79562500 | 0.00929129
Load 143 | 0.80625000 | 0.80625000 | 0.79375000 | 0.78750000 | 0.81250000 | 0.80000000 | 0.83125000 | 0.80000000 | 0.81250000 | 0.83125000 | 0.80000000 | 0.82500000 | 0.78750000 | 0.80625000 | 0.80000000 | 0.80625000 | 0.82500000 | 0.81875000 | 0.80000000 | 0.79375000 | 0.80718750 | 0.01300165
Load 144 | 0.80000000 | 0.80000000 | 0.79375000 | 0.81250000 | 0.80000000 | 0.79375000 | 0.80625000 | 0.80000000 | 0.81250000 | 0.78750000 | 0.79375000 | 0.80625000 | 0.78750000 | 0.81250000 | 0.80000000 | 0.80000000 | 0.80625000 | 0.79375000 | 0.80625000 | 0.79375000 | 0.80031250 | 0.00751951
Load 145 | 0.78750000 | 0.81250000 | 0.80625000 | 0.80000000 | 0.78125000 | 0.79375000 | 0.79375000 | 0.79375000 | 0.79375000 | 0.80000000 | 0.77500000 | 0.79375000 | 0.80625000 | 0.81250000 | 0.79375000 | 0.80000000 | 0.80000000 | 0.78750000 | 0.78750000 | 0.80000000 | 0.79593750 | 0.00932801
Load 146 | 0.77500000 | 0.80000000 | 0.79375000 | 0.80000000 | 0.82500000 | 0.82500000 | 0.79375000 | 0.78750000 | 0.80000000 | 0.81250000 | 0.80000000 | 0.77500000 | 0.80000000 | 0.80625000 | 0.80000000 | 0.81250000 | 0.80625000 | 0.80625000 | 0.82500000 | 0.80625000 | 0.80250000 | 0.01360721
Load 147 | 0.78125000 | 0.82500000 | 0.80625000 | 0.79375000 | 0.80000000 | 0.79375000 | 0.80000000 | 0.82500000 | 0.80000000 | 0.80000000 | 0.79375000 | 0.79375000 | 0.79375000 | 0.81875000 | 0.81250000 | 0.79375000 | 0.81250000 | 0.78750000 | 0.78750000 | 0.78750000 | 0.80031250 | 0.01225940
Load 148 | 0.77500000 | 0.78125000 | 0.78750000 | 0.79375000 | 0.79375000 | 0.80000000 | 0.83750000 | 0.81875000 | 0.80625000 | 0.80000000 | 0.78750000 | 0.80000000 | 0.81875000 | 0.80000000 | 0.79375000 | 0.80000000 | 0.80000000 | 0.78125000 | 0.78125000 | 0.78750000 | 0.79718750 | 0.01458743
Load 149 | 0.78125000 | 0.80000000 | 0.78750000 | 0.80000000 | 0.79375000 | 0.81250000 | 0.81250000 | 0.79375000 | 0.81250000 | 0.79375000 | 0.78125000 | 0.80000000 | 0.79375000 | 0.79375000 | 0.83125000 | 0.81250000 | 0.80000000 | 0.80625000 | 0.81250000 | 0.81875000 | 0.80187500 | 0.01251562
Load 150 | 0.78750000 | 0.81250000 | 0.79375000 | 0.79375000 | 0.81250000 | 0.83750000 | 0.79375000 | 0.80625000 | 0.80000000 | 0.79375000 | 0.79375000 | 0.78125000 | 0.80000000 | 0.77500000 | 0.83125000 | 0.79375000 | 0.80625000 | 0.80000000 | 0.79375000 | 0.78125000 | 0.79937500 | 0.01503901
Load 151 | 0.80625000 | 0.78750000 | 0.79375000 | 0.80000000 | 0.79375000 | 0.78750000 | 0.78750000 | 0.77500000 | 0.80625000 | 0.81875000 | 0.79375000 | 0.81250000 | 0.79375000 | 0.79375000 | 0.78750000 | 0.80000000 | 0.81875000 | 0.80000000 | 0.78750000 | 0.80625000 | 0.79750000 | 0.01107503
Load 152 | 0.80000000 | 0.78125000 | 0.80000000 | 0.80000000 | 0.79375000 | 0.80000000 | 0.80625000 | 0.79375000 | 0.81250000 | 0.81250000 | 0.80000000 | 0.78750000 | 0.77500000 | 0.81875000 | 0.82500000 | 0.81250000 | 0.78750000 | 0.78125000 | 0.78125000 | 0.78750000 | 0.79781250 | 0.01344477
Load 153 | 0.78750000 | 0.81875000 | 0.80000000 | 0.80000000 | 0.79375000 | 0.81250000 | 0.80625000 | 0.80625000 | 0.79375000 | 0.80625000 | 0.80625000 | 0.80000000 | 0.78750000 | 0.80625000 | 0.81875000 | 0.79375000 | 0.81250000 | 0.80000000 | 0.78750000 | 0.80000000 | 0.80187500 | 0.00929129
Load 154 | 0.80000000 | 0.79375000 | 0.79375000 | 0.80000000 | 0.78750000 | 0.79375000 | 0.78750000 | 0.78750000 | 0.80000000 | 0.78750000 | 0.78125000 | 0.79375000 | 0.78750000 | 0.81250000 | 0.79375000 | 0.80625000 | 0.80625000 | 0.80625000 | 0.80000000 | 0.80625000 | 0.79625000 | 0.00824432
Load 155 | 0.81875000 | 0.79375000 | 0.78750000 | 0.79375000 | 0.80000000 | 0.81250000 | 0.80625000 | 0.78125000 | 0.81250000 | 0.80000000 | 0.78750000 | 0.78750000 | 0.78125000 | 0.79375000 | 0.79375000 | 0.81250000 | 0.81250000 | 0.78125000 | 0.81875000 | 0.79375000 | 0.79843750 | 0.01232297
Load 156 | 0.80000000 | 0.80000000 | 0.80000000 | 0.78125000 | 0.80000000 | 0.80625000 | 0.78125000 | 0.80625000 | 0.80000000 | 0.78750000 | 0.81250000 | 0.80625000 | 0.80000000 | 0.80000000 | 0.80000000 | 0.80625000 | 0.80625000 | 0.79375000 | 0.77500000 | 0.79375000 | 0.79781250 | 0.00953509
Load 157 | 0.79375000 | 0.80625000 | 0.78125000 | 0.78750000 | 0.80000000 | 0.80625000 | 0.80000000 | 0.79375000 | 0.78750000 | 0.79375000 | 0.80000000 | 0.79375000 | 0.79375000 | 0.80625000 | 0.81875000 | 0.81250000 | 0.81250000 | 0.77500000 | 0.76875000 | 0.79375000 | 0.79625000 | 0.01224745
Load 158 | 0.79375000 | 0.80625000 | 0.81875000 | 0.78125000 | 0.79375000 | 0.80000000 | 0.80625000 | 0.79375000 | 0.83750000 | 0.78750000 | 0.76875000 | 0.81250000 | 0.78750000 | 0.80000000 | 0.80625000 | 0.78750000 | 0.79375000 | 0.78750000 | 0.80000000 | 0.78750000 | 0.79750000 | 0.01444278
Load 159 | 0.77500000 | 0.80000000 | 0.78750000 | 0.80000000 | 0.79375000 | 0.80000000 | 0.80000000 | 0.80000000 | 0.80625000 | 0.81875000 | 0.78750000 | 0.78750000 | 0.80000000 | 0.80000000 | 0.81250000 | 0.80625000 | 0.78125000 | 0.79375000 | 0.81250000 | 0.79375000 | 0.79781250 | 0.01050948
Load 160 | 0.80000000 | 0.80625000 | 0.78125000 | 0.80000000 | 0.80625000 | 0.80625000 | 0.80000000 | 0.79375000 | 0.79375000 | 0.80625000 | 0.80000000 | 0.80000000 | 0.80000000 | 0.80000000 | 0.81250000 | 0.79375000 | 0.81250000 | 0.81250000 | 0.78750000 | 0.80000000 | 0.80062500 | 0.00788095
Load 161 | 0.80000000 | 0.81875000 | 0.78750000 | 0.80625000 | 0.78750000 | 0.80000000 | 0.78125000 | 0.81250000 | 0.78750000 | 0.79375000 | 0.81250000 | 0.79375000 | 0.80625000 | 0.79375000 | 0.80000000 | 0.81875000 | 0.78125000 | 0.80625000 | 0.80625000 | 0.80000000 | 0.79968750 | 0.01108825
Load 162 | 0.79375000 | 0.81875000 | 0.81875000 | 0.80000000 | 0.79375000 | 0.81875000 | 0.79375000 | 0.78750000 | 0.81875000 | 0.80000000 | 0.79375000 | 0.81250000 | 0.79375000 | 0.78750000 | 0.80625000 | 0.79375000 | 0.78750000 | 0.80000000 | 0.81250000 | 0.77500000 | 0.80031250 | 0.01241770
Load 163 | 0.79375000 | 0.81250000 | 0.83125000 | 0.81250000 | 0.83125000 | 0.81250000 | 0.79375000 | 0.81250000 | 0.81250000 | 0.80625000 | 0.80625000 | 0.83125000 | 0.83125000 | 0.78750000 | 0.80000000 | 0.78125000 | 0.80000000 | 0.80625000 | 0.76875000 | 0.80625000 | 0.80687500 | 0.01652413
Load 164 | 0.79375000 | 0.81250000 | 0.80000000 | 0.81250000 | 0.80000000 | 0.78750000 | 0.79375000 | 0.78750000 | 0.78750000 | 0.80000000 | 0.80625000 | 0.78750000 | 0.80000000 | 0.78125000 | 0.80000000 | 0.81250000 | 0.78125000 | 0.80000000 | 0.81875000 | 0.81875000 | 0.79906250 | 0.01140090
Load 165 | 0.80000000 | 0.79375000 | 0.78750000 | 0.78750000 | 0.78750000 | 0.81250000 | 0.80000000 | 0.80625000 | 0.78125000 | 0.76875000 | 0.76875000 | 0.80000000 | 0.79375000 | 0.78125000 | 0.80625000 | 0.80625000 | 0.78750000 | 0.78750000 | 0.79375000 | 0.79375000 | 0.79218750 | 0.01150323
Load 166 | 0.79375000 | 0.81875000 | 0.80000000 | 0.81875000 | 0.79375000 | 0.80000000 | 0.81250000 | 0.80625000 | 0.78750000 | 0.78750000 | 0.80000000 | 0.81875000 | 0.81250000 | 0.79375000 | 0.78125000 | 0.80625000 | 0.79375000 | 0.77500000 | 0.78125000 | 0.80625000 | 0.79937500 | 0.01279343
Load 167 | 0.80625000 | 0.80625000 | 0.80000000 | 0.80000000 | 0.82500000 | 0.79375000 | 0.79375000 | 0.78125000 | 0.80625000 | 0.78125000 | 0.80625000 | 0.78750000 | 0.80000000 | 0.79375000 | 0.80000000 | 0.78750000 | 0.80000000 | 0.77500000 | 0.80000000 | 0.81250000 | 0.79781250 | 0.01140090
Load 168 | 0.81250000 | 0.78750000 | 0.78125000 | 0.81250000 | 0.79375000 | 0.83125000 | 0.80000000 | 0.76875000 | 0.84375000 | 0.79375000 | 0.80625000 | 0.78750000 | 0.77500000 | 0.78125000 | 0.82500000 | 0.81250000 | 0.82500000 | 0.80625000 | 0.80625000 | 0.80000000 | 0.80250000 | 0.01910088
Load 169 | 0.80625000 | 0.80000000 | 0.78750000 | 0.80000000 | 0.80000000 | 0.80000000 | 0.80000000 | 0.76875000 | 0.80625000 | 0.80625000 | 0.80625000 | 0.78750000 | 0.80000000 | 0.77500000 | 0.79375000 | 0.80000000 | 0.79375000 | 0.79375000 | 0.78750000 | 0.81875000 | 0.79656250 | 0.01108825
Load 170 | 0.79375000 | 0.80000000 | 0.79375000 | 0.81250000 | 0.78750000 | 0.79375000 | 0.79375000 | 0.80000000 | 0.78125000 | 0.79375000 | 0.81875000 | 0.81250000 | 0.81875000 | 0.81250000 | 0.83750000 | 0.78750000 | 0.79375000 | 0.77500000 | 0.81250000 | 0.78125000 | 0.80000000 | 0.01518120
Load 171 | 0.79375000 | 0.81875000 | 0.80000000 | 0.80625000 | 0.79375000 | 0.79375000 | 0.80000000 | 0.80000000 | 0.81250000 | 0.80000000 | 0.80625000 | 0.80625000 | 0.81250000 | 0.79375000 | 0.80625000 | 0.81250000 | 0.78125000 | 0.78125000 | 0.80625000 | 0.80000000 | 0.80125000 | 0.00960143
Load 172 | 0.80625000 | 0.82500000 | 0.84375000 | 0.80000000 | 0.78750000 | 0.78750000 | 0.81875000 | 0.81250000 | 0.80625000 | 0.81250000 | 0.78750000 | 0.79375000 | 0.79375000 | 0.80625000 | 0.80000000 | 0.80000000 | 0.81250000 | 0.82500000 | 0.79375000 | 0.79375000 | 0.80531250 | 0.01442586
Load 173 | 0.81875000 | 0.80000000 | 0.80625000 | 0.78750000 | 0.78125000 | 0.82500000 | 0.80625000 | 0.79375000 | 0.81250000 | 0.78750000 | 0.80000000 | 0.81875000 | 0.81250000 | 0.80000000 | 0.79375000 | 0.79375000 | 0.81250000 | 0.81250000 | 0.78750000 | 0.80000000 | 0.80250000 | 0.01192424
Load 174 | 0.80625000 | 0.79375000 | 0.79375000 | 0.80625000 | 0.80625000 | 0.81250000 | 0.81250000 | 0.78125000 | 0.79375000 | 0.79375000 | 0.80625000 | 0.79375000 | 0.80625000 | 0.80000000 | 0.79375000 | 0.81250000 | 0.79375000 | 0.79375000 | 0.80625000 | 0.79375000 | 0.80000000 | 0.00838525
Load 175 | 0.80000000 | 0.78125000 | 0.81875000 | 0.81250000 | 0.79375000 | 0.80625000 | 0.78750000 | 0.81875000 | 0.79375000 | 0.84375000 | 0.81875000 | 0.78750000 | 0.76875000 | 0.79375000 | 0.78750000 | 0.78750000 | 0.79375000 | 0.81250000 | 0.79375000 | 0.79375000 | 0.79968750 | 0.01659195
Load 176 | 0.80625000 | 0.78750000 | 0.81250000 | 0.78750000 | 0.79375000 | 0.78125000 | 0.80000000 | 0.82500000 | 0.79375000 | 0.80000000 | 0.80625000 | 0.79375000 | 0.83125000 | 0.76875000 | 0.78750000 | 0.79375000 | 0.80000000 | 0.80000000 | 0.81250000 | 0.78750000 | 0.79843750 | 0.01423505
Load 177 | 0.79375000 | 0.78125000 | 0.80000000 | 0.78125000 | 0.80000000 | 0.79375000 | 0.81875000 | 0.81875000 | 0.80625000 | 0.78750000 | 0.80625000 | 0.80000000 | 0.78750000 | 0.79375000 | 0.80000000 | 0.79375000 | 0.79375000 | 0.79375000 | 0.79375000 | 0.80000000 | 0.79718750 | 0.00977780
Load 178 | 0.78750000 | 0.78750000 | 0.81250000 | 0.79375000 | 0.78125000 | 0.77500000 | 0.78125000 | 0.78125000 | 0.80625000 | 0.82500000 | 0.80000000 | 0.81875000 | 0.79375000 | 0.84375000 | 0.78750000 | 0.81250000 | 0.76875000 | 0.79375000 | 0.78750000 | 0.78125000 | 0.79593750 | 0.01825118
Load 179 | 0.78125000 | 0.80000000 | 0.80000000 | 0.77500000 | 0.80000000 | 0.81250000 | 0.80000000 | 0.80000000 | 0.81250000 | 0.81875000 | 0.78750000 | 0.81250000 | 0.80000000 | 0.76875000 | 0.81250000 | 0.80000000 | 0.80000000 | 0.80000000 | 0.80000000 | 0.79375000 | 0.79875000 | 0.01243734
Load 180 | 0.79375000 | 0.80000000 | 0.80625000 | 0.80000000 | 0.81250000 | 0.80625000 | 0.79375000 | 0.80000000 | 0.80000000 | 0.80625000 | 0.78125000 | 0.80625000 | 0.78750000 | 0.79375000 | 0.81875000 | 0.80000000 | 0.78125000 | 0.77500000 | 0.81875000 | 0.80625000 | 0.79937500 | 0.01150747
Load 181 | 0.78750000 | 0.79375000 | 0.80000000 | 0.83125000 | 0.80625000 | 0.78750000 | 0.80000000 | 0.81250000 | 0.79375000 | 0.78750000 | 0.78125000 | 0.79375000 | 0.81250000 | 0.78750000 | 0.79375000 | 0.82500000 | 0.80625000 | 0.79375000 | 0.81875000 | 0.80000000 | 0.80062500 | 0.01324351
Load 182 | 0.79375000 | 0.78750000 | 0.78125000 | 0.80625000 | 0.80625000 | 0.83750000 | 0.79375000 | 0.81250000 | 0.81250000 | 0.78750000 | 0.79375000 | 0.80000000 | 0.78125000 | 0.80625000 | 0.77500000 | 0.77500000 | 0.79375000 | 0.78125000 | 0.80000000 | 0.81250000 | 0.79687500 | 0.01511673
Load 183 | 0.78750000 | 0.79375000 | 0.78750000 | 0.79375000 | 0.79375000 | 0.80000000 | 0.80000000 | 0.78125000 | 0.78125000 | 0.78125000 | 0.78125000 | 0.82500000 | 0.80000000 | 0.78750000 | 0.79375000 | 0.80000000 | 0.80000000 | 0.78125000 | 0.80000000 | 0.81250000 | 0.79406250 | 0.01108825
Load 184 | 0.78125000 | 0.83125000 | 0.78750000 | 0.78125000 | 0.81250000 | 0.79375000 | 0.78750000 | 0.79375000 | 0.80625000 | 0.78750000 | 0.80000000 | 0.78750000 | 0.80000000 | 0.79375000 | 0.78750000 | 0.78125000 | 0.81250000 | 0.78750000 | 0.80625000 | 0.80000000 | 0.79593750 | 0.01254290
Load 185 | 0.78750000 | 0.81250000 | 0.79375000 | 0.79375000 | 0.81250000 | 0.80000000 | 0.78750000 | 0.79375000 | 0.80000000 | 0.79375000 | 0.79375000 | 0.80625000 | 0.78750000 | 0.81250000 | 0.81875000 | 0.78125000 | 0.81875000 | 0.79375000 | 0.81250000 | 0.80000000 | 0.80000000 | 0.01100426
Load 186 | 0.81250000 | 0.78125000 | 0.80000000 | 0.80000000 | 0.81250000 | 0.79375000 | 0.79375000 | 0.80000000 | 0.80000000 | 0.80000000 | 0.78750000 | 0.80000000 | 0.79375000 | 0.80000000 | 0.78750000 | 0.78750000 | 0.80625000 | 0.79375000 | 0.79375000 | 0.78750000 | 0.79656250 | 0.00802219
Load 187 | 0.79375000 | 0.78125000 | 0.77500000 | 0.78125000 | 0.78750000 | 0.78750000 | 0.78750000 | 0.80625000 | 0.80625000 | 0.80625000 | 0.78125000 | 0.78125000 | 0.83125000 | 0.82500000 | 0.80625000 | 0.80625000 | 0.80000000 | 0.80625000 | 0.80625000 | 0.83125000 | 0.79937500 | 0.01640551
Load 188 | 0.81250000 | 0.78750000 | 0.80000000 | 0.80000000 | 0.80000000 | 0.81250000 | 0.80000000 | 0.78125000 | 0.80000000 | 0.81875000 | 0.81875000 | 0.80625000 | 0.78125000 | 0.81875000 | 0.78750000 | 0.79375000 | 0.78125000 | 0.82500000 | 0.81250000 | 0.79375000 | 0.80156250 | 0.01338653
Load 189 | 0.80000000 | 0.78750000 | 0.78750000 | 0.78125000 | 0.78750000 | 0.78750000 | 0.80625000 | 0.80000000 | 0.80000000 | 0.78125000 | 0.78750000 | 0.81250000 | 0.79375000 | 0.79375000 | 0.80625000 | 0.80000000 | 0.80625000 | 0.79375000 | 0.78750000 | 0.80000000 | 0.79500000 | 0.00875000
Load 190 | 0.81875000 | 0.77500000 | 0.80625000 | 0.78125000 | 0.80625000 | 0.80000000 | 0.80000000 | 0.78750000 | 0.80000000 | 0.80000000 | 0.83125000 | 0.79375000 | 0.80000000 | 0.81250000 | 0.79375000 | 0.78125000 | 0.79375000 | 0.78750000 | 0.78125000 | 0.80000000 | 0.79750000 | 0.01331705
Load 191 | 0.80000000 | 0.80625000 | 0.80000000 | 0.78750000 | 0.78125000 | 0.80625000 | 0.79375000 | 0.78125000 | 0.78750000 | 0.79375000 | 0.79375000 | 0.78750000 | 0.82500000 | 0.80000000 | 0.79375000 | 0.79375000 | 0.80625000 | 0.80625000 | 0.80625000 | 0.78750000 | 0.79687500 | 0.01036445
Load 192 | 0.78125000 | 0.80000000 | 0.78125000 | 0.80000000 | 0.80000000 | 0.80000000 | 0.80625000 | 0.78750000 | 0.84375000 | 0.80625000 | 0.79375000 | 0.78750000 | 0.82500000 | 0.79375000 | 0.77500000 | 0.81875000 | 0.78125000 | 0.78750000 | 0.80625000 | 0.80000000 | 0.79875000 | 0.01612936
Load 193 | 0.81875000 | 0.79375000 | 0.79375000 | 0.78125000 | 0.80000000 | 0.78125000 | 0.79375000 | 0.78750000 | 0.78750000 | 0.80000000 | 0.78750000 | 0.80625000 | 0.78750000 | 0.78750000 | 0.80000000 | 0.80625000 | 0.81250000 | 0.80000000 | 0.78125000 | 0.79375000 | 0.79500000 | 0.01019344
Load 194 | 0.80000000 | 0.80625000 | 0.80000000 | 0.79375000 | 0.80000000 | 0.79375000 | 0.78125000 | 0.80000000 | 0.79375000 | 0.80625000 | 0.78750000 | 0.80000000 | 0.80000000 | 0.80000000 | 0.80625000 | 0.81250000 | 0.79375000 | 0.79375000 | 0.81250000 | 0.79375000 | 0.79875000 | 0.00755190
Load 195 | 0.80625000 | 0.83125000 | 0.79375000 | 0.80000000 | 0.81250000 | 0.80625000 | 0.81250000 | 0.82500000 | 0.80625000 | 0.77500000 | 0.81875000 | 0.78125000 | 0.80000000 | 0.80000000 | 0.76250000 | 0.80000000 | 0.78750000 | 0.78750000 | 0.81250000 | 0.78125000 | 0.80000000 | 0.01677051
Load 196 | 0.80625000 | 0.80000000 | 0.80000000 | 0.78125000 | 0.80000000 | 0.77500000 | 0.79375000 | 0.80000000 | 0.81250000 | 0.81250000 | 0.79375000 | 0.80625000 | 0.79375000 | 0.79375000 | 0.80625000 | 0.80625000 | 0.81250000 | 0.81875000 | 0.81250000 | 0.79375000 | 0.80093750 | 0.01069371
Load 197 | 0.80000000 | 0.77500000 | 0.80000000 | 0.79375000 | 0.80625000 | 0.80625000 | 0.77500000 | 0.80625000 | 0.81250000 | 0.80000000 | 0.79375000 | 0.83750000 | 0.80000000 | 0.80000000 | 0.81250000 | 0.81875000 | 0.79375000 | 0.80000000 | 0.80625000 | 0.82500000 | 0.80312500 | 0.01418351
Load 198 | 0.81875000 | 0.81250000 | 0.76875000 | 0.81250000 | 0.80625000 | 0.78750000 | 0.79375000 | 0.77500000 | 0.80625000 | 0.80000000 | 0.81875000 | 0.78750000 | 0.78750000 | 0.78750000 | 0.79375000 | 0.80625000 | 0.78750000 | 0.80000000 | 0.80625000 | 0.78750000 | 0.79718750 | 0.01347379
Load 199 | 0.80625000 | 0.78750000 | 0.80000000 | 0.80000000 | 0.79375000 | 0.81250000 | 0.79375000 | 0.81875000 | 0.80625000 | 0.80000000 | 0.81250000 | 0.78125000 | 0.81875000 | 0.80000000 | 0.80625000 | 0.80000000 | 0.76875000 | 0.80625000 | 0.80000000 | 0.79375000 | 0.80031250 | 0.01177176
Load 200 | 0.79375000 | 0.80000000 | 0.80000000 | 0.81875000 | 0.79375000 | 0.80000000 | 0.80000000 | 0.81250000 | 0.80000000 | 0.79375000 | 0.78750000 | 0.80000000 | 0.78125000 | 0.80000000 | 0.82500000 | 0.79375000 | 0.81250000 | 0.78750000 | 0.81250000 | 0.78750000 | 0.80000000 | 0.01100426
