# MÉDIAS E ESTATÍSTICAS
# Requisição 4: [4,11]
# Modo: CONJUNTO
# ============================================================
# Load | Média | DesvioPadrão | Mínimo | Máximo | IC 95% (inferior) | IC 95% (superior)
# ============================================================
   1 | 0.00000000 | 0.00000000 | 0.00000000 | 0.00000000 | 0.00000000 | 0.00000000
   2 | 0.00000000 | 0.00000000 | 0.00000000 | 0.00000000 | 0.00000000 | 0.00000000
   3 | 0.00000000 | 0.00000000 | 0.00000000 | 0.00000000 | 0.00000000 | 0.00000000
   4 | 0.00000000 | 0.00000000 | 0.00000000 | 0.00000000 | 0.00000000 | 0.00000000
   5 | 0.00000000 | 0.00000000 | 0.00000000 | 0.00000000 | 0.00000000 | 0.00000000
   6 | 0.00000000 | 0.00000000 | 0.00000000 | 0.00000000 | 0.00000000 | 0.00000000
   7 | 0.00000000 | 0.00000000 | 0.00000000 | 0.00000000 | 0.00000000 | 0.00000000
   8 | 0.00000000 | 0.00000000 | 0.00000000 | 0.00000000 | 0.00000000 | 0.00000000
   9 | 0.00000000 | 0.00000000 | 0.00000000 | 0.00000000 | 0.00000000 | 0.00000000
  10 | 0.00000000 | 0.00000000 | 0.00000000 | 0.00000000 | 0.00000000 | 0.00000000
  11 | 0.00000000 | 0.00000000 | 0.00000000 | 0.00000000 | 0.00000000 | 0.00000000
  12 | 0.00000000 | 0.00000000 | 0.00000000 | 0.00000000 | 0.00000000 | 0.00000000
  13 | 0.00000000 | 0.00000000 | 0.00000000 | 0.00000000 | 0.00000000 | 0.00000000
  14 | 0.00000000 | 0.00000000 | 0.00000000 | 0.00000000 | 0.00000000 | 0.00000000
  15 | 0.00000000 | 0.00000000 | 0.00000000 | 0.00000000 | 0.00000000 | 0.00000000
  16 | 0.00000000 | 0.00000000 | 0.00000000 | 0.00000000 | 0.00000000 | 0.00000000
  17 | 0.00000000 | 0.00000000 | 0.00000000 | 0.00000000 | 0.00000000 | 0.00000000
  18 | 0.00000000 | 0.00000000 | 0.00000000 | 0.00000000 | 0.00000000 | 0.00000000
  19 | 0.00000000 | 0.00000000 | 0.00000000 | 0.00000000 | 0.00000000 | 0.00000000
  20 | 0.00000000 | 0.00000000 | 0.00000000 | 0.00000000 | 0.00000000 | 0.00000000
  21 | 0.00000000 | 0.00000000 | 0.00000000 | 0.00000000 | 0.00000000 | 0.00000000
  22 | 0.00000000 | 0.00000000 | 0.00000000 | 0.00000000 | 0.00000000 | 0.00000000
  23 | 0.00000000 | 0.00000000 | 0.00000000 | 0.00000000 | 0.00000000 | 0.00000000
  24 | 0.00000000 | 0.00000000 | 0.00000000 | 0.00000000 | 0.00000000 | 0.00000000
  25 | 0.00000000 | 0.00000000 | 0.00000000 | 0.00000000 | 0.00000000 | 0.00000000
  26 | 0.00000000 | 0.00000000 | 0.00000000 | 0.00000000 | 0.00000000 | 0.00000000
  27 | 0.00000000 | 0.00000000 | 0.00000000 | 0.00000000 | 0.00000000 | 0.00000000
  28 | 0.00000000 | 0.00000000 | 0.00000000 | 0.00000000 | 0.00000000 | 0.00000000
  29 | 0.00000000 | 0.00000000 | 0.00000000 | 0.00000000 | 0.00000000 | 0.00000000
  30 | 0.00000000 | 0.00000000 | 0.00000000 | 0.00000000 | 0.00000000 | 0.00000000
  31 | 0.00000000 | 0.00000000 | 0.00000000 | 0.00000000 | 0.00000000 | 0.00000000
  32 | 0.00000000 | 0.00000000 | 0.00000000 | 0.00000000 | 0.00000000 | 0.00000000
  33 | 0.00000000 | 0.00000000 | 0.00000000 | 0.00000000 | 0.00000000 | 0.00000000
  34 | 0.00000000 | 0.00000000 | 0.00000000 | 0.00000000 | 0.00000000 | 0.00000000
  35 | 0.00000000 | 0.00000000 | 0.00000000 | 0.00000000 | 0.00000000 | 0.00000000
  36 | 0.00000000 | 0.00000000 | 0.00000000 | 0.00000000 | 0.00000000 | 0.00000000
  37 | 0.00000000 | 0.00000000 | 0.00000000 | 0.00000000 | 0.00000000 | 0.00000000
  38 | 0.00000000 | 0.00000000 | 0.00000000 | 0.00000000 | 0.00000000 | 0.00000000
  39 | 0.00000000 | 0.00000000 | 0.00000000 | 0.00000000 | 0.00000000 | 0.00000000
  40 | 0.00000000 | 0.00000000 | 0.00000000 | 0.00000000 | 0.00000000 | 0.00000000
  41 | 0.00000000 | 0.00000000 | 0.00000000 | 0.00000000 | 0.00000000 | 0.00000000
  42 | 0.00000000 | 0.00000000 | 0.00000000 | 0.00000000 | 0.00000000 | 0.00000000
  43 | 0.00000000 | 0.00000000 | 0.00000000 | 0.00000000 | 0.00000000 | 0.00000000
  44 | 0.00000000 | 0.00000000 | 0.00000000 | 0.00000000 | 0.00000000 | 0.00000000
  45 | 0.00027098 | 0.00095997 | 0.00000000 | 0.00432432 | -0.00017679 | 0.00071875
  46 | 0.00016159 | 0.00038499 | 0.00000000 | 0.00113636 | -0.00001799 | 0.00034116
  47 | 0.00010764 | 0.00046920 | 0.00000000 | 0.00215285 | -0.00011121 | 0.00032650
  48 | 0.00005061 | 0.00022059 | 0.00000000 | 0.00101215 | -0.00005229 | 0.00015350
  49 | 0.00036581 | 0.00089574 | 0.00000000 | 0.00320513 | -0.00005200 | 0.00078362
  50 | 0.00010084 | 0.00030256 | 0.00000000 | 0.00102564 | -0.00004029 | 0.00024196
  51 | 0.00014432 | 0.00034362 | 0.00000000 | 0.00098135 | -0.00001596 | 0.00030460
  52 | 0.00033444 | 0.00074802 | 0.00000000 | 0.00277521 | -0.00001447 | 0.00068335
  53 | 0.00056602 | 0.00095896 | 0.00000000 | 0.00377003 | 0.00011872 | 0.00101332
  54 | 0.00072672 | 0.00123609 | 0.00000000 | 0.00543971 | 0.00015015 | 0.00130328
  55 | 0.00139039 | 0.00217411 | 0.00000000 | 0.00892857 | 0.00037629 | 0.00240448
  56 | 0.00267142 | 0.00267649 | 0.00000000 | 0.00892857 | 0.00142299 | 0.00391985
  57 | 0.00203390 | 0.00200828 | 0.00000000 | 0.00673968 | 0.00109715 | 0.00297065
  58 | 0.00253867 | 0.00264538 | 0.00000000 | 0.01121657 | 0.00130474 | 0.00377259
  59 | 0.00659581 | 0.00480499 | 0.00084890 | 0.01920000 | 0.00435455 | 0.00883707
  60 | 0.00461237 | 0.00391862 | 0.00079177 | 0.01543461 | 0.00278455 | 0.00644018
  61 | 0.00711606 | 0.00383305 | 0.00165426 | 0.01505017 | 0.00532816 | 0.00890396
  62 | 0.00929462 | 0.00527937 | 0.00153257 | 0.02240000 | 0.00683209 | 0.01175715
  63 | 0.01010302 | 0.00448723 | 0.00482315 | 0.02366412 | 0.00800998 | 0.01219607
  64 | 0.01253731 | 0.00481365 | 0.00493016 | 0.02157738 | 0.01029201 | 0.01478261
  65 | 0.01710040 | 0.00569520 | 0.00644641 | 0.02751629 | 0.01444391 | 0.01975689
  66 | 0.01844352 | 0.00589516 | 0.00981132 | 0.02896452 | 0.01569376 | 0.02119328
  67 | 0.02278422 | 0.00738916 | 0.01129518 | 0.03979366 | 0.01933759 | 0.02623085
  68 | 0.03072099 | 0.01169290 | 0.01410542 | 0.05425772 | 0.02526691 | 0.03617507
  69 | 0.02959007 | 0.01116150 | 0.01050263 | 0.05056180 | 0.02438385 | 0.03479628
  70 | 0.03158808 | 0.00776700 | 0.01112760 | 0.04341428 | 0.02796521 | 0.03521095
  71 | 0.04119300 | 0.01148054 | 0.01793400 | 0.05971174 | 0.03583797 | 0.04654803
  72 | 0.04606648 | 0.00814462 | 0.02797203 | 0.05648536 | 0.04226747 | 0.04986549
  73 | 0.05157538 | 0.01111039 | 0.03333333 | 0.08602846 | 0.04639300 | 0.05675775
  74 | 0.05749169 | 0.01597287 | 0.03542234 | 0.08992563 | 0.05004124 | 0.06494214
  75 | 0.06162600 | 0.01274053 | 0.03479471 | 0.08236896 | 0.05568326 | 0.06756874
  76 | 0.06733416 | 0.01170010 | 0.04924761 | 0.08874598 | 0.06187672 | 0.07279161
  77 | 0.07240432 | 0.01158104 | 0.05426870 | 0.09484405 | 0.06700242 | 0.07780622
  78 | 0.07616490 | 0.01585102 | 0.04812129 | 0.10941476 | 0.06877129 | 0.08355851
  79 | 0.08672574 | 0.01299662 | 0.07080201 | 0.10837438 | 0.08066355 | 0.09278793
  80 | 0.09075047 | 0.01489831 | 0.06591958 | 0.12673392 | 0.08380125 | 0.09769969
  81 | 0.09709483 | 0.01029885 | 0.07543641 | 0.11417817 | 0.09229100 | 0.10189866
  82 | 0.11065428 | 0.01571564 | 0.08221797 | 0.13455657 | 0.10332381 | 0.11798474
  83 | 0.11985644 | 0.01263778 | 0.09412470 | 0.14150385 | 0.11396162 | 0.12575125
  84 | 0.12581767 | 0.01265655 | 0.09681299 | 0.15432099 | 0.11991410 | 0.13172124
  85 | 0.13007650 | 0.01797758 | 0.09483794 | 0.16056338 | 0.12169097 | 0.13846202
  86 | 0.14328661 | 0.02240821 | 0.08680143 | 0.18592677 | 0.13283444 | 0.15373878
  87 | 0.14409642 | 0.01538871 | 0.12117715 | 0.16974790 | 0.13691845 | 0.15127439
  88 | 0.15343427 | 0.00962768 | 0.13344788 | 0.16685780 | 0.14894350 | 0.15792504
  89 | 0.15677527 | 0.01673320 | 0.11649366 | 0.18909710 | 0.14897017 | 0.16458036
  90 | 0.17528389 | 0.01808584 | 0.14309670 | 0.21273032 | 0.16684786 | 0.18371992
  91 | 0.18286154 | 0.01637318 | 0.15409483 | 0.20491346 | 0.17522437 | 0.19049871
  92 | 0.19157188 | 0.01585775 | 0.16260623 | 0.22204214 | 0.18417513 | 0.19896863
  93 | 0.19546670 | 0.02060694 | 0.16258352 | 0.24487651 | 0.18585472 | 0.20507868
  94 | 0.19422593 | 0.02574762 | 0.16158373 | 0.26379401 | 0.18221611 | 0.20623575
  95 | 0.21200967 | 0.01831704 | 0.18938234 | 0.25344916 | 0.20346580 | 0.22055354
  96 | 0.21472635 | 0.01671483 | 0.18333333 | 0.25063291 | 0.20692982 | 0.22252288
  97 | 0.22196616 | 0.02159501 | 0.19198312 | 0.26866430 | 0.21189330 | 0.23203902
  98 | 0.21961928 | 0.01602714 | 0.18910256 | 0.24598394 | 0.21214352 | 0.22709504
  99 | 0.24070290 | 0.01934644 | 0.20758693 | 0.28529121 | 0.23167887 | 0.24972693
 100 | 0.24137640 | 0.01848204 | 0.18904959 | 0.27368952 | 0.23275557 | 0.24999724
 101 | 0.25643885 | 0.01994775 | 0.22972292 | 0.29056965 | 0.24713434 | 0.26574335
 102 | 0.26642548 | 0.01758280 | 0.22848361 | 0.30274779 | 0.25822409 | 0.27462687
 103 | 0.26412749 | 0.01498190 | 0.23371457 | 0.29874942 | 0.25713927 | 0.27111570
 104 | 0.27076063 | 0.02507576 | 0.21846154 | 0.32695002 | 0.25906420 | 0.28245706
 105 | 0.28099828 | 0.01772063 | 0.24599434 | 0.31190150 | 0.27273260 | 0.28926395
 106 | 0.29282979 | 0.01831702 | 0.25414634 | 0.32777778 | 0.28428593 | 0.30137365
 107 | 0.29443110 | 0.01304815 | 0.27751646 | 0.31970602 | 0.28834487 | 0.30051732
 108 | 0.29877279 | 0.02078983 | 0.23759542 | 0.33672117 | 0.28907550 | 0.30847008
 109 | 0.31049358 | 0.01519896 | 0.28106643 | 0.35397849 | 0.30340412 | 0.31758304
 110 | 0.31199737 | 0.02043399 | 0.27276708 | 0.34543011 | 0.30246606 | 0.32152868
 111 | 0.31639052 | 0.01901012 | 0.28065395 | 0.34445928 | 0.30752336 | 0.32525767
 112 | 0.33200125 | 0.01764184 | 0.30421147 | 0.37155361 | 0.32377232 | 0.34023017
 113 | 0.33723314 | 0.02089943 | 0.30333952 | 0.38886434 | 0.32748473 | 0.34698155
 114 | 0.33675617 | 0.01593541 | 0.30886427 | 0.36219460 | 0.32932320 | 0.34418914
 115 | 0.34113204 | 0.02191386 | 0.30786517 | 0.37931034 | 0.33091045 | 0.35135362
 116 | 0.34909668 | 0.01833692 | 0.31905782 | 0.38797578 | 0.34054354 | 0.35764982
 117 | 0.35799529 | 0.01473540 | 0.33203294 | 0.39602320 | 0.35112205 | 0.36486852
 118 | 0.36122457 | 0.01860354 | 0.31965812 | 0.40000000 | 0.35254706 | 0.36990207
 119 | 0.36997792 | 0.02155341 | 0.32215054 | 0.40248963 | 0.35992447 | 0.38003137
 120 | 0.37733315 | 0.01666846 | 0.33236152 | 0.40565254 | 0.36955826 | 0.38510805
 121 | 0.37667600 | 0.02177725 | 0.31830009 | 0.41913531 | 0.36651814 | 0.38683387
 122 | 0.38711484 | 0.01605918 | 0.35913442 | 0.41653418 | 0.37962413 | 0.39460554
 123 | 0.39117910 | 0.02008133 | 0.35024550 | 0.42630293 | 0.38181229 | 0.40054591
 124 | 0.39676288 | 0.02109332 | 0.35527950 | 0.43319214 | 0.38692403 | 0.40660172
 125 | 0.39991434 | 0.01569339 | 0.36248468 | 0.42670881 | 0.39259426 | 0.40723443
 126 | 0.41036780 | 0.01330296 | 0.38349131 | 0.44116474 | 0.40416271 | 0.41657288
 127 | 0.41032799 | 0.01434366 | 0.38638132 | 0.43513514 | 0.40363748 | 0.41701850
 128 | 0.41280011 | 0.01389390 | 0.38789062 | 0.43051771 | 0.40631938 | 0.41928083
 129 | 0.41681651 | 0.01942574 | 0.35581854 | 0.44803695 | 0.40775550 | 0.42587753
 130 | 0.42554694 | 0.01632167 | 0.39778569 | 0.46568627 | 0.41793380 | 0.43316008
 131 | 0.42585747 | 0.01280235 | 0.40170279 | 0.45136486 | 0.41988589 | 0.43182904
 132 | 0.42460653 | 0.01285541 | 0.40330454 | 0.45277886 | 0.41861020 | 0.43060285
 133 | 0.43886724 | 0.01564206 | 0.40693146 | 0.46226773 | 0.43157110 | 0.44616338
 134 | 0.43845973 | 0.01425563 | 0.41346877 | 0.46488661 | 0.43181028 | 0.44510918
 135 | 0.44418039 | 0.01918913 | 0.40811107 | 0.48270841 | 0.43522974 | 0.45313105
 136 | 0.45333589 | 0.01492639 | 0.42599411 | 0.49229075 | 0.44637357 | 0.46029821
 137 | 0.45463069 | 0.01715048 | 0.42688331 | 0.49403255 | 0.44663096 | 0.46263043
 138 | 0.46017316 | 0.01592897 | 0.42233923 | 0.49486050 | 0.45274319 | 0.46760313
 139 | 0.46331027 | 0.01651541 | 0.43159066 | 0.49840142 | 0.45560676 | 0.47101378
 140 | 0.46868593 | 0.01664723 | 0.44228655 | 0.52072449 | 0.46092093 | 0.47645093
 141 | 0.47865925 | 0.01201077 | 0.45884037 | 0.49797980 | 0.47305690 | 0.48426160
 142 | 0.47379612 | 0.01355987 | 0.45064695 | 0.49805034 | 0.46747120 | 0.48012103
 143 | 0.48607410 | 0.01825756 | 0.45284404 | 0.51686578 | 0.47755797 | 0.49459022
 144 | 0.48255373 | 0.01438844 | 0.45598846 | 0.51115760 | 0.47584233 | 0.48926513
 145 | 0.49104598 | 0.01456321 | 0.46610467 | 0.51412626 | 0.48425306 | 0.49783889
 146 | 0.48885072 | 0.01271151 | 0.46330590 | 0.50920245 | 0.48292152 | 0.49477992
 147 | 0.49129838 | 0.02042087 | 0.45687565 | 0.53840878 | 0.48177319 | 0.50082357
 148 | 0.49761733 | 0.01638736 | 0.46680570 | 0.52643754 | 0.48997355 | 0.50526111
 149 | 0.50030007 | 0.01546686 | 0.46879287 | 0.53012048 | 0.49308566 | 0.50751449
 150 | 0.50054353 | 0.01582415 | 0.46712565 | 0.52750080 | 0.49316246 | 0.50792461
 151 | 0.50579618 | 0.00990714 | 0.49214660 | 0.52453196 | 0.50117506 | 0.51041730
 152 | 0.51059649 | 0.01430926 | 0.46767020 | 0.53600521 | 0.50392203 | 0.51727096
 153 | 0.51169362 | 0.01375156 | 0.48414795 | 0.53728975 | 0.50527929 | 0.51810795
 154 | 0.51880150 | 0.01374917 | 0.49432003 | 0.54207921 | 0.51238828 | 0.52521471
 155 | 0.51957846 | 0.01507238 | 0.48946675 | 0.54642511 | 0.51254805 | 0.52660888
 156 | 0.52391371 | 0.01032608 | 0.50480461 | 0.54128440 | 0.51909717 | 0.52873024
 157 | 0.52913655 | 0.01534592 | 0.49857460 | 0.55160256 | 0.52197855 | 0.53629456
 158 | 0.53307572 | 0.01166140 | 0.51735323 | 0.55576208 | 0.52763633 | 0.53851511
 159 | 0.53312091 | 0.01318530 | 0.50823828 | 0.55395683 | 0.52697071 | 0.53927111
 160 | 0.54085337 | 0.01088134 | 0.52275601 | 0.56285355 | 0.53577783 | 0.54592890
 161 | 0.54857375 | 0.01365843 | 0.52173913 | 0.58303140 | 0.54220286 | 0.55494464
 162 | 0.54889254 | 0.01510581 | 0.52136489 | 0.57975831 | 0.54184653 | 0.55593855
 163 | 0.54622011 | 0.01635112 | 0.51505839 | 0.57120791 | 0.53859323 | 0.55384699
 164 | 0.55217151 | 0.00938451 | 0.54007286 | 0.57377049 | 0.54779416 | 0.55654885
 165 | 0.55146947 | 0.01319749 | 0.52633200 | 0.57346817 | 0.54531359 | 0.55762536
 166 | 0.56089092 | 0.01030952 | 0.54260090 | 0.58187741 | 0.55608211 | 0.56569973
 167 | 0.56359785 | 0.01606120 | 0.53222390 | 0.59902130 | 0.55610620 | 0.57108950
 168 | 0.56308582 | 0.01098726 | 0.53810976 | 0.58274854 | 0.55796088 | 0.56821076
 169 | 0.56631081 | 0.01190967 | 0.53848485 | 0.59016393 | 0.56075561 | 0.57186600
 170 | 0.56836022 | 0.01529389 | 0.53422662 | 0.58913363 | 0.56122648 | 0.57549396
 171 | 0.56428830 | 0.01176364 | 0.54567527 | 0.58484300 | 0.55880122 | 0.56977537
 172 | 0.57842708 | 0.01123126 | 0.55944461 | 0.60367232 | 0.57318833 | 0.58366583
 173 | 0.57618870 | 0.01474590 | 0.54882755 | 0.60472396 | 0.56931056 | 0.58306683
 174 | 0.57563217 | 0.01214496 | 0.54947307 | 0.61148159 | 0.56996723 | 0.58129711
 175 | 0.58694949 | 0.01275499 | 0.55437894 | 0.60606061 | 0.58100001 | 0.59289898
 176 | 0.58742233 | 0.01127455 | 0.56779661 | 0.61599772 | 0.58216339 | 0.59268127
 177 | 0.58810279 | 0.01625648 | 0.56007973 | 0.62173547 | 0.58052006 | 0.59568553
 178 | 0.58779431 | 0.01117427 | 0.57332956 | 0.61125035 | 0.58258214 | 0.59300648
 179 | 0.58824820 | 0.01354899 | 0.56535039 | 0.62774725 | 0.58192836 | 0.59456805
 180 | 0.59112483 | 0.01354038 | 0.56714286 | 0.60909598 | 0.58480900 | 0.59744066
 181 | 0.59625650 | 0.01009030 | 0.58096876 | 0.62016349 | 0.59154994 | 0.60096306
 182 | 0.60031023 | 0.01218140 | 0.57736156 | 0.62874569 | 0.59462829 | 0.60599217
 183 | 0.60442300 | 0.01352300 | 0.57343838 | 0.62657190 | 0.59811528 | 0.61073072
 184 | 0.60612815 | 0.01125789 | 0.58195820 | 0.62370572 | 0.60087697 | 0.61137932
 185 | 0.60868941 | 0.01427407 | 0.58467412 | 0.64114074 | 0.60203136 | 0.61534746
 186 | 0.60756170 | 0.00976041 | 0.57999462 | 0.62177650 | 0.60300902 | 0.61211438
 187 | 0.61114952 | 0.01172366 | 0.59357123 | 0.63464069 | 0.60568109 | 0.61661795
 188 | 0.61561334 | 0.01220441 | 0.59665428 | 0.64041096 | 0.60992067 | 0.62130601
 189 | 0.61282514 | 0.00914344 | 0.59299949 | 0.63122231 | 0.60856024 | 0.61709004
 190 | 0.61637899 | 0.01415170 | 0.59011628 | 0.65917994 | 0.60977802 | 0.62297997
 191 | 0.62275008 | 0.01156664 | 0.59932834 | 0.64387835 | 0.61735490 | 0.62814527
 192 | 0.62005765 | 0.00903734 | 0.59867198 | 0.63521682 | 0.61584224 | 0.62427306
 193 | 0.62881405 | 0.00946888 | 0.61056356 | 0.65416451 | 0.62439735 | 0.63323075
 194 | 0.62215112 | 0.01455331 | 0.59716240 | 0.66005523 | 0.61536282 | 0.62893942
 195 | 0.62581776 | 0.01082787 | 0.60456077 | 0.64415323 | 0.62076717 | 0.63086835
 196 | 0.62846304 | 0.01382821 | 0.59330144 | 0.65617863 | 0.62201295 | 0.63491312
 197 | 0.62994771 | 0.01207302 | 0.60429997 | 0.64910026 | 0.62431632 | 0.63557909
 198 | 0.62960083 | 0.01128947 | 0.60773624 | 0.65760599 | 0.62433493 | 0.63486673
 199 | 0.63939130 | 0.01044402 | 0.62107905 | 0.66022099 | 0.63451975 | 0.64426285
 200 | 0.63580327 | 0.01298333 | 0.61050545 | 0.67457793 | 0.62974728 | 0.64185926
