# RequisińŃo 2: [2,6]
# ═ndice da rota no AG: 0
# Simulań§es: 20, Chamadas/load: 1000
# Formato: Load Probabilidade_Bloqueio_Mķdia
# ==================================================
1 0.000000
2 0.000000
3 0.000000
4 0.000000
5 0.000000
6 0.000000
7 0.000000
8 0.000000
9 0.000000
10 0.000000
11 0.000000
12 0.000000
13 0.000000
14 0.000000
15 0.000000
16 0.000000
17 0.000000
18 0.000000
19 0.000000
20 0.000000
21 0.000150
22 0.000050
23 0.000250
24 0.000300
25 0.001300
26 0.002800
27 0.005650
28 0.007000
29 0.006700
30 0.014450
31 0.018650
32 0.029200
33 0.037750
34 0.043300
35 0.046250
36 0.058650
37 0.073850
38 0.079100
39 0.099650
40 0.107700
41 0.122900
42 0.135450
43 0.149000
44 0.171150
45 0.166750
46 0.174350
47 0.190850
48 0.204200
49 0.223700
50 0.230750
51 0.259700
52 0.249350
53 0.255650
54 0.287700
55 0.287700
56 0.299550
57 0.308800
58 0.304650
59 0.329200
60 0.344350
61 0.354550
62 0.357350
63 0.354000
64 0.380350
65 0.365150
66 0.382950
67 0.398400
68 0.409900
69 0.423300
70 0.426150
71 0.421800
72 0.437000
73 0.435100
74 0.453600
75 0.452000
76 0.457200
77 0.468750
78 0.478300
79 0.478550
80 0.488550
81 0.482800
82 0.499900
83 0.500450
84 0.512450
85 0.503500
86 0.512950
87 0.515250
88 0.527800
89 0.521500
90 0.536450
91 0.538650
92 0.551450
93 0.552650
94 0.541250
95 0.572700
96 0.558550
97 0.562950
98 0.561800
99 0.569950
100 0.575350
101 0.581050
102 0.587500
103 0.584100
104 0.597700
105 0.584750
106 0.592400
107 0.592900
108 0.600950
109 0.605500
110 0.610800
111 0.618650
112 0.617500
113 0.615750
114 0.622050
115 0.625350
116 0.627050
117 0.632550
118 0.636500
119 0.636450
120 0.641200
121 0.639050
122 0.648250
123 0.655600
124 0.651600
125 0.656000
126 0.651050
127 0.663850
128 0.655800
129 0.654700
130 0.666950
131 0.661250
132 0.666800
133 0.675250
134 0.674050
135 0.669850
136 0.674700
137 0.676450
138 0.673650
139 0.676950
140 0.680600
141 0.688450
142 0.687350
143 0.689450
144 0.692850
145 0.687150
146 0.694650
147 0.691350
148 0.694200
149 0.695000
150 0.699150
151 0.699550
152 0.707950
153 0.707600
154 0.709500
155 0.711000
156 0.714150
157 0.716300
158 0.714950
159 0.718700
160 0.711600
161 0.723050
162 0.724400
163 0.720150
164 0.717700
165 0.729900
166 0.728100
167 0.722050
168 0.727450
169 0.731500
170 0.730750
171 0.735500
172 0.735900
173 0.731950
174 0.735850
175 0.737550
176 0.736400
177 0.738550
178 0.733750
179 0.745100
180 0.746400
181 0.743500
182 0.750150
183 0.751800
184 0.744500
185 0.755900
186 0.754650
187 0.751850
188 0.755350
189 0.749950
190 0.756350
191 0.753150
192 0.747150
193 0.761900
194 0.756150
195 0.764100
196 0.763300
197 0.765250
198 0.762750
199 0.759550
200 0.767550
