# Requisição 4: [4,11]
# Simulações: 20, Chamadas/load: 1000
# Formato: Load Probabilidade_Bloqueio_Média
# ==================================================
1 0.000000
2 0.000000
3 0.000000
4 0.000000
5 0.000000
6 0.000000
7 0.000000
8 0.000000
9 0.000000
10 0.000000
11 0.000000
12 0.000000
13 0.000000
14 0.000000
15 0.000000
16 0.000000
17 0.000000
18 0.000000
19 0.000000
20 0.000000
21 0.000200
22 0.000350
23 0.000200
24 0.000150
25 0.001300
26 0.002400
27 0.007450
28 0.006650
29 0.007450
30 0.012550
31 0.014700
32 0.023750
33 0.030400
34 0.040050
35 0.051500
36 0.056300
37 0.065350
38 0.091550
39 0.105050
40 0.102150
41 0.110550
42 0.128000
43 0.150800
44 0.155300
45 0.171700
46 0.194050
47 0.192450
48 0.198250
49 0.238650
50 0.233600
51 0.251450
52 0.248150
53 0.274150
54 0.284900
55 0.285400
56 0.297350
57 0.307850
58 0.325800
59 0.326800
60 0.332650
61 0.356050
62 0.354300
63 0.371100
64 0.366950
65 0.386600
66 0.391750
67 0.394950
68 0.405400
69 0.413300
70 0.422550
71 0.434600
72 0.428400
73 0.433150
74 0.438900
75 0.464350
76 0.459050
77 0.465700
78 0.481400
79 0.489900
80 0.479900
81 0.491150
82 0.491950
83 0.493850
84 0.505200
85 0.513300
86 0.519700
87 0.521650
88 0.525500
89 0.534350
90 0.543400
91 0.535300
92 0.553500
93 0.544300
94 0.554150
95 0.556100
96 0.560350
97 0.564050
98 0.576200
99 0.572500
100 0.580300
101 0.587700
102 0.589650
103 0.588650
104 0.590650
105 0.584700
106 0.601850
107 0.604850
108 0.608550
109 0.612750
110 0.602550
111 0.606150
112 0.617500
113 0.617100
114 0.617250
115 0.634550
116 0.625250
117 0.637300
118 0.632850
119 0.635400
120 0.647100
121 0.640900
122 0.637550
123 0.643150
124 0.644850
125 0.654550
126 0.654600
127 0.654350
128 0.655800
129 0.662600
130 0.667900
131 0.664150
132 0.659900
133 0.667800
134 0.665300
135 0.674550
136 0.676400
137 0.679550
138 0.678500
139 0.682600
140 0.684550
141 0.682900
142 0.690750
143 0.687050
144 0.694950
145 0.693050
146 0.700650
147 0.692150
148 0.704800
149 0.696600
150 0.701250
151 0.704750
152 0.714250
153 0.708200
154 0.702700
155 0.709900
156 0.719750
157 0.714850
158 0.716800
159 0.712550
160 0.716200
161 0.715200
162 0.727500
163 0.719850
164 0.716350
165 0.723050
166 0.727100
167 0.731500
168 0.728300
169 0.729550
170 0.728950
171 0.737800
172 0.733700
173 0.729500
174 0.734500
175 0.731150
176 0.739800
177 0.732700
178 0.743550
179 0.742850
180 0.745050
181 0.740700
182 0.749150
183 0.748550
184 0.748750
185 0.754550
186 0.755450
187 0.748250
188 0.749550
189 0.751600
190 0.757900
191 0.760700
192 0.763150
193 0.767500
194 0.756300
195 0.762850
196 0.763100
197 0.761750
198 0.766550
199 0.762000
200 0.764700
