# Requisição 2: [2,6]
# Simulações: 20, Chamadas/load: 1000
# Formato: Load Probabilidade_Bloqueio_Média
# ==================================================
1 0.000000
2 0.000000
3 0.000000
4 0.000000
5 0.000000
6 0.000000
7 0.000000
8 0.000000
9 0.000000
10 0.000000
11 0.000000
12 0.000000
13 0.000000
14 0.000000
15 0.000000
16 0.000000
17 0.000000
18 0.000000
19 0.000000
20 0.000000
21 0.000100
22 0.000050
23 0.000250
24 0.000100
25 0.001200
26 0.001400
27 0.001900
28 0.005850
29 0.010000
30 0.012450
31 0.018350
32 0.027350
33 0.031950
34 0.035200
35 0.051300
36 0.063500
37 0.069500
38 0.080300
39 0.090800
40 0.106350
41 0.121500
42 0.122800
43 0.146650
44 0.150900
45 0.171800
46 0.184750
47 0.190900
48 0.212000
49 0.217200
50 0.218300
51 0.247600
52 0.255100
53 0.281600
54 0.274500
55 0.290450
56 0.295650
57 0.321800
58 0.319150
59 0.332000
60 0.343350
61 0.337850
62 0.345450
63 0.365700
64 0.377000
65 0.379100
66 0.391850
67 0.408600
68 0.403800
69 0.399800
70 0.419750
71 0.424650
72 0.428150
73 0.441250
74 0.450550
75 0.453700
76 0.454000
77 0.470300
78 0.481800
79 0.482900
80 0.479350
81 0.484500
82 0.484350
83 0.497700
84 0.512200
85 0.508200
86 0.513700
87 0.519300
88 0.525400
89 0.531050
90 0.542600
91 0.535350
92 0.536350
93 0.551100
94 0.554300
95 0.558250
96 0.552950
97 0.565800
98 0.566200
99 0.568400
100 0.569350
101 0.588250
102 0.578550
103 0.588600
104 0.592050
105 0.594450
106 0.586300
107 0.599000
108 0.608550
109 0.605750
110 0.605150
111 0.606750
112 0.622850
113 0.614600
114 0.616850
115 0.624350
116 0.627950
117 0.630000
118 0.638350
119 0.627800
120 0.629650
121 0.637900
122 0.646300
123 0.647650
124 0.651900
125 0.655900
126 0.654100
127 0.646450
128 0.661600
129 0.663050
130 0.666450
131 0.666750
132 0.662200
133 0.661400
134 0.669250
135 0.675600
136 0.670900
137 0.678050
138 0.684000
139 0.685900
140 0.682850
141 0.687750
142 0.691000
143 0.687850
144 0.693700
145 0.691000
146 0.693800
147 0.698200
148 0.697950
149 0.693200
150 0.702150
151 0.705900
152 0.708700
153 0.712050
154 0.698500
155 0.709750
156 0.714900
157 0.718400
158 0.712950
159 0.715950
160 0.718200
161 0.716150
162 0.722000
163 0.719200
164 0.718300
165 0.721000
166 0.738250
167 0.725150
168 0.726050
169 0.727400
170 0.731600
171 0.731950
172 0.740950
173 0.739750
174 0.734800
175 0.740150
176 0.735450
177 0.742750
178 0.744700
179 0.745250
180 0.745250
181 0.740800
182 0.743800
183 0.749550
184 0.746500
185 0.751650
186 0.753150
187 0.753950
188 0.753800
189 0.754700
190 0.755250
191 0.748350
192 0.761150
193 0.761600
194 0.757500
195 0.760750
196 0.762850
197 0.760100
198 0.759350
199 0.768550
200 0.764550
