# Requisição 3: [5,10]
# Simulações: 20, Chamadas/load: 1000
# Formato: Load Probabilidade_Bloqueio_Média
# ==================================================
1 0.000000
2 0.000000
3 0.000000
4 0.000000
5 0.000000
6 0.000000
7 0.000000
8 0.000000
9 0.000000
10 0.000000
11 0.000000
12 0.000000
13 0.000000
14 0.000000
15 0.000000
16 0.000000
17 0.000000
18 0.000050
19 0.000000
20 0.000000
21 0.000000
22 0.000500
23 0.000750
24 0.000550
25 0.001950
26 0.002000
27 0.004100
28 0.005850
29 0.009050
30 0.015050
31 0.017400
32 0.025200
33 0.035450
34 0.039500
35 0.052150
36 0.054900
37 0.066800
38 0.089300
39 0.096900
40 0.106350
41 0.117550
42 0.141800
43 0.145500
44 0.160200
45 0.176550
46 0.190300
47 0.198000
48 0.205750
49 0.217850
50 0.232100
51 0.250500
52 0.255450
53 0.261100
54 0.286450
55 0.280400
56 0.302600
57 0.312400
58 0.317100
59 0.328950
60 0.328350
61 0.337800
62 0.358600
63 0.360800
64 0.380800
65 0.375650
66 0.381600
67 0.392100
68 0.413250
69 0.414300
70 0.418850
71 0.430950
72 0.427550
73 0.440250
74 0.457200
75 0.453800
76 0.447800
77 0.460400
78 0.469200
79 0.484400
80 0.482250
81 0.495450
82 0.486650
83 0.500200
84 0.504250
85 0.509300
86 0.519450
87 0.511300
88 0.523450
89 0.523750
90 0.527700
91 0.545550
92 0.547500
93 0.547800
94 0.547700
95 0.560800
96 0.554000
97 0.561700
98 0.572600
99 0.571100
100 0.566550
101 0.570900
102 0.582750
103 0.589900
104 0.578850
105 0.604650
106 0.590750
107 0.595100
108 0.596950
109 0.604450
110 0.602550
111 0.612800
112 0.612400
113 0.611000
114 0.618000
115 0.625650
116 0.626550
117 0.623550
118 0.632450
119 0.640700
120 0.636650
121 0.633450
122 0.643600
123 0.653250
124 0.645450
125 0.652200
126 0.656200
127 0.652500
128 0.661800
129 0.667150
130 0.658100
131 0.668900
132 0.664050
133 0.673950
134 0.669550
135 0.674350
136 0.675750
137 0.674550
138 0.677100
139 0.684750
140 0.676850
141 0.682750
142 0.690600
143 0.695650
144 0.690900
145 0.684400
146 0.693000
147 0.694100
148 0.697050
149 0.702700
150 0.698950
151 0.707300
152 0.702600
153 0.711250
154 0.708900
155 0.711650
156 0.715450
157 0.716550
158 0.713550
159 0.714100
160 0.723350
161 0.717250
162 0.722500
163 0.725700
164 0.717950
165 0.728800
166 0.728800
167 0.727850
168 0.724350
169 0.725850
170 0.733650
171 0.734450
172 0.735050
173 0.737750
174 0.744150
175 0.737100
176 0.739500
177 0.735100
178 0.742950
179 0.743250
180 0.740400
181 0.739850
182 0.746850
183 0.750000
184 0.752200
185 0.744250
186 0.759600
187 0.749750
188 0.750900
189 0.752400
190 0.753650
191 0.751750
192 0.760850
193 0.757100
194 0.759200
195 0.761150
196 0.769100
197 0.756000
198 0.765000
199 0.763300
200 0.761300
