# Requisição 5: [3,8]
# Simulações: 20, Chamadas/load: 1000
# Formato: Load Probabilidade_Bloqueio_Média
# ==================================================
1 0.000000
2 0.000000
3 0.000000
4 0.000000
5 0.000000
6 0.000000
7 0.000000
8 0.000000
9 0.000000
10 0.000000
11 0.000000
12 0.000000
13 0.000000
14 0.000000
15 0.000000
16 0.000000
17 0.000000
18 0.000000
19 0.000000
20 0.000000
21 0.000350
22 0.000000
23 0.000550
24 0.001250
25 0.001650
26 0.001650
27 0.002750
28 0.005500
29 0.009350
30 0.009150
31 0.018300
32 0.023800
33 0.031100
34 0.039950
35 0.053100
36 0.058250
37 0.075050
38 0.078350
39 0.086800
40 0.106950
41 0.122050
42 0.131550
43 0.146500
44 0.154450
45 0.172250
46 0.191050
47 0.198050
48 0.213750
49 0.210500
50 0.222500
51 0.247200
52 0.247300
53 0.268100
54 0.272300
55 0.306500
56 0.299050
57 0.308750
58 0.311600
59 0.329800
60 0.339250
61 0.344300
62 0.351700
63 0.372000
64 0.365950
65 0.379100
66 0.389400
67 0.404000
68 0.403900
69 0.407850
70 0.422250
71 0.431550
72 0.431250
73 0.440700
74 0.448250
75 0.449850
76 0.460400
77 0.465600
78 0.468300
79 0.477600
80 0.478950
81 0.494450
82 0.505050
83 0.491700
84 0.501850
85 0.512250
86 0.513650
87 0.523450
88 0.528600
89 0.531750
90 0.534200
91 0.541300
92 0.540700
93 0.551300
94 0.558550
95 0.558900
96 0.558750
97 0.559950
98 0.568900
99 0.572850
100 0.573350
101 0.576600
102 0.581900
103 0.586550
104 0.590500
105 0.599100
106 0.598100
107 0.597050
108 0.605950
109 0.610050
110 0.616700
111 0.615100
112 0.623250
113 0.618900
114 0.616750
115 0.618000
116 0.626500
117 0.636750
118 0.635200
119 0.628800
120 0.645000
121 0.636700
122 0.647050
123 0.646000
124 0.650850
125 0.644700
126 0.656500
127 0.655600
128 0.663200
129 0.660650
130 0.665150
131 0.666600
132 0.668550
133 0.672550
134 0.671650
135 0.672750
136 0.669550
137 0.677550
138 0.672050
139 0.676850
140 0.677550
141 0.687100
142 0.697000
143 0.689000
144 0.691400
145 0.695850
146 0.698150
147 0.695100
148 0.701800
149 0.698100
150 0.705850
151 0.701550
152 0.695500
153 0.706550
154 0.709250
155 0.708150
156 0.708350
157 0.714950
158 0.716750
159 0.709200
160 0.720500
161 0.721250
162 0.723300
163 0.722850
164 0.727400
165 0.725300
166 0.726350
167 0.726550
168 0.735500
169 0.725400
170 0.730150
171 0.725900
172 0.737850
173 0.739500
174 0.739800
175 0.744850
176 0.739050
177 0.745650
178 0.748200
179 0.747900
180 0.745000
181 0.751550
182 0.747350
183 0.746200
184 0.753350
185 0.747150
186 0.743450
187 0.751050
188 0.759750
189 0.756700
190 0.750650
191 0.761250
192 0.755450
193 0.761800
194 0.758250
195 0.762750
196 0.754100
197 0.759600
198 0.765450
199 0.767000
200 0.765400
