# Requisição 1: [0,12]
# Simulações: 20, Chamadas/load: 1000
# Formato: Load Probabilidade_Bloqueio_Média
# ==================================================
1 0.000000
2 0.000000
3 0.000000
4 0.000000
5 0.000000
6 0.000000
7 0.000000
8 0.000000
9 0.000000
10 0.000000
11 0.000000
12 0.000000
13 0.000000
14 0.000000
15 0.000000
16 0.000000
17 0.000000
18 0.000000
19 0.000000
20 0.000000
21 0.000100
22 0.000000
23 0.000550
24 0.000600
25 0.001000
26 0.002650
27 0.003850
28 0.005700
29 0.010100
30 0.016300
31 0.013400
32 0.024950
33 0.028500
34 0.044300
35 0.052600
36 0.061400
37 0.068650
38 0.079950
39 0.096350
40 0.113600
41 0.125450
42 0.127650
43 0.146450
44 0.165600
45 0.179550
46 0.188400
47 0.197850
48 0.206150
49 0.220000
50 0.231500
51 0.245500
52 0.263550
53 0.265950
54 0.282150
55 0.296100
56 0.299350
57 0.302950
58 0.314250
59 0.327750
60 0.331250
61 0.342550
62 0.353750
63 0.371750
64 0.377750
65 0.390500
66 0.383900
67 0.403200
68 0.398350
69 0.411650
70 0.417100
71 0.425350
72 0.431600
73 0.439200
74 0.437400
75 0.450850
76 0.463700
77 0.475650
78 0.467850
79 0.474300
80 0.486050
81 0.488600
82 0.497300
83 0.496650
84 0.516500
85 0.502300
86 0.519900
87 0.524550
88 0.527550
89 0.528250
90 0.525900
91 0.532400
92 0.539500
93 0.571450
94 0.557950
95 0.557700
96 0.562850
97 0.557350
98 0.571900
99 0.566850
100 0.575000
101 0.580950
102 0.584900
103 0.585750
104 0.589950
105 0.587500
106 0.599850
107 0.598900
108 0.600300
109 0.600600
110 0.608550
111 0.614100
112 0.618800
113 0.622600
114 0.624000
115 0.631600
116 0.628100
117 0.631950
118 0.640400
119 0.633800
120 0.628450
121 0.652100
122 0.642200
123 0.647400
124 0.645200
125 0.655600
126 0.653800
127 0.652100
128 0.658800
129 0.659100
130 0.658800
131 0.658350
132 0.666550
133 0.671900
134 0.674200
135 0.673850
136 0.674000
137 0.679550
138 0.674900
139 0.683600
140 0.691000
141 0.688700
142 0.693050
143 0.689450
144 0.684400
145 0.686250
146 0.697900
147 0.697950
148 0.704200
149 0.703200
150 0.702000
151 0.707650
152 0.708350
153 0.704350
154 0.709450
155 0.702000
156 0.708850
157 0.708200
158 0.714500
159 0.713050
160 0.724350
161 0.721000
162 0.720900
163 0.724700
164 0.730650
165 0.724750
166 0.722050
167 0.726100
168 0.735250
169 0.728200
170 0.732100
171 0.727400
172 0.731500
173 0.735150
174 0.739550
175 0.734850
176 0.737600
177 0.740750
178 0.742300
179 0.743550
180 0.748650
181 0.741400
182 0.744150
183 0.748950
184 0.746750
185 0.752800
186 0.749200
187 0.756000
188 0.762100
189 0.755100
190 0.751550
191 0.756550
192 0.758550
193 0.753650
194 0.763700
195 0.760750
196 0.758150
197 0.764650
198 0.766500
199 0.757450
200 0.766850
