# Resultados para rota [5,10] (DE com fitness AGP)
# Formato: Load Probabilidade_Media Desvio_Padrao
1 0.463270 0.091634
2 0.384668 0.089929
3 0.424419 0.076688
4 0.445139 0.118914
5 0.462954 0.109086
6 0.438759 0.088157
7 0.493054 0.079504
8 0.470828 0.091841
9 0.514781 0.071933
10 0.507193 0.073580
11 0.504324 0.086023
12 0.515598 0.098501
13 0.503316 0.064877
14 0.546416 0.096287
15 0.525160 0.069236
16 0.489822 0.074893
17 0.566993 0.066045
18 0.528141 0.078377
19 0.543478 0.066308
20 0.510805 0.072912
21 0.558847 0.076503
22 0.522667 0.070832
23 0.578230 0.065900
24 0.562216 0.065593
25 0.583384 0.052365
26 0.569674 0.066671
27 0.586190 0.064669
28 0.574804 0.049162
29 0.571044 0.059787
30 0.571152 0.071396
31 0.598765 0.057914
32 0.577175 0.056202
33 0.597303 0.054279
34 0.622883 0.061850
35 0.601205 0.056369
36 0.603200 0.062274
37 0.586354 0.082679
38 0.596324 0.054990
39 0.604320 0.070481
40 0.619421 0.067039
41 0.613779 0.045795
42 0.624816 0.055791
43 0.626121 0.054937
44 0.597514 0.072273
45 0.605479 0.096877
46 0.594777 0.053924
47 0.581729 0.057254
48 0.593700 0.051048
49 0.615164 0.060793
50 0.620570 0.054963
51 0.624843 0.058200
52 0.623406 0.037705
53 0.599992 0.050439
54 0.628865 0.079993
55 0.635853 0.055012
56 0.625681 0.063990
57 0.638620 0.049836
58 0.638058 0.058123
59 0.628891 0.043026
60 0.621992 0.069785
61 0.620579 0.049443
62 0.636535 0.042080
63 0.633182 0.056464
64 0.628918 0.056855
65 0.642693 0.058491
66 0.637208 0.053539
67 0.626264 0.049441
68 0.639823 0.064599
69 0.649263 0.051051
70 0.643365 0.054320
71 0.647455 0.047136
72 0.647825 0.052058
73 0.637922 0.056116
74 0.641679 0.047565
75 0.650121 0.038109
76 0.630503 0.056547
77 0.626948 0.045904
78 0.651616 0.036910
79 0.658741 0.035133
80 0.642829 0.042401
81 0.641860 0.053684
82 0.641561 0.045432
83 0.648997 0.048986
84 0.639826 0.049116
85 0.639419 0.043636
86 0.637349 0.042015
87 0.643365 0.057696
88 0.659770 0.039845
89 0.643731 0.032310
90 0.635060 0.042518
91 0.655679 0.047462
92 0.664758 0.055477
93 0.649849 0.043245
94 0.669857 0.051631
95 0.667891 0.038084
96 0.649475 0.040583
97 0.666770 0.042566
98 0.652368 0.039449
99 0.649338 0.036188
100 0.665648 0.043590
101 0.651985 0.041252
102 0.630865 0.036471
103 0.653561 0.038356
104 0.649357 0.047550
105 0.647543 0.046072
106 0.657559 0.038240
107 0.649279 0.047507
108 0.667753 0.038835
109 0.657593 0.043843
110 0.650736 0.039575
111 0.647445 0.042869
112 0.673473 0.031191
113 0.669257 0.043282
114 0.664929 0.040091
115 0.675764 0.041702
116 0.680119 0.038861
117 0.686837 0.042501
118 0.666190 0.038591
119 0.671740 0.024591
120 0.665129 0.033984
121 0.673867 0.042813
122 0.677157 0.035442
123 0.671346 0.035330
124 0.648096 0.046052
125 0.671967 0.036008
126 0.663377 0.047463
127 0.684000 0.040454
128 0.669555 0.036149
129 0.669599 0.041381
130 0.687850 0.051273
131 0.659198 0.041204
132 0.673960 0.037696
133 0.674474 0.052311
134 0.673609 0.032492
135 0.646227 0.041958
136 0.665349 0.039448
137 0.668530 0.042708
138 0.684724 0.039705
139 0.669686 0.029899
140 0.681975 0.028350
141 0.665814 0.035485
142 0.665296 0.035320
143 0.676358 0.035938
144 0.668144 0.029427
145 0.668366 0.046304
146 0.679210 0.027473
147 0.673521 0.037434
148 0.681015 0.042912
149 0.670405 0.036980
150 0.675450 0.035980
151 0.671481 0.040626
152 0.680317 0.040606
153 0.685649 0.038144
154 0.672675 0.029017
155 0.681285 0.039491
156 0.677690 0.025487
157 0.677945 0.039037
158 0.665094 0.022580
159 0.677314 0.042283
160 0.670067 0.038223
161 0.671769 0.037463
162 0.669417 0.037914
163 0.689514 0.022993
164 0.686476 0.028199
165 0.681144 0.033642
166 0.684674 0.041786
167 0.674385 0.025053
168 0.672456 0.031042
169 0.678976 0.033426
170 0.680592 0.035195
171 0.688601 0.025680
172 0.683953 0.029432
173 0.694356 0.034487
174 0.681322 0.039903
175 0.674034 0.036938
176 0.673693 0.031058
177 0.683732 0.028711
178 0.673409 0.034989
179 0.665319 0.029114
180 0.675705 0.029042
181 0.681685 0.034653
182 0.681498 0.037077
183 0.660790 0.021017
184 0.668977 0.035800
185 0.682090 0.036639
186 0.678890 0.024921
187 0.679708 0.024523
188 0.677761 0.027634
189 0.681625 0.029892
190 0.681524 0.036672
191 0.687072 0.033463
192 0.686620 0.032947
193 0.672622 0.027868
194 0.696198 0.025749
195 0.675769 0.033235
196 0.685668 0.030751
197 0.683578 0.035719
198 0.683571 0.029976
199 0.680409 0.026862
200 0.684691 0.031902
