# Resultados para rota [0,12] 
# Formato: Load Probabilidade_Media Desvio_Padrao
1 0.000000 0.000000
2 0.000000 0.000000
3 0.000000 0.000000
4 0.000000 0.000000
5 0.000000 0.000000
6 0.000000 0.000000
7 0.000000 0.000000
8 0.000000 0.000000
9 0.000000 0.000000
10 0.000000 0.000000
11 0.000000 0.000000
12 0.000000 0.000000
13 0.001163 0.005068
14 0.000000 0.000000
15 0.001163 0.005068
16 0.000000 0.000000
17 0.004420 0.015044
18 0.009656 0.024404
19 0.017599 0.034780
20 0.018592 0.049217
21 0.018560 0.041837
22 0.040662 0.058253
23 0.042936 0.065680
24 0.033912 0.049435
25 0.007212 0.018626
26 0.018021 0.043818
27 0.056350 0.059040
28 0.068573 0.080223
29 0.064514 0.069498
30 0.057813 0.057759
31 0.087258 0.082155
32 0.084981 0.069348
33 0.080309 0.080181
34 0.083228 0.088951
35 0.138874 0.085207
36 0.123614 0.100378
37 0.140113 0.073810
38 0.130563 0.077615
39 0.123431 0.083054
40 0.148250 0.079514
41 0.147775 0.105309
42 0.130675 0.094213
43 0.142128 0.089811
44 0.131386 0.098026
45 0.185318 0.068211
46 0.160931 0.064846
47 0.168116 0.090255
48 0.176823 0.081698
49 0.202727 0.090352
50 0.208558 0.081207
51 0.216670 0.107292
52 0.207482 0.095883
53 0.184635 0.102160
54 0.237516 0.086535
55 0.255052 0.055636
56 0.208322 0.083023
57 0.268463 0.056590
58 0.233763 0.067689
59 0.219322 0.095631
60 0.241645 0.085388
61 0.294461 0.065673
62 0.270466 0.059553
63 0.254343 0.066850
64 0.266760 0.060955
65 0.266054 0.100423
66 0.259330 0.083381
67 0.264934 0.076042
68 0.288513 0.085626
69 0.299906 0.087152
70 0.297560 0.063571
71 0.309607 0.058261
72 0.307952 0.073195
73 0.294819 0.074746
74 0.347933 0.060170
75 0.310047 0.063627
76 0.322529 0.037401
77 0.314336 0.080531
78 0.331284 0.063457
79 0.327921 0.079962
80 0.341127 0.049970
81 0.347681 0.061446
82 0.323268 0.061880
83 0.338303 0.062160
84 0.353039 0.070588
85 0.354534 0.056786
86 0.345477 0.051786
87 0.345327 0.062394
88 0.343054 0.051339
89 0.365884 0.052478
90 0.385220 0.076500
91 0.341054 0.047241
92 0.351363 0.057739
93 0.350825 0.064395
94 0.376966 0.064467
95 0.375981 0.049588
96 0.389843 0.048852
97 0.352293 0.042768
98 0.374933 0.060771
99 0.391807 0.068986
100 0.400383 0.045109
101 0.351567 0.067269
102 0.406256 0.058254
103 0.375326 0.056148
104 0.395040 0.041686
105 0.395394 0.058180
106 0.390190 0.057898
107 0.407860 0.058542
108 0.383881 0.091917
109 0.366065 0.060447
110 0.386946 0.051539
111 0.391869 0.067904
112 0.391862 0.062921
113 0.381723 0.057918
114 0.388650 0.043100
115 0.402635 0.051020
116 0.392943 0.060598
117 0.411624 0.050424
118 0.399367 0.044257
119 0.405692 0.043854
120 0.392016 0.052114
121 0.399885 0.051896
122 0.446490 0.044396
123 0.408610 0.079334
124 0.399535 0.064779
125 0.413182 0.046694
126 0.411255 0.072069
127 0.407466 0.050796
128 0.412504 0.067033
129 0.418894 0.060689
130 0.455237 0.030509
131 0.434291 0.041944
132 0.422687 0.063981
133 0.424708 0.047945
134 0.438163 0.052033
135 0.450338 0.062284
136 0.435129 0.043497
137 0.452477 0.041619
138 0.436427 0.044273
139 0.448482 0.046751
140 0.422604 0.047200
141 0.422182 0.050542
142 0.438026 0.037509
143 0.428412 0.047360
144 0.440335 0.038425
145 0.450191 0.060540
146 0.450841 0.049817
147 0.421535 0.051666
148 0.441296 0.056437
149 0.453783 0.046725
150 0.455149 0.067560
151 0.433961 0.047859
152 0.440982 0.049868
153 0.461717 0.047769
154 0.415017 0.060737
155 0.438487 0.056609
156 0.440732 0.056090
157 0.460880 0.039347
158 0.449749 0.036301
159 0.456421 0.053675
160 0.477853 0.048092
161 0.473558 0.055938
162 0.462975 0.050415
163 0.476298 0.033360
164 0.469522 0.050603
165 0.460980 0.062559
166 0.461184 0.052777
167 0.446035 0.038141
168 0.460135 0.042580
169 0.455703 0.036764
170 0.458404 0.055644
171 0.456293 0.048781
172 0.458321 0.055931
173 0.480883 0.046099
174 0.480105 0.048778
175 0.452476 0.038622
176 0.487197 0.034197
177 0.474901 0.047698
178 0.471706 0.060512
179 0.459778 0.051324
180 0.463130 0.049775
181 0.477605 0.041815
182 0.481692 0.050486
183 0.502058 0.039165
184 0.470172 0.050321
185 0.468184 0.058171
186 0.471576 0.048912
187 0.470401 0.061910
188 0.480487 0.044575
189 0.468467 0.056912
190 0.462228 0.034955
191 0.489050 0.040198
192 0.487380 0.035868
193 0.471385 0.037751
194 0.476304 0.050588
195 0.494190 0.044749
196 0.490393 0.053887
197 0.479363 0.036752
198 0.475397 0.050693
199 0.466205 0.034826
200 0.487650 0.041699
