# Resultados para rota [5,10] (DE com fitness AGP)
# Formato: Load Probabilidade_Media Desvio_Padrao
1 0.043939 0.059651
2 0.053449 0.065358
3 0.033587 0.066841
4 0.063464 0.080734
5 0.064073 0.071103
6 0.099229 0.087360
7 0.155400 0.112187
8 0.157181 0.126057
9 0.189777 0.133017
10 0.179315 0.126977
11 0.244789 0.123142
12 0.253793 0.105136
13 0.220614 0.139266
14 0.268935 0.094262
15 0.279665 0.138757
16 0.315411 0.080641
17 0.293931 0.092800
18 0.312864 0.109521
19 0.346013 0.077016
20 0.389185 0.093518
21 0.333815 0.076808
22 0.339461 0.109612
23 0.345782 0.114709
24 0.363976 0.099207
25 0.369999 0.100220
26 0.357180 0.098144
27 0.395561 0.094216
28 0.398266 0.062372
29 0.393928 0.066332
30 0.423091 0.076450
31 0.399942 0.087707
32 0.442363 0.052863
33 0.415477 0.112514
34 0.435420 0.096147
35 0.407523 0.073064
36 0.448900 0.061148
37 0.463073 0.072009
38 0.451221 0.069350
39 0.460335 0.097709
40 0.455464 0.084927
41 0.460829 0.076627
42 0.484548 0.071461
43 0.478810 0.051029
44 0.489663 0.070469
45 0.526175 0.044895
46 0.506956 0.056772
47 0.502666 0.072735
48 0.484483 0.073192
49 0.504362 0.086242
50 0.519260 0.063942
51 0.526073 0.050163
52 0.537325 0.055151
53 0.538208 0.050192
54 0.515360 0.063701
55 0.485942 0.053040
56 0.525672 0.052998
57 0.552798 0.080175
58 0.516043 0.059989
59 0.550704 0.042464
60 0.544731 0.069698
61 0.516168 0.076370
62 0.551288 0.055515
63 0.533679 0.045546
64 0.513099 0.067099
65 0.528725 0.049694
66 0.556548 0.067124
67 0.550791 0.051435
68 0.551576 0.056096
69 0.519309 0.088702
70 0.551099 0.062262
71 0.556592 0.062881
72 0.542231 0.063153
73 0.574231 0.057584
74 0.556213 0.069309
75 0.559982 0.071405
76 0.561600 0.068475
77 0.587338 0.055991
78 0.570616 0.066435
79 0.575222 0.064075
80 0.551295 0.057465
81 0.567935 0.060382
82 0.565428 0.040323
83 0.615587 0.058747
84 0.581739 0.061250
85 0.582908 0.049958
86 0.592327 0.046499
87 0.594286 0.053316
88 0.601878 0.057549
89 0.597587 0.056673
90 0.582230 0.062908
91 0.593616 0.070525
92 0.591771 0.051174
93 0.576778 0.038313
94 0.581496 0.065896
95 0.586964 0.053691
96 0.585823 0.050320
97 0.601961 0.048198
98 0.594209 0.043542
99 0.592924 0.044354
100 0.590675 0.064334
101 0.619386 0.048050
102 0.609468 0.045285
103 0.628428 0.044717
104 0.619534 0.063045
105 0.604974 0.060477
106 0.608836 0.036895
107 0.618078 0.042444
108 0.603645 0.036704
109 0.611640 0.040259
110 0.629542 0.047614
111 0.603363 0.040274
112 0.618304 0.040955
113 0.614164 0.060829
114 0.614397 0.036286
115 0.612378 0.054662
116 0.616025 0.049281
117 0.613076 0.039715
118 0.621883 0.049219
119 0.614187 0.053659
120 0.629731 0.047729
121 0.623311 0.048782
122 0.632842 0.045264
123 0.641067 0.032705
124 0.633272 0.043372
125 0.622301 0.049966
126 0.634235 0.031372
127 0.612038 0.044790
128 0.648253 0.036408
129 0.640969 0.045008
130 0.617821 0.046311
131 0.635795 0.051514
132 0.632445 0.035497
133 0.639220 0.027585
134 0.628211 0.043884
135 0.623733 0.045602
136 0.630562 0.046855
137 0.591066 0.041749
138 0.633364 0.038514
139 0.647312 0.044430
140 0.641337 0.046438
141 0.638286 0.034239
142 0.654625 0.047835
143 0.637777 0.036163
144 0.642196 0.039740
145 0.639532 0.039082
146 0.642028 0.042367
147 0.629646 0.040251
148 0.636127 0.037921
149 0.647800 0.031209
150 0.635957 0.046772
151 0.645732 0.035005
152 0.647047 0.039756
153 0.663204 0.037976
154 0.656416 0.048478
155 0.651414 0.036037
156 0.642401 0.038790
157 0.644361 0.042049
158 0.645707 0.035196
159 0.654171 0.037712
160 0.648498 0.036177
161 0.651365 0.048915
162 0.629276 0.041097
163 0.663374 0.041036
164 0.656642 0.039231
165 0.664653 0.026325
166 0.659953 0.046171
167 0.651493 0.022785
168 0.650841 0.042602
169 0.642161 0.029325
170 0.668831 0.035399
171 0.659430 0.041292
172 0.669739 0.036790
173 0.653235 0.039980
174 0.651021 0.040578
175 0.668146 0.036397
176 0.647102 0.032085
177 0.649931 0.037511
178 0.666702 0.032397
179 0.662822 0.033861
180 0.664648 0.040697
181 0.649198 0.036213
182 0.648803 0.030672
183 0.691604 0.042147
184 0.658949 0.048256
185 0.661398 0.039289
186 0.649781 0.036570
187 0.661128 0.046595
188 0.652660 0.035242
189 0.674895 0.033857
190 0.661097 0.041006
191 0.663364 0.044780
192 0.667577 0.027386
193 0.679599 0.031959
194 0.658294 0.037314
195 0.660362 0.040089
196 0.643907 0.048951
197 0.670888 0.037668
198 0.669501 0.037537
199 0.672716 0.032238
200 0.670900 0.024555
