# Resultados para rota [3,8] (DE com fitness AGP)
# Formato: Load Probabilidade_Media Desvio_Padrao
1 0.097497 0.076530
2 0.131947 0.092368
3 0.193156 0.105120
4 0.234902 0.083668
5 0.218430 0.063345
6 0.231757 0.097261
7 0.279726 0.063476
8 0.296075 0.068844
9 0.317575 0.097681
10 0.346247 0.097951
11 0.339169 0.074703
12 0.388157 0.075430
13 0.395716 0.083679
14 0.397836 0.061729
15 0.433613 0.068836
16 0.443582 0.070513
17 0.442064 0.051545
18 0.452268 0.085378
19 0.461268 0.073249
20 0.480101 0.076388
21 0.492507 0.078900
22 0.491105 0.065452
23 0.506671 0.057718
24 0.489310 0.076892
25 0.534005 0.068199
26 0.548426 0.061065
27 0.547968 0.059599
28 0.569351 0.060332
29 0.567726 0.068675
30 0.561931 0.047131
31 0.571440 0.048899
32 0.572580 0.041753
33 0.580459 0.063748
34 0.573019 0.050027
35 0.581148 0.058254
36 0.612036 0.047792
37 0.622094 0.054745
38 0.596649 0.046430
39 0.637208 0.037947
40 0.611774 0.051757
41 0.624491 0.058450
42 0.641618 0.042677
43 0.622073 0.046376
44 0.633931 0.054513
45 0.632275 0.051250
46 0.663925 0.046079
47 0.646002 0.063563
48 0.648628 0.059608
49 0.656279 0.061888
50 0.657905 0.046545
51 0.654357 0.045705
52 0.664347 0.037074
53 0.678670 0.055937
54 0.675542 0.048229
55 0.669716 0.047718
56 0.682654 0.039844
57 0.665908 0.038342
58 0.675463 0.050285
59 0.689314 0.043982
60 0.685654 0.055326
61 0.700846 0.051991
62 0.697596 0.050254
63 0.686776 0.050139
64 0.702265 0.044541
65 0.677036 0.044978
66 0.694619 0.045496
67 0.695107 0.032012
68 0.699554 0.041709
69 0.696241 0.037483
70 0.713453 0.052335
71 0.709533 0.035481
72 0.690474 0.037877
73 0.713883 0.036359
74 0.707782 0.036520
75 0.721100 0.045611
76 0.718550 0.045787
77 0.713472 0.033037
78 0.719557 0.033621
79 0.720942 0.043836
80 0.712556 0.054353
81 0.727149 0.036384
82 0.733911 0.041028
83 0.748377 0.048279
84 0.733554 0.040539
85 0.724641 0.034220
86 0.727253 0.039425
87 0.738060 0.038023
88 0.729835 0.043013
89 0.729377 0.051164
90 0.731259 0.049517
91 0.739518 0.030885
92 0.724289 0.047702
93 0.738894 0.027967
94 0.745965 0.028581
95 0.735822 0.036330
96 0.736430 0.040612
97 0.736882 0.033981
98 0.736186 0.044554
99 0.736811 0.045037
100 0.749305 0.031598
101 0.761400 0.045960
102 0.752947 0.033063
103 0.751398 0.032069
104 0.744072 0.032295
105 0.760510 0.041664
106 0.741421 0.033587
107 0.755782 0.033366
108 0.762535 0.028649
109 0.767776 0.032173
110 0.764505 0.035545
111 0.764842 0.024326
112 0.756463 0.046644
113 0.749395 0.039264
114 0.765062 0.033748
115 0.748579 0.032710
116 0.761410 0.038663
117 0.760410 0.025844
118 0.761749 0.036540
119 0.762712 0.036177
120 0.769087 0.032698
121 0.759184 0.036504
122 0.765323 0.037302
123 0.765836 0.034110
124 0.770343 0.029631
125 0.764259 0.041279
126 0.772017 0.032004
127 0.783961 0.046433
128 0.771395 0.030579
129 0.765674 0.032507
130 0.771643 0.035857
131 0.777372 0.042709
132 0.771337 0.027785
133 0.760839 0.020734
134 0.776556 0.029466
135 0.762698 0.025435
136 0.774857 0.035450
137 0.758412 0.025037
138 0.777592 0.027932
139 0.775178 0.029154
140 0.782863 0.029519
141 0.762858 0.040100
142 0.784304 0.032417
143 0.778806 0.025132
144 0.774114 0.036876
145 0.771713 0.031897
146 0.775134 0.036269
147 0.788050 0.026809
148 0.785597 0.029834
149 0.778715 0.024493
150 0.764077 0.032566
151 0.784843 0.037105
152 0.794944 0.028567
153 0.792125 0.033960
154 0.786170 0.024229
155 0.797530 0.024219
156 0.783252 0.031019
157 0.778228 0.039405
158 0.777952 0.033523
159 0.788276 0.019368
160 0.793322 0.039586
161 0.785424 0.026711
162 0.783527 0.037448
163 0.786978 0.033837
164 0.790313 0.027270
165 0.781147 0.043403
166 0.784391 0.022825
167 0.791073 0.033128
168 0.793628 0.031034
169 0.793918 0.024590
170 0.788945 0.028499
171 0.792924 0.030171
172 0.789147 0.027357
173 0.789140 0.038793
174 0.780659 0.032881
175 0.805198 0.022646
176 0.787281 0.029604
177 0.799300 0.029483
178 0.792943 0.025608
179 0.796882 0.027551
180 0.791568 0.031361
181 0.791282 0.030821
182 0.799811 0.031476
183 0.802522 0.032195
184 0.795499 0.032959
185 0.787697 0.035744
186 0.794707 0.023639
187 0.785732 0.029896
188 0.788997 0.023124
189 0.805964 0.027210
190 0.806727 0.027710
191 0.799355 0.028080
192 0.798492 0.033078
193 0.816274 0.031959
194 0.803484 0.026695
195 0.798435 0.023521
196 0.799701 0.030386
197 0.797068 0.028836
198 0.797448 0.024971
199 0.803534 0.026625
200 0.800297 0.029409
