# MÉDIAS E ESTATÍSTICAS
# Requisição 4: [4,11]
# Modo: CONJUNTO
# ============================================================
# Load | Média | DesvioPadrão | Mínimo | Máximo | IC 95% (inferior) | IC 95% (superior)
# ============================================================
   1 | 0.00000000 | 0.00000000 | 0.00000000 | 0.00000000 | 0.00000000 | 0.00000000
   2 | 0.00000000 | 0.00000000 | 0.00000000 | 0.00000000 | 0.00000000 | 0.00000000
   3 | 0.00000000 | 0.00000000 | 0.00000000 | 0.00000000 | 0.00000000 | 0.00000000
   4 | 0.00000000 | 0.00000000 | 0.00000000 | 0.00000000 | 0.00000000 | 0.00000000
   5 | 0.00000000 | 0.00000000 | 0.00000000 | 0.00000000 | 0.00000000 | 0.00000000
   6 | 0.00000000 | 0.00000000 | 0.00000000 | 0.00000000 | 0.00000000 | 0.00000000
   7 | 0.00000000 | 0.00000000 | 0.00000000 | 0.00000000 | 0.00000000 | 0.00000000
   8 | 0.00000000 | 0.00000000 | 0.00000000 | 0.00000000 | 0.00000000 | 0.00000000
   9 | 0.00000000 | 0.00000000 | 0.00000000 | 0.00000000 | 0.00000000 | 0.00000000
  10 | 0.00000000 | 0.00000000 | 0.00000000 | 0.00000000 | 0.00000000 | 0.00000000
  11 | 0.00000000 | 0.00000000 | 0.00000000 | 0.00000000 | 0.00000000 | 0.00000000
  12 | 0.00000000 | 0.00000000 | 0.00000000 | 0.00000000 | 0.00000000 | 0.00000000
  13 | 0.00000000 | 0.00000000 | 0.00000000 | 0.00000000 | 0.00000000 | 0.00000000
  14 | 0.00000000 | 0.00000000 | 0.00000000 | 0.00000000 | 0.00000000 | 0.00000000
  15 | 0.00000000 | 0.00000000 | 0.00000000 | 0.00000000 | 0.00000000 | 0.00000000
  16 | 0.00000000 | 0.00000000 | 0.00000000 | 0.00000000 | 0.00000000 | 0.00000000
  17 | 0.00000000 | 0.00000000 | 0.00000000 | 0.00000000 | 0.00000000 | 0.00000000
  18 | 0.00000000 | 0.00000000 | 0.00000000 | 0.00000000 | 0.00000000 | 0.00000000
  19 | 0.00000000 | 0.00000000 | 0.00000000 | 0.00000000 | 0.00000000 | 0.00000000
  20 | 0.00000000 | 0.00000000 | 0.00000000 | 0.00000000 | 0.00000000 | 0.00000000
  21 | 0.00000000 | 0.00000000 | 0.00000000 | 0.00000000 | 0.00000000 | 0.00000000
  22 | 0.00000000 | 0.00000000 | 0.00000000 | 0.00000000 | 0.00000000 | 0.00000000
  23 | 0.00000000 | 0.00000000 | 0.00000000 | 0.00000000 | 0.00000000 | 0.00000000
  24 | 0.00000000 | 0.00000000 | 0.00000000 | 0.00000000 | 0.00000000 | 0.00000000
  25 | 0.00000000 | 0.00000000 | 0.00000000 | 0.00000000 | 0.00000000 | 0.00000000
  26 | 0.00000000 | 0.00000000 | 0.00000000 | 0.00000000 | 0.00000000 | 0.00000000
  27 | 0.00000000 | 0.00000000 | 0.00000000 | 0.00000000 | 0.00000000 | 0.00000000
  28 | 0.00000000 | 0.00000000 | 0.00000000 | 0.00000000 | 0.00000000 | 0.00000000
  29 | 0.00000000 | 0.00000000 | 0.00000000 | 0.00000000 | 0.00000000 | 0.00000000
  30 | 0.00000000 | 0.00000000 | 0.00000000 | 0.00000000 | 0.00000000 | 0.00000000
  31 | 0.00000000 | 0.00000000 | 0.00000000 | 0.00000000 | 0.00000000 | 0.00000000
  32 | 0.00000000 | 0.00000000 | 0.00000000 | 0.00000000 | 0.00000000 | 0.00000000
  33 | 0.00000000 | 0.00000000 | 0.00000000 | 0.00000000 | 0.00000000 | 0.00000000
  34 | 0.00000000 | 0.00000000 | 0.00000000 | 0.00000000 | 0.00000000 | 0.00000000
  35 | 0.00000000 | 0.00000000 | 0.00000000 | 0.00000000 | 0.00000000 | 0.00000000
  36 | 0.00000000 | 0.00000000 | 0.00000000 | 0.00000000 | 0.00000000 | 0.00000000
  37 | 0.00000000 | 0.00000000 | 0.00000000 | 0.00000000 | 0.00000000 | 0.00000000
  38 | 0.00000000 | 0.00000000 | 0.00000000 | 0.00000000 | 0.00000000 | 0.00000000
  39 | 0.00000000 | 0.00000000 | 0.00000000 | 0.00000000 | 0.00000000 | 0.00000000
  40 | 0.00000000 | 0.00000000 | 0.00000000 | 0.00000000 | 0.00000000 | 0.00000000
  41 | 0.00000000 | 0.00000000 | 0.00000000 | 0.00000000 | 0.00000000 | 0.00000000
  42 | 0.00000000 | 0.00000000 | 0.00000000 | 0.00000000 | 0.00000000 | 0.00000000
  43 | 0.00000000 | 0.00000000 | 0.00000000 | 0.00000000 | 0.00000000 | 0.00000000
  44 | 0.00000000 | 0.00000000 | 0.00000000 | 0.00000000 | 0.00000000 | 0.00000000
  45 | 0.00000000 | 0.00000000 | 0.00000000 | 0.00000000 | 0.00000000 | 0.00000000
  46 | 0.00000000 | 0.00000000 | 0.00000000 | 0.00000000 | 0.00000000 | 0.00000000
  47 | 0.00000000 | 0.00000000 | 0.00000000 | 0.00000000 | 0.00000000 | 0.00000000
  48 | 0.00005181 | 0.00022585 | 0.00000000 | 0.00103627 | -0.00005353 | 0.00015716
  49 | 0.00014507 | 0.00063234 | 0.00000000 | 0.00290135 | -0.00014988 | 0.00044002
  50 | 0.00000000 | 0.00000000 | 0.00000000 | 0.00000000 | 0.00000000 | 0.00000000
  51 | 0.00019097 | 0.00064261 | 0.00000000 | 0.00283019 | -0.00010878 | 0.00049071
  52 | 0.00004753 | 0.00020717 | 0.00000000 | 0.00095057 | -0.00004911 | 0.00014416
  53 | 0.00047265 | 0.00114289 | 0.00000000 | 0.00478469 | -0.00006044 | 0.00100575
  54 | 0.00008945 | 0.00038988 | 0.00000000 | 0.00178891 | -0.00009241 | 0.00027130
  55 | 0.00023000 | 0.00081812 | 0.00000000 | 0.00369004 | -0.00015161 | 0.00061160
  56 | 0.00008826 | 0.00038472 | 0.00000000 | 0.00176523 | -0.00009119 | 0.00026771
  57 | 0.00052400 | 0.00093732 | 0.00000000 | 0.00349956 | 0.00008680 | 0.00096121
  58 | 0.00034684 | 0.00096847 | 0.00000000 | 0.00435161 | -0.00010490 | 0.00079858
  59 | 0.00045882 | 0.00081557 | 0.00000000 | 0.00256410 | 0.00007841 | 0.00083924
  60 | 0.00063366 | 0.00102475 | 0.00000000 | 0.00415282 | 0.00015567 | 0.00111165
  61 | 0.00102227 | 0.00104254 | 0.00000000 | 0.00343643 | 0.00053599 | 0.00150856
  62 | 0.00104181 | 0.00111164 | 0.00000000 | 0.00407498 | 0.00052329 | 0.00156033
  63 | 0.00129668 | 0.00100941 | 0.00000000 | 0.00320256 | 0.00082584 | 0.00176751
  64 | 0.00178334 | 0.00179469 | 0.00000000 | 0.00616808 | 0.00094622 | 0.00262046
  65 | 0.00240771 | 0.00278291 | 0.00000000 | 0.00942712 | 0.00110964 | 0.00370578
  66 | 0.00405208 | 0.00256805 | 0.00076104 | 0.01071155 | 0.00285423 | 0.00524993
  67 | 0.00377659 | 0.00302550 | 0.00075529 | 0.01220442 | 0.00236537 | 0.00518781
  68 | 0.00448441 | 0.00344983 | 0.00000000 | 0.01013025 | 0.00287526 | 0.00609356
  69 | 0.00374564 | 0.00290414 | 0.00000000 | 0.01171606 | 0.00239102 | 0.00510026
  70 | 0.00644814 | 0.00372597 | 0.00069444 | 0.01510989 | 0.00471018 | 0.00818609
  71 | 0.00719313 | 0.00479053 | 0.00143575 | 0.01829268 | 0.00495861 | 0.00942764
  72 | 0.00759890 | 0.00351623 | 0.00208478 | 0.01566952 | 0.00595877 | 0.00923902
  73 | 0.00957466 | 0.00529311 | 0.00071429 | 0.02238806 | 0.00710573 | 0.01204360
  74 | 0.01164578 | 0.00583954 | 0.00189633 | 0.02400000 | 0.00892196 | 0.01436959
  75 | 0.01366231 | 0.00780841 | 0.00401875 | 0.03244275 | 0.01002013 | 0.01730450
  76 | 0.01735533 | 0.00522173 | 0.00603217 | 0.02688860 | 0.01491969 | 0.01979098
  77 | 0.01602950 | 0.00497329 | 0.00660939 | 0.02460697 | 0.01370974 | 0.01834926
  78 | 0.02140168 | 0.00608649 | 0.01174935 | 0.03152247 | 0.01856268 | 0.02424069
  79 | 0.02211788 | 0.00871901 | 0.00662691 | 0.04606061 | 0.01805095 | 0.02618481
  80 | 0.02754746 | 0.00749724 | 0.01500326 | 0.04129032 | 0.02405042 | 0.03104450
  81 | 0.02744076 | 0.00798001 | 0.01611940 | 0.04642857 | 0.02371854 | 0.03116299
  82 | 0.02967871 | 0.00700532 | 0.01332487 | 0.04790419 | 0.02641112 | 0.03294629
  83 | 0.03640153 | 0.01279062 | 0.01755486 | 0.06143944 | 0.03043543 | 0.04236764
  84 | 0.03637204 | 0.00715507 | 0.02063107 | 0.05595238 | 0.03303461 | 0.03970948
  85 | 0.04435296 | 0.00989705 | 0.02276708 | 0.05856354 | 0.03973654 | 0.04896937
  86 | 0.04658031 | 0.01094912 | 0.02634731 | 0.07959068 | 0.04147316 | 0.05168746
  87 | 0.05306935 | 0.01000538 | 0.04020979 | 0.07971014 | 0.04840241 | 0.05773630
  88 | 0.05412999 | 0.00885970 | 0.04069119 | 0.07186630 | 0.04999744 | 0.05826254
  89 | 0.05605312 | 0.01072494 | 0.03448276 | 0.08142077 | 0.05105054 | 0.06105570
  90 | 0.06165225 | 0.00686146 | 0.04643449 | 0.07420091 | 0.05845176 | 0.06485273
  91 | 0.07123419 | 0.01368947 | 0.05304299 | 0.09867374 | 0.06484882 | 0.07761955
  92 | 0.06920392 | 0.01101670 | 0.05141243 | 0.08921162 | 0.06406525 | 0.07434259
  93 | 0.08030376 | 0.01002763 | 0.06371191 | 0.09889532 | 0.07562644 | 0.08498108
  94 | 0.08932318 | 0.01282126 | 0.05425936 | 0.11088083 | 0.08334278 | 0.09530358
  95 | 0.08593156 | 0.01636300 | 0.06062232 | 0.10898760 | 0.07829914 | 0.09356398
  96 | 0.08836123 | 0.01329132 | 0.06576200 | 0.12609819 | 0.08216157 | 0.09456088
  97 | 0.10053809 | 0.01498884 | 0.07808433 | 0.13677812 | 0.09354664 | 0.10752954
  98 | 0.10588882 | 0.01505886 | 0.08012327 | 0.14250125 | 0.09886470 | 0.11291293
  99 | 0.10969540 | 0.01367367 | 0.07459572 | 0.13779528 | 0.10331740 | 0.11607340
 100 | 0.11281923 | 0.01356271 | 0.08684481 | 0.14758144 | 0.10649298 | 0.11914547
 101 | 0.11551415 | 0.01084362 | 0.10398445 | 0.14814815 | 0.11045621 | 0.12057208
 102 | 0.12419850 | 0.01283265 | 0.10492611 | 0.14644550 | 0.11821279 | 0.13018421
 103 | 0.13001627 | 0.01375786 | 0.10407240 | 0.15444390 | 0.12359900 | 0.13643354
 104 | 0.13337269 | 0.01494556 | 0.09733607 | 0.15927022 | 0.12640143 | 0.14034395
 105 | 0.14472485 | 0.01181433 | 0.11089109 | 0.16072301 | 0.13921413 | 0.15023557
 106 | 0.14650660 | 0.01850422 | 0.10139165 | 0.17580340 | 0.13787542 | 0.15513777
 107 | 0.15268747 | 0.01793088 | 0.12944523 | 0.19655333 | 0.14432372 | 0.16105121
 108 | 0.15491762 | 0.01308644 | 0.13026445 | 0.17612809 | 0.14881353 | 0.16102171
 109 | 0.16566448 | 0.01065477 | 0.15006884 | 0.18875686 | 0.16069463 | 0.17063433
 110 | 0.16376148 | 0.01656201 | 0.13404453 | 0.20326279 | 0.15603624 | 0.17148673
 111 | 0.17774597 | 0.01262569 | 0.15495495 | 0.20879630 | 0.17185680 | 0.18363515
 112 | 0.17892795 | 0.00979217 | 0.15947137 | 0.20095279 | 0.17436045 | 0.18349544
 113 | 0.18102941 | 0.01516342 | 0.15798923 | 0.20727432 | 0.17395652 | 0.18810229
 114 | 0.19284781 | 0.01517084 | 0.16444444 | 0.22058824 | 0.18577146 | 0.19992415
 115 | 0.18361366 | 0.01709216 | 0.15084295 | 0.22138365 | 0.17564113 | 0.19158619
 116 | 0.19471985 | 0.01449434 | 0.16229221 | 0.22074582 | 0.18795905 | 0.20148064
 117 | 0.20122449 | 0.01084749 | 0.18077093 | 0.21939856 | 0.19616474 | 0.20628423
 118 | 0.21152321 | 0.01158141 | 0.19517449 | 0.23755751 | 0.20612114 | 0.21692529
 119 | 0.21345906 | 0.01598960 | 0.18421053 | 0.24543189 | 0.20600082 | 0.22091731
 120 | 0.21768686 | 0.01785625 | 0.19043624 | 0.25061025 | 0.20935793 | 0.22601580
 121 | 0.22181634 | 0.01299169 | 0.19870410 | 0.25082372 | 0.21575644 | 0.22787623
 122 | 0.22563149 | 0.01409254 | 0.20034028 | 0.26042080 | 0.21905811 | 0.23220487
 123 | 0.23684292 | 0.01305627 | 0.21446384 | 0.26437733 | 0.23075290 | 0.24293293
 124 | 0.24222226 | 0.01005322 | 0.22079486 | 0.26535528 | 0.23753300 | 0.24691152
 125 | 0.24067611 | 0.01599092 | 0.21463415 | 0.26842949 | 0.23321725 | 0.24813497
 126 | 0.25206950 | 0.01019988 | 0.22738191 | 0.27317073 | 0.24731183 | 0.25682717
 127 | 0.25936301 | 0.01556247 | 0.22990291 | 0.28554958 | 0.25210399 | 0.26662203
 128 | 0.26225656 | 0.00988004 | 0.25037594 | 0.27975029 | 0.25764808 | 0.26686504
 129 | 0.26641046 | 0.01279956 | 0.24556771 | 0.28891420 | 0.26044019 | 0.27238074
 130 | 0.26653719 | 0.01041462 | 0.24133904 | 0.28327893 | 0.26167935 | 0.27139502
 131 | 0.27476170 | 0.01332087 | 0.25244236 | 0.29662921 | 0.26854826 | 0.28097514
 132 | 0.27256173 | 0.01369445 | 0.23920520 | 0.28944381 | 0.26617404 | 0.27894942
 133 | 0.28477973 | 0.01769234 | 0.25245654 | 0.33296983 | 0.27652725 | 0.29303221
 134 | 0.28984211 | 0.01188738 | 0.26719577 | 0.31172258 | 0.28429732 | 0.29538691
 135 | 0.29068378 | 0.01416228 | 0.26892950 | 0.31236203 | 0.28407787 | 0.29728969
 136 | 0.29761662 | 0.01240462 | 0.27405781 | 0.31976093 | 0.29183056 | 0.30340267
 137 | 0.30449436 | 0.01498986 | 0.28216374 | 0.34251101 | 0.29750243 | 0.31148628
 138 | 0.31177711 | 0.01269596 | 0.27696902 | 0.32640631 | 0.30585516 | 0.31769906
 139 | 0.31049947 | 0.01449010 | 0.28159240 | 0.34650997 | 0.30374065 | 0.31725829
 140 | 0.31218645 | 0.01745555 | 0.28764551 | 0.34891959 | 0.30404442 | 0.32032849
 141 | 0.32238618 | 0.01110234 | 0.30419075 | 0.34181942 | 0.31720756 | 0.32756480
 142 | 0.32472376 | 0.01571945 | 0.28863719 | 0.35022879 | 0.31739152 | 0.33205600
 143 | 0.32886549 | 0.01643800 | 0.28888889 | 0.35534591 | 0.32119808 | 0.33653289
 144 | 0.33737007 | 0.01386790 | 0.31438849 | 0.36762735 | 0.33090147 | 0.34383866
 145 | 0.33777457 | 0.01492867 | 0.31520991 | 0.37023533 | 0.33081118 | 0.34473795
 146 | 0.34375773 | 0.01448534 | 0.31548894 | 0.36597938 | 0.33700114 | 0.35051433
 147 | 0.34798859 | 0.01084329 | 0.31284530 | 0.36225008 | 0.34293080 | 0.35304638
 148 | 0.35263494 | 0.01441426 | 0.32670933 | 0.37921993 | 0.34591150 | 0.35935838
 149 | 0.35761980 | 0.01692362 | 0.32356096 | 0.38684211 | 0.34972588 | 0.36551371
 150 | 0.35197634 | 0.01046567 | 0.33355526 | 0.37294394 | 0.34709469 | 0.35685799
 151 | 0.36171469 | 0.01115796 | 0.33634236 | 0.38181818 | 0.35651012 | 0.36691925
 152 | 0.36209467 | 0.01450100 | 0.34288570 | 0.39474538 | 0.35533077 | 0.36885857
 153 | 0.37053731 | 0.01130698 | 0.34060567 | 0.38636364 | 0.36526323 | 0.37581138
 154 | 0.36444866 | 0.01259690 | 0.34141481 | 0.38738739 | 0.35857291 | 0.37032440
 155 | 0.37673276 | 0.01337620 | 0.35672891 | 0.40128000 | 0.37049352 | 0.38297201
 156 | 0.37844900 | 0.01192561 | 0.36053985 | 0.40202917 | 0.37288637 | 0.38401163
 157 | 0.38303615 | 0.00860462 | 0.36555990 | 0.39875000 | 0.37902258 | 0.38704972
 158 | 0.39027797 | 0.01913193 | 0.35310914 | 0.41744448 | 0.38135400 | 0.39920194
 159 | 0.38557958 | 0.01431063 | 0.35601419 | 0.41368388 | 0.37890448 | 0.39225469
 160 | 0.39258430 | 0.01243143 | 0.37024000 | 0.41296821 | 0.38678574 | 0.39838286
 161 | 0.39565293 | 0.01344569 | 0.37440908 | 0.42444444 | 0.38938127 | 0.40192458
 162 | 0.40008249 | 0.01204488 | 0.38021978 | 0.42269939 | 0.39446423 | 0.40570075
 163 | 0.40512381 | 0.01415351 | 0.37969231 | 0.42613463 | 0.39852199 | 0.41172563
 164 | 0.40803478 | 0.01269870 | 0.38551258 | 0.43282693 | 0.40211155 | 0.41395801
 165 | 0.40883385 | 0.01295052 | 0.38743300 | 0.43913436 | 0.40279316 | 0.41487453
 166 | 0.41464185 | 0.00754627 | 0.39856802 | 0.42815077 | 0.41112194 | 0.41816176
 167 | 0.41487694 | 0.01082453 | 0.39498525 | 0.43684517 | 0.40982791 | 0.41992598
 168 | 0.41949537 | 0.00928927 | 0.40279845 | 0.43206522 | 0.41516245 | 0.42382830
 169 | 0.42311068 | 0.01240827 | 0.39593614 | 0.44141298 | 0.41732291 | 0.42889844
 170 | 0.43028440 | 0.01131013 | 0.40311673 | 0.44644936 | 0.42500886 | 0.43555994
 171 | 0.42362262 | 0.01062438 | 0.40377247 | 0.44100467 | 0.41866695 | 0.42857830
 172 | 0.42838128 | 0.01247427 | 0.40365598 | 0.44584527 | 0.42256273 | 0.43419983
 173 | 0.44217573 | 0.00913611 | 0.42865636 | 0.46543385 | 0.43791425 | 0.44643721
 174 | 0.43739832 | 0.00986544 | 0.41784580 | 0.45418440 | 0.43279664 | 0.44200000
 175 | 0.43777732 | 0.01061197 | 0.41800835 | 0.45624817 | 0.43282743 | 0.44272721
 176 | 0.44379759 | 0.01015698 | 0.42207053 | 0.46372606 | 0.43905993 | 0.44853525
 177 | 0.45142171 | 0.00911429 | 0.43341744 | 0.46636389 | 0.44717040 | 0.45567301
 178 | 0.44695204 | 0.01145586 | 0.42703800 | 0.46897138 | 0.44160852 | 0.45229555
 179 | 0.45990600 | 0.01165447 | 0.43485523 | 0.48423673 | 0.45446984 | 0.46534215
 180 | 0.45502692 | 0.01182139 | 0.43110618 | 0.48206402 | 0.44951291 | 0.46054094
 181 | 0.46237098 | 0.01156801 | 0.43098670 | 0.48086701 | 0.45697516 | 0.46776681
 182 | 0.45869914 | 0.01150345 | 0.43552448 | 0.48052646 | 0.45333343 | 0.46406486
 183 | 0.46325561 | 0.01198106 | 0.44065903 | 0.48892989 | 0.45766712 | 0.46884410
 184 | 0.46622136 | 0.00887461 | 0.44927130 | 0.48287113 | 0.46208185 | 0.47036087
 185 | 0.46469668 | 0.00690762 | 0.45067326 | 0.47611248 | 0.46147466 | 0.46791869
 186 | 0.47715460 | 0.00917437 | 0.45967961 | 0.49253731 | 0.47287528 | 0.48143393
 187 | 0.47649522 | 0.00954147 | 0.45180559 | 0.49265477 | 0.47204466 | 0.48094578
 188 | 0.48022487 | 0.01169063 | 0.46308360 | 0.50521530 | 0.47477185 | 0.48567789
 189 | 0.47894777 | 0.01231970 | 0.46020856 | 0.50567303 | 0.47320133 | 0.48469422
 190 | 0.48148877 | 0.01425461 | 0.44927923 | 0.50103573 | 0.47483979 | 0.48813775
 191 | 0.48691664 | 0.00617719 | 0.47269353 | 0.49598342 | 0.48403533 | 0.48979795
 192 | 0.48588718 | 0.00858511 | 0.46944818 | 0.50157812 | 0.48188270 | 0.48989165
 193 | 0.49083577 | 0.01025015 | 0.47135279 | 0.50928249 | 0.48605465 | 0.49561689
 194 | 0.49102071 | 0.00668344 | 0.47865695 | 0.50244279 | 0.48790326 | 0.49413815
 195 | 0.49375314 | 0.01015419 | 0.46931408 | 0.50586735 | 0.48901678 | 0.49848950
 196 | 0.49777335 | 0.01288977 | 0.47803210 | 0.52071446 | 0.49176100 | 0.50378571
 197 | 0.50163419 | 0.01097167 | 0.47774869 | 0.51596553 | 0.49651652 | 0.50675185
 198 | 0.50125737 | 0.00813226 | 0.48778626 | 0.51552328 | 0.49746412 | 0.50505061
 199 | 0.50336158 | 0.01023883 | 0.48647282 | 0.53393439 | 0.49858574 | 0.50813742
 200 | 0.50997120 | 0.01145135 | 0.47891190 | 0.53168927 | 0.50462979 | 0.51531262
