=== YEN 2 ROTAS ALEATÓRIAS - TODAS AS REQUISIÇŐES ===

PARÂMETROS DA SIMULAÇĂO:
  Rede: NSFNet (14 nós, 21 enlaces)
  Wavelengths por enlace: 40
  Rotas consideradas: 2 (menores rotas do YEN)
  Seleçăo de rota: Aleatória entre as 2
  Alocaçăo de wavelength: First Fit
  Requisiçőes: [(0, 12), (2, 6), (5, 10), (4, 11), (3, 8)]
  Rodadas por carga: 20
  Chamadas por rodada: 1000
  Distribuiçăo: 80% das 5 requisiçőes (16% cada), 20% aleatórias
  Cargas testadas: 0 a 200

RESULTADOS POR REQUISIÇĂO (Blocking Probability):
Carga	Req[0,12]	Req[2,6]	Req[5,10]	Req[4,11]	Req[3,8]	Média Geral
0	0.000000	0.000000	0.000000	0.000000	0.000000	0.000000
1	0.000000	0.000000	0.000000	0.000000	0.000000	0.000000
2	0.000000	0.000000	0.000000	0.000000	0.000000	0.000000
3	0.000000	0.000000	0.000000	0.000000	0.000000	0.000000
4	0.000000	0.000000	0.000000	0.000000	0.000000	0.000000
5	0.000000	0.000000	0.000000	0.000000	0.000000	0.000000
6	0.000000	0.000000	0.000000	0.000000	0.000000	0.000000
7	0.000000	0.000000	0.000000	0.000000	0.000000	0.000000
8	0.000000	0.000000	0.000000	0.000000	0.000000	0.000000
9	0.000000	0.000000	0.000000	0.000000	0.000000	0.000000
10	0.000000	0.000000	0.000000	0.000000	0.000000	0.000000
11	0.000000	0.000000	0.000000	0.000000	0.000000	0.000000
12	0.000000	0.000000	0.000000	0.000000	0.000000	0.000000
13	0.000000	0.000000	0.000000	0.000000	0.000000	0.000000
14	0.000000	0.000000	0.000000	0.000000	0.000000	0.000000
15	0.000000	0.000000	0.000000	0.000000	0.000000	0.000000
16	0.000000	0.000000	0.000000	0.000000	0.000000	0.000000
17	0.000000	0.000000	0.000000	0.000000	0.000000	0.000000
18	0.000000	0.000000	0.000000	0.000000	0.000000	0.000000
19	0.000000	0.000000	0.000000	0.000000	0.000000	0.000000
20	0.000000	0.000000	0.000000	0.000000	0.000000	0.000000
21	0.000000	0.000000	0.000000	0.000000	0.000000	0.000000
22	0.000000	0.000000	0.000000	0.000000	0.000000	0.000000
23	0.000000	0.000000	0.000000	0.000000	0.000000	0.000000
24	0.000000	0.000000	0.000000	0.000000	0.000000	0.000000
25	0.000000	0.000000	0.000000	0.000000	0.000000	0.000000
26	0.000000	0.000000	0.000000	0.000000	0.000000	0.000000
27	0.000000	0.000000	0.000000	0.000000	0.000000	0.000000
28	0.000000	0.000000	0.000000	0.000000	0.000000	0.000000
29	0.000000	0.000000	0.000000	0.000000	0.000000	0.000000
30	0.000000	0.000000	0.000000	0.000000	0.000000	0.000000
31	0.000000	0.000000	0.000000	0.000000	0.000000	0.000000
32	0.000000	0.000000	0.000000	0.000000	0.000000	0.000000
33	0.000000	0.000000	0.000000	0.000000	0.000000	0.000000
34	0.000000	0.000000	0.000000	0.000000	0.000000	0.000000
35	0.000000	0.000000	0.000000	0.000000	0.000000	0.000000
36	0.000000	0.000000	0.000000	0.000000	0.000000	0.000000
37	0.000000	0.000000	0.000000	0.000000	0.000000	0.000000
38	0.000000	0.000000	0.000000	0.000000	0.000000	0.000000
39	0.000000	0.000000	0.000000	0.000000	0.000000	0.000000
40	0.000000	0.000000	0.000000	0.000000	0.000000	0.000000
41	0.000000	0.000000	0.000000	0.000000	0.000000	0.000000
42	0.000000	0.000000	0.000000	0.000000	0.000000	0.000000
43	0.000000	0.000000	0.000000	0.000000	0.000000	0.000000
44	0.000000	0.000000	0.000000	0.000000	0.000000	0.000000
45	0.000000	0.000000	0.000000	0.000000	0.000000	0.000000
46	0.000000	0.000000	0.000000	0.000000	0.000000	0.000000
47	0.000000	0.000000	0.000000	0.000000	0.000000	0.000000
48	0.000000	0.000000	0.000000	0.000000	0.000000	0.000000
49	0.000000	0.000000	0.000000	0.000000	0.000000	0.000000
50	0.000000	0.000000	0.000000	0.000000	0.000000	0.000000
51	0.000000	0.000000	0.000000	0.000000	0.000000	0.000000
52	0.000000	0.000000	0.000000	0.000000	0.000000	0.000000
53	0.000000	0.000000	0.000000	0.000000	0.000000	0.000000
54	0.000000	0.000000	0.000000	0.000000	0.000000	0.000000
55	0.000000	0.000000	0.000000	0.000000	0.000000	0.000000
56	0.000000	0.000000	0.000000	0.000000	0.000000	0.000000
57	0.000000	0.000000	0.000000	0.000000	0.000000	0.000000
58	0.000000	0.000000	0.000000	0.000000	0.000000	0.000000
59	0.000000	0.000000	0.000000	0.000000	0.000000	0.000000
60	0.000000	0.000000	0.000000	0.000000	0.000000	0.000000
61	0.000000	0.000000	0.000000	0.000000	0.000000	0.000000
62	0.000000	0.000000	0.000000	0.000000	0.000000	0.000000
63	0.000000	0.000000	0.000000	0.000000	0.000000	0.000000
64	0.000000	0.000000	0.000000	0.000000	0.000000	0.000000
65	0.000000	0.000000	0.000000	0.000000	0.000000	0.000000
66	0.000000	0.000000	0.000000	0.000000	0.000000	0.000000
67	0.000000	0.000000	0.000000	0.000000	0.000000	0.000000
68	0.000000	0.000000	0.000000	0.000000	0.000000	0.000000
69	0.000000	0.000000	0.000000	0.000000	0.000000	0.000000
70	0.000000	0.000000	0.000000	0.000000	0.000000	0.000000
71	0.000000	0.000000	0.000000	0.000000	0.000000	0.000000
72	0.000000	0.000000	0.000000	0.000000	0.000000	0.000000
73	0.000000	0.000000	0.000000	0.000000	0.000000	0.000000
74	0.000000	0.000000	0.000000	0.000000	0.000000	0.000000
75	0.000000	0.000000	0.000000	0.000000	0.000000	0.000000
76	0.000000	0.000000	0.000000	0.000000	0.000000	0.000000
77	0.000000	0.000000	0.000000	0.000000	0.005650	0.001130
78	0.000000	0.000000	0.000000	0.000000	0.000000	0.000000
79	0.000000	0.000000	0.000000	0.000000	0.000000	0.000000
80	0.012422	0.000000	0.006897	0.011905	0.000000	0.006245
81	0.025806	0.000000	0.012121	0.012903	0.000000	0.010166
82	0.000000	0.000000	0.000000	0.000000	0.000000	0.000000
83	0.022222	0.013699	0.000000	0.000000	0.021858	0.011556
84	0.000000	0.000000	0.006211	0.000000	0.000000	0.001242
85	0.012739	0.000000	0.019231	0.011976	0.018405	0.012470
86	0.006849	0.029240	0.012987	0.006536	0.011628	0.013448
87	0.012658	0.012579	0.010363	0.000000	0.000000	0.007120
88	0.024540	0.000000	0.000000	0.000000	0.005917	0.006091
89	0.000000	0.000000	0.024242	0.013333	0.017341	0.010983
90	0.005525	0.005848	0.015504	0.020408	0.018405	0.013138
91	0.000000	0.000000	0.012658	0.005587	0.000000	0.003649
92	0.033898	0.038462	0.018634	0.013158	0.013423	0.023515
93	0.000000	0.024242	0.006944	0.006849	0.000000	0.007607
94	0.037037	0.031847	0.012739	0.024242	0.049296	0.031032
95	0.045977	0.038674	0.030303	0.000000	0.028736	0.028738
96	0.016129	0.040230	0.050955	0.036364	0.053571	0.039450
97	0.079470	0.000000	0.036364	0.040462	0.006897	0.032639
98	0.053892	0.026667	0.054545	0.018868	0.041176	0.039030
99	0.030303	0.057692	0.023810	0.046512	0.064748	0.044613
100	0.063291	0.048485	0.054217	0.007143	0.035714	0.041770
101	0.000000	0.020690	0.086957	0.068750	0.044199	0.044119
102	0.141104	0.054878	0.026316	0.006993	0.044872	0.054833
103	0.084337	0.077381	0.030120	0.037975	0.081761	0.062315
104	0.055556	0.048780	0.085227	0.087719	0.104938	0.076444
105	0.155280	0.118421	0.046784	0.089172	0.113514	0.104634
106	0.126437	0.046980	0.066667	0.045977	0.063584	0.069929
107	0.081081	0.053571	0.028369	0.069182	0.065476	0.059536
108	0.075342	0.093168	0.066667	0.050000	0.092593	0.075554
109	0.065476	0.040000	0.052632	0.024540	0.056962	0.047922
110	0.214689	0.029412	0.062069	0.037975	0.098684	0.088566
111	0.151899	0.062893	0.078431	0.052326	0.063694	0.081849
112	0.144654	0.060241	0.076923	0.067797	0.138365	0.097596
113	0.169231	0.046358	0.029412	0.028409	0.065359	0.067754
114	0.112583	0.100592	0.039773	0.034965	0.100629	0.077708
115	0.146667	0.145570	0.024845	0.050000	0.075145	0.088445
116	0.132184	0.073333	0.092593	0.069182	0.146667	0.102792
117	0.146497	0.119718	0.133005	0.130682	0.084967	0.122974
118	0.177632	0.061728	0.073446	0.064516	0.096591	0.094783
119	0.165644	0.163636	0.063291	0.069767	0.182432	0.128954
120	0.256410	0.062937	0.088757	0.114458	0.129630	0.130438
121	0.102190	0.136364	0.076923	0.093567	0.108280	0.103465
122	0.163522	0.073620	0.076433	0.089172	0.152047	0.110959
123	0.233129	0.086667	0.116959	0.156863	0.097561	0.138236
124	0.304348	0.120567	0.130952	0.096970	0.130137	0.156595
125	0.248649	0.131250	0.145695	0.146853	0.150327	0.164555
126	0.177143	0.100000	0.121212	0.084416	0.150943	0.126743
127	0.243590	0.151316	0.109677	0.043210	0.151515	0.139862
128	0.156627	0.129252	0.111111	0.127389	0.186441	0.142164
129	0.230216	0.101124	0.088050	0.082353	0.160256	0.132400
130	0.210843	0.166667	0.134228	0.120253	0.149351	0.156268
131	0.286624	0.183432	0.125749	0.154412	0.220430	0.194129
132	0.282209	0.124138	0.135802	0.148387	0.182353	0.174578
133	0.255814	0.128205	0.117284	0.137255	0.171053	0.161922
134	0.309524	0.149701	0.111111	0.103448	0.193333	0.173423
135	0.263158	0.152318	0.145695	0.219895	0.203947	0.197003
136	0.220000	0.094595	0.215054	0.121795	0.192547	0.168798
137	0.254658	0.165563	0.145985	0.155280	0.223464	0.188990
138	0.317919	0.176471	0.174699	0.094203	0.233333	0.199325
139	0.259740	0.147059	0.151724	0.141975	0.164634	0.173027
140	0.304054	0.125000	0.174825	0.131148	0.181818	0.183369
141	0.276471	0.193939	0.161290	0.086331	0.195266	0.182660
142	0.314607	0.225434	0.182390	0.150327	0.172932	0.209138
143	0.276316	0.184713	0.187135	0.208861	0.204969	0.212399
144	0.303226	0.167742	0.171233	0.172222	0.190184	0.200921
145	0.348993	0.198718	0.133758	0.129870	0.247126	0.211693
146	0.277778	0.218579	0.139860	0.152318	0.205128	0.198733
147	0.270440	0.219355	0.204225	0.197802	0.253012	0.228967
148	0.325153	0.164634	0.213415	0.164474	0.258278	0.225191
149	0.364780	0.260606	0.189873	0.145570	0.233333	0.238832
150	0.363636	0.260870	0.153285	0.169811	0.257485	0.241017
151	0.317073	0.213235	0.213415	0.155844	0.180124	0.215938
152	0.347826	0.181818	0.206061	0.170886	0.254335	0.232185
153	0.375691	0.208589	0.174497	0.192053	0.290909	0.248348
154	0.378205	0.250000	0.243750	0.204082	0.204225	0.256052
155	0.431818	0.260563	0.218935	0.150327	0.298780	0.272085
156	0.385965	0.205128	0.224852	0.185897	0.230216	0.246412
157	0.333333	0.191860	0.238710	0.231707	0.327586	0.264639
158	0.361582	0.280000	0.220126	0.260274	0.371069	0.298610
159	0.407186	0.248322	0.291209	0.306748	0.287671	0.308227
160	0.402235	0.230769	0.235294	0.142857	0.324503	0.267132
161	0.400000	0.291667	0.264516	0.183544	0.289017	0.285749
162	0.445714	0.233918	0.186207	0.224490	0.319018	0.281870
163	0.353741	0.236111	0.251497	0.265537	0.318182	0.285014
164	0.398844	0.311765	0.227273	0.239726	0.337662	0.303054
165	0.363014	0.198718	0.245810	0.227848	0.322785	0.271635
166	0.463415	0.227848	0.317568	0.239521	0.372093	0.324089
167	0.415584	0.259259	0.227545	0.244048	0.290780	0.287443
168	0.421053	0.222222	0.268293	0.272727	0.356322	0.308123
169	0.414634	0.256250	0.205128	0.266667	0.322581	0.293052
170	0.386503	0.224359	0.234483	0.210526	0.360000	0.283174
171	0.462585	0.270115	0.238889	0.276596	0.319277	0.313492
172	0.429530	0.260606	0.298780	0.294118	0.287770	0.314161
173	0.409722	0.301775	0.319018	0.225610	0.362500	0.323725
174	0.478261	0.306250	0.235294	0.287671	0.337349	0.328965
175	0.435065	0.245283	0.285714	0.214724	0.347826	0.305722
176	0.394737	0.286550	0.251462	0.353293	0.324138	0.322036
177	0.467066	0.278481	0.221429	0.293785	0.348993	0.321951
178	0.493750	0.286517	0.240964	0.322981	0.369427	0.342728
179	0.448485	0.254335	0.221519	0.243056	0.421965	0.317872
180	0.503145	0.303797	0.313609	0.287500	0.374194	0.356449
181	0.449664	0.226667	0.292818	0.277457	0.339506	0.317222
182	0.490323	0.243750	0.286585	0.225806	0.419355	0.333164
183	0.493333	0.362573	0.337580	0.293333	0.357576	0.368879
184	0.445860	0.261146	0.316770	0.396450	0.402367	0.364519
185	0.476190	0.346154	0.237410	0.352941	0.389222	0.360383
186	0.490323	0.248366	0.331288	0.302158	0.353591	0.345145
187	0.496970	0.250000	0.232877	0.318182	0.419540	0.343514
188	0.458065	0.245161	0.306358	0.319018	0.367742	0.339269
189	0.520958	0.259494	0.270115	0.261745	0.402597	0.342982
190	0.459302	0.283019	0.383117	0.341176	0.428571	0.379037
191	0.515723	0.219355	0.239726	0.281437	0.391304	0.329509
192	0.500000	0.277778	0.322034	0.302013	0.457831	0.371931
193	0.421053	0.248366	0.307229	0.326923	0.459119	0.352538
194	0.523490	0.310345	0.316129	0.344156	0.429319	0.384688
195	0.521739	0.304054	0.326923	0.301676	0.345455	0.359969
196	0.487179	0.253247	0.353659	0.382022	0.393750	0.373971
197	0.520000	0.322581	0.393939	0.385542	0.400000	0.404412
198	0.554945	0.344156	0.306122	0.312500	0.365385	0.376622
199	0.514493	0.296970	0.409836	0.329545	0.442177	0.398604
200	0.559524	0.301282	0.341772	0.316456	0.436709	0.391149

=== ESTATÍSTICAS GERAIS (Cargas 1-200) ===

MÉDIAS POR REQUISIÇĂO:
  [0,12]: 0.166279 (16.6279%)
  [2,6]: 0.098582 (9.8582%)
  [5,10]: 0.098204 (9.8204%)
  [4,11]: 0.095241 (9.5241%)
  [3,8]: 0.127084 (12.7084%)

MÉDIA GERAL: 0.117078 (11.7078%)
MÁXIMO GERAL: 0.559524 (55.9524%)
MÍNIMO GERAL: 0.000000 (0.0000%)
DESVIO PADRĂO GERAL: 0.142558
