# MÉDIAS E ESTATÍSTICAS
# Requisição 2: [2,5]
# Modo: CONJUNTO
# ============================================================
# Load | Média | DesvioPadrão | Mínimo | Máximo | IC 95% (inferior) | IC 95% (superior)
# ============================================================
   1 | 0.00000000 | 0.00000000 | 0.00000000 | 0.00000000 | 0.00000000 | 0.00000000
   2 | 0.00000000 | 0.00000000 | 0.00000000 | 0.00000000 | 0.00000000 | 0.00000000
   3 | 0.00000000 | 0.00000000 | 0.00000000 | 0.00000000 | 0.00000000 | 0.00000000
   4 | 0.00000000 | 0.00000000 | 0.00000000 | 0.00000000 | 0.00000000 | 0.00000000
   5 | 0.00000000 | 0.00000000 | 0.00000000 | 0.00000000 | 0.00000000 | 0.00000000
   6 | 0.00000000 | 0.00000000 | 0.00000000 | 0.00000000 | 0.00000000 | 0.00000000
   7 | 0.00000000 | 0.00000000 | 0.00000000 | 0.00000000 | 0.00000000 | 0.00000000
   8 | 0.00000000 | 0.00000000 | 0.00000000 | 0.00000000 | 0.00000000 | 0.00000000
   9 | 0.00000000 | 0.00000000 | 0.00000000 | 0.00000000 | 0.00000000 | 0.00000000
  10 | 0.00000000 | 0.00000000 | 0.00000000 | 0.00000000 | 0.00000000 | 0.00000000
  11 | 0.00000000 | 0.00000000 | 0.00000000 | 0.00000000 | 0.00000000 | 0.00000000
  12 | 0.00000000 | 0.00000000 | 0.00000000 | 0.00000000 | 0.00000000 | 0.00000000
  13 | 0.00000000 | 0.00000000 | 0.00000000 | 0.00000000 | 0.00000000 | 0.00000000
  14 | 0.00000000 | 0.00000000 | 0.00000000 | 0.00000000 | 0.00000000 | 0.00000000
  15 | 0.00000000 | 0.00000000 | 0.00000000 | 0.00000000 | 0.00000000 | 0.00000000
  16 | 0.00000000 | 0.00000000 | 0.00000000 | 0.00000000 | 0.00000000 | 0.00000000
  17 | 0.00000000 | 0.00000000 | 0.00000000 | 0.00000000 | 0.00000000 | 0.00000000
  18 | 0.00000000 | 0.00000000 | 0.00000000 | 0.00000000 | 0.00000000 | 0.00000000
  19 | 0.00000000 | 0.00000000 | 0.00000000 | 0.00000000 | 0.00000000 | 0.00000000
  20 | 0.00000000 | 0.00000000 | 0.00000000 | 0.00000000 | 0.00000000 | 0.00000000
  21 | 0.00000000 | 0.00000000 | 0.00000000 | 0.00000000 | 0.00000000 | 0.00000000
  22 | 0.00000000 | 0.00000000 | 0.00000000 | 0.00000000 | 0.00000000 | 0.00000000
  23 | 0.00000000 | 0.00000000 | 0.00000000 | 0.00000000 | 0.00000000 | 0.00000000
  24 | 0.00000000 | 0.00000000 | 0.00000000 | 0.00000000 | 0.00000000 | 0.00000000
  25 | 0.00000000 | 0.00000000 | 0.00000000 | 0.00000000 | 0.00000000 | 0.00000000
  26 | 0.00000000 | 0.00000000 | 0.00000000 | 0.00000000 | 0.00000000 | 0.00000000
  27 | 0.00000000 | 0.00000000 | 0.00000000 | 0.00000000 | 0.00000000 | 0.00000000
  28 | 0.00000000 | 0.00000000 | 0.00000000 | 0.00000000 | 0.00000000 | 0.00000000
  29 | 0.00000000 | 0.00000000 | 0.00000000 | 0.00000000 | 0.00000000 | 0.00000000
  30 | 0.00000000 | 0.00000000 | 0.00000000 | 0.00000000 | 0.00000000 | 0.00000000
  31 | 0.00000000 | 0.00000000 | 0.00000000 | 0.00000000 | 0.00000000 | 0.00000000
  32 | 0.00000000 | 0.00000000 | 0.00000000 | 0.00000000 | 0.00000000 | 0.00000000
  33 | 0.00000000 | 0.00000000 | 0.00000000 | 0.00000000 | 0.00000000 | 0.00000000
  34 | 0.00000000 | 0.00000000 | 0.00000000 | 0.00000000 | 0.00000000 | 0.00000000
  35 | 0.00000000 | 0.00000000 | 0.00000000 | 0.00000000 | 0.00000000 | 0.00000000
  36 | 0.00006775 | 0.00029532 | 0.00000000 | 0.00135501 | -0.00007000 | 0.00020550
  37 | 0.00060895 | 0.00184924 | 0.00000000 | 0.00817439 | -0.00025362 | 0.00147151
  38 | 0.00025999 | 0.00066294 | 0.00000000 | 0.00260078 | -0.00004923 | 0.00056922
  39 | 0.00051056 | 0.00085017 | 0.00000000 | 0.00260756 | 0.00011400 | 0.00090711
  40 | 0.00184766 | 0.00292912 | 0.00000000 | 0.00973236 | 0.00048139 | 0.00321393
  41 | 0.00178146 | 0.00196731 | 0.00000000 | 0.00514139 | 0.00086382 | 0.00269910
  42 | 0.00188777 | 0.00241432 | 0.00000000 | 0.01010101 | 0.00076162 | 0.00301391
  43 | 0.00315084 | 0.00279370 | 0.00000000 | 0.00935673 | 0.00184774 | 0.00445394
  44 | 0.00456397 | 0.00350117 | 0.00000000 | 0.01253918 | 0.00293087 | 0.00619707
  45 | 0.00460851 | 0.00320314 | 0.00000000 | 0.01072961 | 0.00311443 | 0.00610260
  46 | 0.00888143 | 0.00549770 | 0.00000000 | 0.02190581 | 0.00631706 | 0.01144580
  47 | 0.00874471 | 0.00549676 | 0.00111732 | 0.02111932 | 0.00618078 | 0.01130864
  48 | 0.01277182 | 0.00706197 | 0.00207254 | 0.02409639 | 0.00947781 | 0.01606583
  49 | 0.01671639 | 0.00711144 | 0.00601202 | 0.03100775 | 0.01339931 | 0.02003348
  50 | 0.01840578 | 0.00849599 | 0.00103093 | 0.03461538 | 0.01444288 | 0.02236868
  51 | 0.02421629 | 0.00813005 | 0.00778210 | 0.04089581 | 0.02042409 | 0.02800850
  52 | 0.02574506 | 0.00895019 | 0.00939850 | 0.04580897 | 0.02157029 | 0.02991982
  53 | 0.03500370 | 0.01158771 | 0.01528176 | 0.07083717 | 0.02959868 | 0.04040871
  54 | 0.03940646 | 0.00684790 | 0.02665441 | 0.05640535 | 0.03621230 | 0.04260062
  55 | 0.05004930 | 0.00950068 | 0.03293687 | 0.06776716 | 0.04561777 | 0.05448083
  56 | 0.05618430 | 0.01146716 | 0.02733270 | 0.08227848 | 0.05083551 | 0.06153308
  57 | 0.06389556 | 0.01698794 | 0.03548086 | 0.09955157 | 0.05597164 | 0.07181948
  58 | 0.07759686 | 0.01497124 | 0.05393457 | 0.10717300 | 0.07061361 | 0.08458010
  59 | 0.08181716 | 0.01370462 | 0.06104901 | 0.11184211 | 0.07542473 | 0.08820960
  60 | 0.09550821 | 0.01750109 | 0.06432749 | 0.12777778 | 0.08734494 | 0.10367149
  61 | 0.10953556 | 0.01768108 | 0.08188586 | 0.14698984 | 0.10128833 | 0.11778279
  62 | 0.11537103 | 0.02074797 | 0.08117752 | 0.15336948 | 0.10569327 | 0.12504879
  63 | 0.13547195 | 0.01409592 | 0.11075182 | 0.16455696 | 0.12889699 | 0.14204690
  64 | 0.13878392 | 0.01806648 | 0.09721116 | 0.16890292 | 0.13035692 | 0.14721091
  65 | 0.15324131 | 0.01786323 | 0.11760125 | 0.19000000 | 0.14490912 | 0.16157351
  66 | 0.16612040 | 0.01665011 | 0.13833076 | 0.20119225 | 0.15835406 | 0.17388674
  67 | 0.18108163 | 0.01786936 | 0.14498433 | 0.20865533 | 0.17274658 | 0.18941668
  68 | 0.19559158 | 0.01888527 | 0.16044776 | 0.22927558 | 0.18678266 | 0.20440049
  69 | 0.20440331 | 0.02253990 | 0.15101427 | 0.24365482 | 0.19388972 | 0.21491691
  70 | 0.22004418 | 0.01712948 | 0.19517241 | 0.26416382 | 0.21205424 | 0.22803412
  71 | 0.22752500 | 0.02533736 | 0.17726253 | 0.29750347 | 0.21570655 | 0.23934345
  72 | 0.24327130 | 0.01833257 | 0.20694444 | 0.26643110 | 0.23472019 | 0.25182242
  73 | 0.25574062 | 0.01769777 | 0.22905759 | 0.29335912 | 0.24748560 | 0.26399563
  74 | 0.26654817 | 0.01685562 | 0.24236517 | 0.30171278 | 0.25868597 | 0.27441037
  75 | 0.27749362 | 0.02415804 | 0.22955145 | 0.32211221 | 0.26622525 | 0.28876198
  76 | 0.28877869 | 0.01692208 | 0.26141954 | 0.31530945 | 0.28088549 | 0.29667189
  77 | 0.30471188 | 0.02008056 | 0.26671123 | 0.34029650 | 0.29534543 | 0.31407834
  78 | 0.31543920 | 0.01748908 | 0.27737226 | 0.34478451 | 0.30728153 | 0.32359687
  79 | 0.31827435 | 0.02126295 | 0.27572816 | 0.34833539 | 0.30835638 | 0.32819232
  80 | 0.33196155 | 0.01779101 | 0.29329073 | 0.36174126 | 0.32366305 | 0.34026006
  81 | 0.34418755 | 0.01132073 | 0.31951531 | 0.36943069 | 0.33890707 | 0.34946804
  82 | 0.35562999 | 0.01786954 | 0.33138781 | 0.39037123 | 0.34729485 | 0.36396513
  83 | 0.36531645 | 0.01996449 | 0.33212560 | 0.40486322 | 0.35600413 | 0.37462876
  84 | 0.37908171 | 0.01790158 | 0.34744707 | 0.41601445 | 0.37073163 | 0.38743179
  85 | 0.39338456 | 0.01861655 | 0.35508524 | 0.42526690 | 0.38470099 | 0.40206814
  86 | 0.40030415 | 0.01310681 | 0.37210682 | 0.42766935 | 0.39419056 | 0.40641774
  87 | 0.40248928 | 0.01621429 | 0.37732657 | 0.44160178 | 0.39492622 | 0.41005233
  88 | 0.41773840 | 0.01680625 | 0.39154311 | 0.44944444 | 0.40989923 | 0.42557757
  89 | 0.42975416 | 0.01102435 | 0.40218015 | 0.45134228 | 0.42461192 | 0.43489640
  90 | 0.43403826 | 0.02029347 | 0.40389016 | 0.46781116 | 0.42457250 | 0.44350403
  91 | 0.44716301 | 0.01909128 | 0.40299335 | 0.47793727 | 0.43825800 | 0.45606802
  92 | 0.45423094 | 0.01278668 | 0.43422520 | 0.47787144 | 0.44826667 | 0.46019521
  93 | 0.45864237 | 0.01897650 | 0.40492170 | 0.49188312 | 0.44979090 | 0.46749384
  94 | 0.46506025 | 0.01656138 | 0.43265531 | 0.50730689 | 0.45733530 | 0.47278520
  95 | 0.47309274 | 0.01509323 | 0.44426581 | 0.49613203 | 0.46605260 | 0.48013289
  96 | 0.48451097 | 0.01684390 | 0.44800000 | 0.51776385 | 0.47665424 | 0.49236770
  97 | 0.49684596 | 0.01535047 | 0.46725116 | 0.52679474 | 0.48968583 | 0.50400609
  98 | 0.48660064 | 0.01635762 | 0.45910687 | 0.52016129 | 0.47897073 | 0.49423055
  99 | 0.49842457 | 0.01284161 | 0.46917450 | 0.52605703 | 0.49243468 | 0.50441446
 100 | 0.50267045 | 0.01883424 | 0.46340179 | 0.54673123 | 0.49388534 | 0.51145556
 101 | 0.51968894 | 0.01447631 | 0.47567288 | 0.53576714 | 0.51293656 | 0.52644133
 102 | 0.52309334 | 0.01314110 | 0.50152130 | 0.54462132 | 0.51696376 | 0.52922293
 103 | 0.52374234 | 0.01205907 | 0.50291545 | 0.54295533 | 0.51811746 | 0.52936722
 104 | 0.53137747 | 0.01339483 | 0.50364609 | 0.55598086 | 0.52512954 | 0.53762540
 105 | 0.54395668 | 0.01114974 | 0.52157421 | 0.56319703 | 0.53875595 | 0.54915741
 106 | 0.54296909 | 0.01762302 | 0.50297030 | 0.56975106 | 0.53474895 | 0.55118924
 107 | 0.54744672 | 0.01262529 | 0.50598670 | 0.56923077 | 0.54155773 | 0.55333570
 108 | 0.55268078 | 0.01388085 | 0.52162039 | 0.57483146 | 0.54620615 | 0.55915542
 109 | 0.56289215 | 0.01739261 | 0.53603391 | 0.59416325 | 0.55477948 | 0.57100482
 110 | 0.56363443 | 0.01809365 | 0.52344860 | 0.59322034 | 0.55519476 | 0.57207409
 111 | 0.57129371 | 0.01590199 | 0.54162936 | 0.59991079 | 0.56387632 | 0.57871109
 112 | 0.57196532 | 0.01327582 | 0.54632588 | 0.59955850 | 0.56577290 | 0.57815774
 113 | 0.57898332 | 0.01313290 | 0.55273698 | 0.60771565 | 0.57285756 | 0.58510908
 114 | 0.58600977 | 0.01610079 | 0.55288889 | 0.60867621 | 0.57849966 | 0.59351989
 115 | 0.59583394 | 0.00765883 | 0.58272766 | 0.60964164 | 0.59226153 | 0.59940636
 116 | 0.58987622 | 0.01507846 | 0.55516790 | 0.61255874 | 0.58284297 | 0.59690948
 117 | 0.59627008 | 0.01564256 | 0.55715532 | 0.62974009 | 0.58897370 | 0.60356645
 118 | 0.59563661 | 0.01595490 | 0.56313242 | 0.62232883 | 0.58819455 | 0.60307867
 119 | 0.60795619 | 0.01016184 | 0.58019467 | 0.62778011 | 0.60321626 | 0.61269612
 120 | 0.61223691 | 0.01214303 | 0.59279430 | 0.64270702 | 0.60657286 | 0.61790095
 121 | 0.61990340 | 0.01465000 | 0.59867604 | 0.64974420 | 0.61307000 | 0.62673680
 122 | 0.61530832 | 0.01037782 | 0.59780220 | 0.63498738 | 0.61046765 | 0.62014899
 123 | 0.61964415 | 0.01391126 | 0.59154334 | 0.64668519 | 0.61315533 | 0.62613297
 124 | 0.62679569 | 0.01204890 | 0.60814046 | 0.64885194 | 0.62117556 | 0.63241583
 125 | 0.63326428 | 0.01207909 | 0.61188119 | 0.65924789 | 0.62763007 | 0.63889850
 126 | 0.63211099 | 0.01384616 | 0.60899514 | 0.65593961 | 0.62565254 | 0.63856944
 127 | 0.63752530 | 0.01208326 | 0.61870504 | 0.66068643 | 0.63188914 | 0.64316146
 128 | 0.64426458 | 0.01371999 | 0.62068966 | 0.68025078 | 0.63786497 | 0.65066418
 129 | 0.64242577 | 0.01369933 | 0.62092756 | 0.67237443 | 0.63603580 | 0.64881574
 130 | 0.64298785 | 0.01012404 | 0.61938257 | 0.66219839 | 0.63826556 | 0.64771015
 131 | 0.64453234 | 0.00833382 | 0.62675789 | 0.65826120 | 0.64064508 | 0.64841960
 132 | 0.65147633 | 0.01275237 | 0.62361905 | 0.67620890 | 0.64552807 | 0.65742460
 133 | 0.65649945 | 0.01009074 | 0.63713080 | 0.67301829 | 0.65179269 | 0.66120622
 134 | 0.65698521 | 0.01396465 | 0.62086701 | 0.67491688 | 0.65047148 | 0.66349894
 135 | 0.66024181 | 0.00986838 | 0.63944817 | 0.67473414 | 0.65563876 | 0.66484485
 136 | 0.66824750 | 0.01267722 | 0.64633261 | 0.69395924 | 0.66233429 | 0.67416071
 137 | 0.66664208 | 0.00907583 | 0.65045045 | 0.68311127 | 0.66240872 | 0.67087544
 138 | 0.67128251 | 0.00826639 | 0.65306122 | 0.68796160 | 0.66742670 | 0.67513832
 139 | 0.67149498 | 0.01189415 | 0.64751498 | 0.69143666 | 0.66594702 | 0.67704293
 140 | 0.67748447 | 0.01441461 | 0.64671745 | 0.71981004 | 0.67076086 | 0.68420808
 141 | 0.67664009 | 0.01274261 | 0.64862033 | 0.70906631 | 0.67069638 | 0.68258379
 142 | 0.68152616 | 0.01143390 | 0.65975697 | 0.70375522 | 0.67619289 | 0.68685943
 143 | 0.67767785 | 0.00935139 | 0.65737191 | 0.69368083 | 0.67331595 | 0.68203975
 144 | 0.68421486 | 0.01059112 | 0.66632514 | 0.70298770 | 0.67927469 | 0.68915502
 145 | 0.68657942 | 0.01080257 | 0.66952937 | 0.70933056 | 0.68154063 | 0.69161821
 146 | 0.68305805 | 0.00930901 | 0.65871122 | 0.69771529 | 0.67871592 | 0.68740017
 147 | 0.69236049 | 0.01596800 | 0.66769547 | 0.71771772 | 0.68491231 | 0.69980866
 148 | 0.69428342 | 0.01150021 | 0.66780471 | 0.71348129 | 0.68891922 | 0.69964762
 149 | 0.69634113 | 0.01113938 | 0.67350370 | 0.71113275 | 0.69114523 | 0.70153702
 150 | 0.70101397 | 0.00864029 | 0.68198971 | 0.71772069 | 0.69698376 | 0.70504418
 151 | 0.70119704 | 0.01141868 | 0.68314452 | 0.72390797 | 0.69587087 | 0.70652321
 152 | 0.70834465 | 0.00943721 | 0.69310793 | 0.72392234 | 0.70394272 | 0.71274657
 153 | 0.70801511 | 0.01058210 | 0.68048700 | 0.73509507 | 0.70307916 | 0.71295107
 154 | 0.70076192 | 0.01230406 | 0.68113629 | 0.72499175 | 0.69502277 | 0.70650107
 155 | 0.71175702 | 0.01116288 | 0.69781631 | 0.74036317 | 0.70655016 | 0.71696388
 156 | 0.71525410 | 0.00976559 | 0.69869281 | 0.73799938 | 0.71069900 | 0.71980920
 157 | 0.71448475 | 0.01125251 | 0.68890357 | 0.73715726 | 0.70923609 | 0.71973341
 158 | 0.71312954 | 0.01137913 | 0.68293471 | 0.73762220 | 0.70782182 | 0.71843727
 159 | 0.71744595 | 0.01166320 | 0.69665810 | 0.73860837 | 0.71200573 | 0.72288618
 160 | 0.72102071 | 0.01282129 | 0.69828927 | 0.75161191 | 0.71504030 | 0.72700112
 161 | 0.72133271 | 0.00909459 | 0.69783734 | 0.73999370 | 0.71709060 | 0.72557482
 162 | 0.72607957 | 0.00705885 | 0.71065675 | 0.74007759 | 0.72278702 | 0.72937213
 163 | 0.72510110 | 0.00966249 | 0.70991432 | 0.74439324 | 0.72059410 | 0.72960811
 164 | 0.72964970 | 0.01121444 | 0.69865526 | 0.74947241 | 0.72441879 | 0.73488060
 165 | 0.73018396 | 0.01117392 | 0.70027838 | 0.75589376 | 0.72497195 | 0.73539596
 166 | 0.73412923 | 0.01078513 | 0.71516456 | 0.75168969 | 0.72909857 | 0.73915988
 167 | 0.73325509 | 0.01077853 | 0.71487240 | 0.75073833 | 0.72822751 | 0.73828267
 168 | 0.73433719 | 0.01086350 | 0.71493763 | 0.75686043 | 0.72926998 | 0.73940440
 169 | 0.73685245 | 0.01256095 | 0.71490148 | 0.76410106 | 0.73099347 | 0.74271143
 170 | 0.74006483 | 0.01016188 | 0.71403038 | 0.76556332 | 0.73532488 | 0.74480478
 171 | 0.74071986 | 0.00574700 | 0.73017293 | 0.75059382 | 0.73803921 | 0.74340051
 172 | 0.73715716 | 0.00811458 | 0.72105263 | 0.75230947 | 0.73337216 | 0.74094215
 173 | 0.74083158 | 0.00954928 | 0.71457845 | 0.75717243 | 0.73637738 | 0.74528579
 174 | 0.74370433 | 0.00871710 | 0.72952218 | 0.75978598 | 0.73963830 | 0.74777037
 175 | 0.74542144 | 0.00871186 | 0.73092142 | 0.76403207 | 0.74135785 | 0.74948503
 176 | 0.74680997 | 0.00918181 | 0.72877095 | 0.76495605 | 0.74252717 | 0.75109277
 177 | 0.75065914 | 0.01121293 | 0.72981878 | 0.78405594 | 0.74542893 | 0.75588934
 178 | 0.75779525 | 0.01003332 | 0.73857508 | 0.77706113 | 0.75311527 | 0.76247523
 179 | 0.75334452 | 0.00814469 | 0.73752834 | 0.77163395 | 0.74954548 | 0.75714356
 180 | 0.75371472 | 0.00712660 | 0.73475874 | 0.76598755 | 0.75039056 | 0.75703888
 181 | 0.75447998 | 0.00800262 | 0.73540095 | 0.76780272 | 0.75074721 | 0.75821275
 182 | 0.75870891 | 0.00839650 | 0.74571990 | 0.77598909 | 0.75479241 | 0.76262540
 183 | 0.75578033 | 0.00815352 | 0.73709315 | 0.77401444 | 0.75197717 | 0.75958349
 184 | 0.76155059 | 0.00887711 | 0.74460432 | 0.78107961 | 0.75740992 | 0.76569126
 185 | 0.76396306 | 0.00787432 | 0.74569790 | 0.77472962 | 0.76029013 | 0.76763598
 186 | 0.76232279 | 0.00969575 | 0.74855643 | 0.77851606 | 0.75780027 | 0.76684531
 187 | 0.76731364 | 0.00914307 | 0.75086047 | 0.78156258 | 0.76304891 | 0.77157837
 188 | 0.76811032 | 0.00704383 | 0.75374150 | 0.78495791 | 0.76482477 | 0.77139586
 189 | 0.76754484 | 0.01026510 | 0.74301529 | 0.78661749 | 0.76275675 | 0.77233293
 190 | 0.76801680 | 0.00674356 | 0.75693703 | 0.78182779 | 0.76487130 | 0.77116229
 191 | 0.77331138 | 0.00696164 | 0.75745683 | 0.78596939 | 0.77006416 | 0.77655859
 192 | 0.77223384 | 0.00780162 | 0.75465757 | 0.78711192 | 0.76859482 | 0.77587286
 193 | 0.77573788 | 0.00680089 | 0.76382306 | 0.78650814 | 0.77256565 | 0.77891011
 194 | 0.77236701 | 0.00935002 | 0.75286458 | 0.79381979 | 0.76800575 | 0.77672827
 195 | 0.77735590 | 0.00906248 | 0.75976921 | 0.79510856 | 0.77312876 | 0.78158304
 196 | 0.77600561 | 0.00762966 | 0.76320490 | 0.78601036 | 0.77244680 | 0.77956442
 197 | 0.77565737 | 0.00857835 | 0.75719557 | 0.80052151 | 0.77165605 | 0.77965868
 198 | 0.77703592 | 0.00876280 | 0.75230061 | 0.79040208 | 0.77294857 | 0.78112328
 199 | 0.78062608 | 0.00995309 | 0.76686657 | 0.80522744 | 0.77598352 | 0.78526863
 200 | 0.77986959 | 0.00736171 | 0.76665822 | 0.79402985 | 0.77643576 | 0.78330341
