# TODAS AS PROBABILIDADES (20 SIMULAÇÕES)
# Requisição 1: [0,6]
# Modo: CONJUNTO
# Data: 2026-02-12 20:27:47
# ================================================================================
# Formato: Load | Sim1 | Sim2 | ... | Sim20 | Média | DesvioPadrão
# ================================================================================

Load   1 | 0.00000000 | 0.00000000 | 0.00000000 | 0.00000000 | 0.00000000 | 0.00000000 | 0.00000000 | 0.00000000 | 0.00000000 | 0.00000000 | 0.00000000 | 0.00000000 | 0.00000000 | 0.00000000 | 0.00000000 | 0.00000000 | 0.00000000 | 0.00000000 | 0.00000000 | 0.00000000 | 0.00000000 | 0.00000000
Load   2 | 0.00000000 | 0.00000000 | 0.00000000 | 0.00000000 | 0.00000000 | 0.00000000 | 0.00000000 | 0.00000000 | 0.00000000 | 0.00000000 | 0.00000000 | 0.00000000 | 0.00000000 | 0.00000000 | 0.00000000 | 0.00000000 | 0.00000000 | 0.00000000 | 0.00000000 | 0.00000000 | 0.00000000 | 0.00000000
Load   3 | 0.00000000 | 0.00000000 | 0.00000000 | 0.00000000 | 0.00000000 | 0.00000000 | 0.00000000 | 0.00000000 | 0.00000000 | 0.00000000 | 0.00000000 | 0.00000000 | 0.00000000 | 0.00000000 | 0.00000000 | 0.00000000 | 0.00000000 | 0.00000000 | 0.00000000 | 0.00000000 | 0.00000000 | 0.00000000
Load   4 | 0.00000000 | 0.00000000 | 0.00000000 | 0.00000000 | 0.00000000 | 0.00000000 | 0.00000000 | 0.00000000 | 0.00000000 | 0.00000000 | 0.00000000 | 0.00000000 | 0.00000000 | 0.00000000 | 0.00000000 | 0.00000000 | 0.00000000 | 0.00000000 | 0.00000000 | 0.00000000 | 0.00000000 | 0.00000000
Load   5 | 0.00000000 | 0.00000000 | 0.00000000 | 0.00000000 | 0.00000000 | 0.00000000 | 0.00000000 | 0.00000000 | 0.00000000 | 0.00000000 | 0.00000000 | 0.00000000 | 0.00000000 | 0.00000000 | 0.00000000 | 0.00000000 | 0.00000000 | 0.00000000 | 0.00000000 | 0.00000000 | 0.00000000 | 0.00000000
Load   6 | 0.00000000 | 0.00000000 | 0.00000000 | 0.00000000 | 0.00000000 | 0.00000000 | 0.00000000 | 0.00000000 | 0.00000000 | 0.00000000 | 0.00000000 | 0.00000000 | 0.00000000 | 0.00000000 | 0.00000000 | 0.00000000 | 0.00000000 | 0.00000000 | 0.00000000 | 0.00000000 | 0.00000000 | 0.00000000
Load   7 | 0.00000000 | 0.00000000 | 0.00000000 | 0.00000000 | 0.00000000 | 0.00000000 | 0.00000000 | 0.00000000 | 0.00000000 | 0.00000000 | 0.00000000 | 0.00000000 | 0.00000000 | 0.00000000 | 0.00000000 | 0.00000000 | 0.00000000 | 0.00000000 | 0.00000000 | 0.00000000 | 0.00000000 | 0.00000000
Load   8 | 0.00000000 | 0.00000000 | 0.00000000 | 0.00000000 | 0.00000000 | 0.00000000 | 0.00000000 | 0.00000000 | 0.00000000 | 0.00000000 | 0.00000000 | 0.00000000 | 0.00000000 | 0.00000000 | 0.00000000 | 0.00000000 | 0.00000000 | 0.00000000 | 0.00000000 | 0.00000000 | 0.00000000 | 0.00000000
Load   9 | 0.00000000 | 0.00000000 | 0.00000000 | 0.00000000 | 0.00000000 | 0.00000000 | 0.00000000 | 0.00000000 | 0.00000000 | 0.00000000 | 0.00000000 | 0.00000000 | 0.00000000 | 0.00000000 | 0.00000000 | 0.00000000 | 0.00000000 | 0.00000000 | 0.00000000 | 0.00000000 | 0.00000000 | 0.00000000
Load  10 | 0.00000000 | 0.00000000 | 0.00000000 | 0.00000000 | 0.00000000 | 0.00000000 | 0.00000000 | 0.00000000 | 0.00000000 | 0.00000000 | 0.00000000 | 0.00000000 | 0.00000000 | 0.00000000 | 0.00000000 | 0.00000000 | 0.00000000 | 0.00000000 | 0.00000000 | 0.00000000 | 0.00000000 | 0.00000000
Load  11 | 0.00000000 | 0.00000000 | 0.00000000 | 0.00000000 | 0.00000000 | 0.00000000 | 0.00000000 | 0.00000000 | 0.00000000 | 0.00000000 | 0.00000000 | 0.00000000 | 0.00000000 | 0.00000000 | 0.00000000 | 0.00000000 | 0.00000000 | 0.00000000 | 0.00000000 | 0.00000000 | 0.00000000 | 0.00000000
Load  12 | 0.00000000 | 0.00000000 | 0.00000000 | 0.00000000 | 0.00000000 | 0.00000000 | 0.00000000 | 0.00000000 | 0.00000000 | 0.00000000 | 0.00000000 | 0.00000000 | 0.00000000 | 0.00000000 | 0.00000000 | 0.00000000 | 0.00000000 | 0.00000000 | 0.00000000 | 0.00000000 | 0.00000000 | 0.00000000
Load  13 | 0.00000000 | 0.00000000 | 0.00000000 | 0.00000000 | 0.00000000 | 0.00000000 | 0.00000000 | 0.00000000 | 0.00000000 | 0.00000000 | 0.00000000 | 0.00000000 | 0.00000000 | 0.00000000 | 0.00000000 | 0.00000000 | 0.00000000 | 0.00000000 | 0.00000000 | 0.00000000 | 0.00000000 | 0.00000000
Load  14 | 0.00000000 | 0.00000000 | 0.00000000 | 0.00000000 | 0.00000000 | 0.00000000 | 0.00000000 | 0.00000000 | 0.00000000 | 0.00000000 | 0.00000000 | 0.00000000 | 0.00000000 | 0.00000000 | 0.00000000 | 0.00000000 | 0.00000000 | 0.00000000 | 0.00000000 | 0.00000000 | 0.00000000 | 0.00000000
Load  15 | 0.00000000 | 0.00000000 | 0.00000000 | 0.00000000 | 0.00000000 | 0.00000000 | 0.00000000 | 0.00000000 | 0.00000000 | 0.00000000 | 0.00000000 | 0.00000000 | 0.00000000 | 0.00000000 | 0.00000000 | 0.00000000 | 0.00000000 | 0.00000000 | 0.00000000 | 0.00000000 | 0.00000000 | 0.00000000
Load  16 | 0.00000000 | 0.00000000 | 0.00000000 | 0.00000000 | 0.00000000 | 0.00000000 | 0.00000000 | 0.00000000 | 0.00000000 | 0.00000000 | 0.00000000 | 0.00000000 | 0.00000000 | 0.00000000 | 0.00000000 | 0.00000000 | 0.00000000 | 0.00000000 | 0.00000000 | 0.00000000 | 0.00000000 | 0.00000000
Load  17 | 0.00000000 | 0.00000000 | 0.00000000 | 0.00000000 | 0.00000000 | 0.00000000 | 0.00000000 | 0.00000000 | 0.00000000 | 0.00000000 | 0.00000000 | 0.00000000 | 0.00000000 | 0.00000000 | 0.00000000 | 0.00000000 | 0.00000000 | 0.00000000 | 0.00000000 | 0.00000000 | 0.00000000 | 0.00000000
Load  18 | 0.00000000 | 0.00000000 | 0.00000000 | 0.00000000 | 0.00000000 | 0.00000000 | 0.00000000 | 0.00000000 | 0.00000000 | 0.00000000 | 0.00000000 | 0.00000000 | 0.00000000 | 0.00000000 | 0.00000000 | 0.00000000 | 0.00000000 | 0.00000000 | 0.00000000 | 0.00000000 | 0.00000000 | 0.00000000
Load  19 | 0.00000000 | 0.00000000 | 0.00000000 | 0.00000000 | 0.00000000 | 0.00000000 | 0.00000000 | 0.00000000 | 0.00000000 | 0.00000000 | 0.00000000 | 0.00000000 | 0.00000000 | 0.00000000 | 0.00000000 | 0.00000000 | 0.00000000 | 0.00000000 | 0.00000000 | 0.00000000 | 0.00000000 | 0.00000000
Load  20 | 0.00000000 | 0.00000000 | 0.00000000 | 0.00000000 | 0.00000000 | 0.00000000 | 0.00000000 | 0.00000000 | 0.00000000 | 0.00000000 | 0.00000000 | 0.00000000 | 0.00000000 | 0.00000000 | 0.00000000 | 0.00000000 | 0.00000000 | 0.00000000 | 0.00000000 | 0.00000000 | 0.00000000 | 0.00000000
Load  21 | 0.00000000 | 0.00000000 | 0.00000000 | 0.00000000 | 0.00000000 | 0.00000000 | 0.00000000 | 0.00000000 | 0.00000000 | 0.00000000 | 0.00000000 | 0.00000000 | 0.00000000 | 0.00000000 | 0.00000000 | 0.00000000 | 0.00000000 | 0.00000000 | 0.00000000 | 0.00000000 | 0.00000000 | 0.00000000
Load  22 | 0.00000000 | 0.00000000 | 0.00000000 | 0.00000000 | 0.00000000 | 0.00000000 | 0.00000000 | 0.00000000 | 0.00000000 | 0.00000000 | 0.00000000 | 0.00000000 | 0.00000000 | 0.00000000 | 0.00000000 | 0.00000000 | 0.00000000 | 0.00000000 | 0.00000000 | 0.00000000 | 0.00000000 | 0.00000000
Load  23 | 0.00000000 | 0.00000000 | 0.00000000 | 0.00000000 | 0.00000000 | 0.00000000 | 0.00000000 | 0.00000000 | 0.00000000 | 0.00000000 | 0.00000000 | 0.00000000 | 0.00000000 | 0.00000000 | 0.00000000 | 0.00000000 | 0.00000000 | 0.00000000 | 0.00000000 | 0.00000000 | 0.00000000 | 0.00000000
Load  24 | 0.00000000 | 0.00000000 | 0.00000000 | 0.00000000 | 0.00000000 | 0.00000000 | 0.00000000 | 0.00000000 | 0.00000000 | 0.00000000 | 0.00000000 | 0.00000000 | 0.00000000 | 0.00000000 | 0.00000000 | 0.00000000 | 0.00000000 | 0.00000000 | 0.00000000 | 0.00000000 | 0.00000000 | 0.00000000
Load  25 | 0.00000000 | 0.00000000 | 0.00000000 | 0.00000000 | 0.00000000 | 0.00000000 | 0.00000000 | 0.00000000 | 0.00000000 | 0.00000000 | 0.00000000 | 0.00000000 | 0.00000000 | 0.00000000 | 0.00000000 | 0.00000000 | 0.00000000 | 0.00000000 | 0.00000000 | 0.00000000 | 0.00000000 | 0.00000000
Load  26 | 0.00000000 | 0.00000000 | 0.00000000 | 0.00000000 | 0.00000000 | 0.00000000 | 0.00000000 | 0.00000000 | 0.00000000 | 0.00000000 | 0.00000000 | 0.00000000 | 0.00000000 | 0.00000000 | 0.00000000 | 0.00000000 | 0.00000000 | 0.00000000 | 0.00000000 | 0.00000000 | 0.00000000 | 0.00000000
Load  27 | 0.00000000 | 0.00000000 | 0.00000000 | 0.00000000 | 0.00000000 | 0.00000000 | 0.00000000 | 0.00000000 | 0.00000000 | 0.00000000 | 0.00000000 | 0.00000000 | 0.00000000 | 0.00000000 | 0.00000000 | 0.00000000 | 0.00000000 | 0.00000000 | 0.00000000 | 0.00000000 | 0.00000000 | 0.00000000
Load  28 | 0.00000000 | 0.00000000 | 0.00000000 | 0.00000000 | 0.00000000 | 0.00000000 | 0.00000000 | 0.00000000 | 0.00000000 | 0.00000000 | 0.00000000 | 0.00000000 | 0.00000000 | 0.00000000 | 0.00000000 | 0.00000000 | 0.00000000 | 0.00000000 | 0.00000000 | 0.00000000 | 0.00000000 | 0.00000000
Load  29 | 0.00000000 | 0.00000000 | 0.00000000 | 0.00000000 | 0.00000000 | 0.00000000 | 0.00000000 | 0.00000000 | 0.00000000 | 0.00000000 | 0.00000000 | 0.00000000 | 0.00000000 | 0.00000000 | 0.00000000 | 0.00000000 | 0.00000000 | 0.00000000 | 0.00000000 | 0.00000000 | 0.00000000 | 0.00000000
Load  30 | 0.00000000 | 0.00000000 | 0.00000000 | 0.00000000 | 0.00000000 | 0.00000000 | 0.00000000 | 0.00000000 | 0.00000000 | 0.00000000 | 0.00000000 | 0.00000000 | 0.00000000 | 0.00000000 | 0.00000000 | 0.00000000 | 0.00000000 | 0.00000000 | 0.00000000 | 0.00000000 | 0.00000000 | 0.00000000
Load  31 | 0.00000000 | 0.00000000 | 0.00000000 | 0.00000000 | 0.00000000 | 0.00000000 | 0.00000000 | 0.00000000 | 0.00000000 | 0.00000000 | 0.00000000 | 0.00000000 | 0.00000000 | 0.00000000 | 0.00000000 | 0.00000000 | 0.00000000 | 0.00000000 | 0.00000000 | 0.00000000 | 0.00000000 | 0.00000000
Load  32 | 0.00000000 | 0.00000000 | 0.00000000 | 0.00000000 | 0.00000000 | 0.00000000 | 0.00000000 | 0.00000000 | 0.00000000 | 0.00000000 | 0.00000000 | 0.00000000 | 0.00000000 | 0.00000000 | 0.00000000 | 0.00000000 | 0.00000000 | 0.00000000 | 0.00000000 | 0.00000000 | 0.00000000 | 0.00000000
Load  33 | 0.00000000 | 0.00000000 | 0.00000000 | 0.00000000 | 0.00000000 | 0.00000000 | 0.00000000 | 0.00000000 | 0.00000000 | 0.00000000 | 0.00000000 | 0.00000000 | 0.00000000 | 0.00000000 | 0.00000000 | 0.00000000 | 0.00000000 | 0.00000000 | 0.00000000 | 0.00000000 | 0.00000000 | 0.00000000
Load  34 | 0.00148810 | 0.00000000 | 0.00000000 | 0.00000000 | 0.00000000 | 0.00000000 | 0.00000000 | 0.00000000 | 0.00000000 | 0.00000000 | 0.00000000 | 0.00000000 | 0.00000000 | 0.00000000 | 0.00000000 | 0.00000000 | 0.00000000 | 0.00000000 | 0.00140449 | 0.00000000 | 0.00014463 | 0.00043409
Load  35 | 0.00000000 | 0.00000000 | 0.00000000 | 0.00000000 | 0.00000000 | 0.00000000 | 0.00000000 | 0.00000000 | 0.00000000 | 0.00000000 | 0.00000000 | 0.00000000 | 0.00000000 | 0.00000000 | 0.00000000 | 0.00000000 | 0.00000000 | 0.00000000 | 0.00000000 | 0.00000000 | 0.00000000 | 0.00000000
Load  36 | 0.00000000 | 0.00000000 | 0.00000000 | 0.00000000 | 0.00000000 | 0.00000000 | 0.00000000 | 0.00000000 | 0.00000000 | 0.00000000 | 0.00000000 | 0.00000000 | 0.00000000 | 0.00000000 | 0.00000000 | 0.00000000 | 0.00000000 | 0.00000000 | 0.00000000 | 0.00000000 | 0.00000000 | 0.00000000
Load  37 | 0.00000000 | 0.00000000 | 0.00000000 | 0.00000000 | 0.00000000 | 0.00000000 | 0.00000000 | 0.00000000 | 0.00136612 | 0.00000000 | 0.00000000 | 0.00000000 | 0.00000000 | 0.00000000 | 0.00000000 | 0.00000000 | 0.00000000 | 0.00000000 | 0.00000000 | 0.00128535 | 0.00013257 | 0.00039793
Load  38 | 0.00000000 | 0.00000000 | 0.00269906 | 0.00000000 | 0.00000000 | 0.00000000 | 0.00000000 | 0.00000000 | 0.00000000 | 0.00000000 | 0.00000000 | 0.00000000 | 0.00000000 | 0.00000000 | 0.00000000 | 0.00130548 | 0.00000000 | 0.00000000 | 0.00000000 | 0.00000000 | 0.00020023 | 0.00063982
Load  39 | 0.00000000 | 0.00000000 | 0.00000000 | 0.00265957 | 0.00000000 | 0.00000000 | 0.00000000 | 0.00000000 | 0.00000000 | 0.00117647 | 0.00000000 | 0.00000000 | 0.00000000 | 0.00000000 | 0.00000000 | 0.00000000 | 0.00000000 | 0.00000000 | 0.00000000 | 0.00261097 | 0.00032235 | 0.00081229
Load  40 | 0.00000000 | 0.00000000 | 0.00000000 | 0.00000000 | 0.00000000 | 0.00000000 | 0.00000000 | 0.00000000 | 0.00118203 | 0.00000000 | 0.00000000 | 0.00000000 | 0.00246914 | 0.00000000 | 0.00000000 | 0.00123305 | 0.00000000 | 0.00000000 | 0.00368098 | 0.00243309 | 0.00054991 | 0.00105914
Load  41 | 0.00000000 | 0.00000000 | 0.00232558 | 0.00576701 | 0.00247219 | 0.00000000 | 0.00455063 | 0.00603136 | 0.00000000 | 0.00359281 | 0.00000000 | 0.00121951 | 0.00000000 | 0.00344828 | 0.00235571 | 0.00116144 | 0.00355030 | 0.00586854 | 0.00000000 | 0.00360577 | 0.00229746 | 0.00211575
Load  42 | 0.00000000 | 0.00000000 | 0.00242718 | 0.00119332 | 0.00120627 | 0.00344828 | 0.00467290 | 0.00117647 | 0.00679502 | 0.00000000 | 0.00000000 | 0.00000000 | 0.00000000 | 0.00372208 | 0.00249377 | 0.00000000 | 0.00000000 | 0.00000000 | 0.00122850 | 0.01123596 | 0.00197999 | 0.00282378
Load  43 | 0.00218818 | 0.00000000 | 0.00000000 | 0.00000000 | 0.00669643 | 0.00116686 | 0.00000000 | 0.00115607 | 0.00228833 | 0.00472255 | 0.00335946 | 0.00116822 | 0.00120337 | 0.00000000 | 0.00000000 | 0.00231214 | 0.00240964 | 0.00890869 | 0.00123153 | 0.00336323 | 0.00210873 | 0.00232783
Load  44 | 0.00221484 | 0.00237248 | 0.00000000 | 0.00111483 | 0.00547645 | 0.00557414 | 0.00237812 | 0.00000000 | 0.00113636 | 0.00230681 | 0.00448430 | 0.00669643 | 0.00349650 | 0.00353357 | 0.00121212 | 0.00106952 | 0.00547046 | 0.00454030 | 0.00229621 | 0.00571429 | 0.00305439 | 0.00199078
Load  45 | 0.00000000 | 0.00350058 | 0.00541126 | 0.00346021 | 0.00325027 | 0.00218341 | 0.00691244 | 0.00000000 | 0.00335946 | 0.00000000 | 0.00115075 | 0.00726895 | 0.00229095 | 0.00103734 | 0.00451977 | 0.00222717 | 0.00117371 | 0.00442478 | 0.00110742 | 0.00110132 | 0.00271899 | 0.00211330
Load  46 | 0.00233645 | 0.00956429 | 0.00102669 | 0.01075269 | 0.00433369 | 0.01077586 | 0.00974026 | 0.00753498 | 0.00000000 | 0.00335946 | 0.00334821 | 0.00416667 | 0.00655738 | 0.00109649 | 0.00436205 | 0.00833333 | 0.01054852 | 0.00523013 | 0.00765027 | 0.00865801 | 0.00596877 | 0.00340791
Load  47 | 0.01220866 | 0.00229095 | 0.01006036 | 0.00967742 | 0.00413650 | 0.00207900 | 0.00297915 | 0.00625000 | 0.00208333 | 0.00558036 | 0.00213904 | 0.00676437 | 0.00744681 | 0.00295567 | 0.00709220 | 0.00326087 | 0.00105263 | 0.00956429 | 0.00217391 | 0.00562430 | 0.00527099 | 0.00318391
Load  48 | 0.00312500 | 0.01462905 | 0.00885936 | 0.00232288 | 0.00501002 | 0.00411946 | 0.01036269 | 0.01125896 | 0.00906344 | 0.01155462 | 0.00523013 | 0.01372756 | 0.00524659 | 0.01259182 | 0.00209205 | 0.00806452 | 0.01153040 | 0.01176471 | 0.00610376 | 0.01479915 | 0.00857281 | 0.00405337
Load  49 | 0.00815494 | 0.01130524 | 0.01123596 | 0.01460565 | 0.01427115 | 0.00862895 | 0.00407332 | 0.00518135 | 0.00419287 | 0.00737619 | 0.01518219 | 0.00715746 | 0.00519751 | 0.00759219 | 0.00523013 | 0.01862745 | 0.01592040 | 0.00991080 | 0.01323251 | 0.01043841 | 0.00987573 | 0.00420294
Load  50 | 0.00709220 | 0.02215509 | 0.01414141 | 0.01457726 | 0.00520291 | 0.01804368 | 0.00760043 | 0.00293255 | 0.01060752 | 0.00867888 | 0.01393035 | 0.01119023 | 0.00803213 | 0.01930502 | 0.02070393 | 0.01763485 | 0.03308129 | 0.00101626 | 0.00734523 | 0.01067961 | 0.01269754 | 0.00740085
Load  51 | 0.02127660 | 0.00875486 | 0.02737048 | 0.01553398 | 0.00820513 | 0.01384768 | 0.01585728 | 0.02607076 | 0.01663405 | 0.01045627 | 0.01939864 | 0.02079208 | 0.02110092 | 0.01748971 | 0.01025641 | 0.01676529 | 0.02283539 | 0.01679842 | 0.01691729 | 0.01074219 | 0.01685517 | 0.00531674
Load  52 | 0.01751152 | 0.02354049 | 0.01168452 | 0.01628352 | 0.01848249 | 0.01203611 | 0.00695134 | 0.00822199 | 0.01708633 | 0.01849949 | 0.01671309 | 0.01902950 | 0.01219512 | 0.02552416 | 0.01581028 | 0.02500000 | 0.01513623 | 0.01639344 | 0.00766284 | 0.02949309 | 0.01666278 | 0.00586993
Load  53 | 0.02079395 | 0.01371115 | 0.02432180 | 0.01544402 | 0.01548887 | 0.01682905 | 0.02077151 | 0.01628352 | 0.02364532 | 0.02336904 | 0.02606178 | 0.02230844 | 0.01617507 | 0.01556420 | 0.02935606 | 0.03125000 | 0.02717901 | 0.02095238 | 0.01930147 | 0.03914259 | 0.02189746 | 0.00627260
Load  54 | 0.03022453 | 0.02033599 | 0.03505535 | 0.04287046 | 0.02003643 | 0.02338634 | 0.02476190 | 0.01394052 | 0.02738516 | 0.03366697 | 0.02272727 | 0.01010101 | 0.02509294 | 0.01666667 | 0.02813067 | 0.02893309 | 0.01960784 | 0.01923077 | 0.02228412 | 0.03113553 | 0.02477868 | 0.00751065
Load  55 | 0.04661792 | 0.02620087 | 0.02880288 | 0.03105590 | 0.02436739 | 0.03802281 | 0.02251407 | 0.01910220 | 0.02260870 | 0.03593890 | 0.03831776 | 0.02085222 | 0.03757225 | 0.01843723 | 0.04517272 | 0.03145236 | 0.02869955 | 0.04173913 | 0.03686636 | 0.02622061 | 0.03102809 | 0.00839627
Load  56 | 0.03614458 | 0.03243243 | 0.03070539 | 0.02427638 | 0.01814709 | 0.03793103 | 0.03502627 | 0.03473492 | 0.01828154 | 0.04032258 | 0.04249783 | 0.04329004 | 0.03412073 | 0.03512015 | 0.02166065 | 0.03938356 | 0.02454545 | 0.02649007 | 0.02631579 | 0.02370872 | 0.03125676 | 0.00764570
Load  57 | 0.02541630 | 0.04438642 | 0.02831858 | 0.06207483 | 0.03288889 | 0.02859779 | 0.03395889 | 0.02903501 | 0.05587990 | 0.05307498 | 0.04978903 | 0.05636208 | 0.03710247 | 0.04419411 | 0.06591500 | 0.02622061 | 0.02420052 | 0.05169492 | 0.03439153 | 0.03214596 | 0.04078239 | 0.01291199
Load  58 | 0.03389831 | 0.06160714 | 0.06229236 | 0.05783738 | 0.06986900 | 0.05167959 | 0.03697183 | 0.04953820 | 0.05410122 | 0.04185218 | 0.02834367 | 0.03839286 | 0.04522613 | 0.02614968 | 0.03442485 | 0.06144781 | 0.03856502 | 0.04272014 | 0.03245090 | 0.03906250 | 0.04532154 | 0.01224714
Load  59 | 0.04560261 | 0.06409203 | 0.05344130 | 0.02746781 | 0.04733219 | 0.05354331 | 0.05637467 | 0.04793388 | 0.05773857 | 0.03660714 | 0.05275591 | 0.05456095 | 0.02745793 | 0.04134367 | 0.02133106 | 0.02946274 | 0.05098684 | 0.05472637 | 0.02811951 | 0.07263514 | 0.04617568 | 0.01345059
Load  60 | 0.06152584 | 0.07124240 | 0.04421769 | 0.06861925 | 0.05669680 | 0.04184458 | 0.05470085 | 0.05775862 | 0.04377682 | 0.07054963 | 0.03929431 | 0.05158070 | 0.06113903 | 0.05784400 | 0.05828476 | 0.07370821 | 0.03480475 | 0.05823627 | 0.03967538 | 0.05165456 | 0.05485772 | 0.01115440
Load  61 | 0.05588484 | 0.06072874 | 0.04863481 | 0.04617968 | 0.09023790 | 0.07246377 | 0.06730008 | 0.05991903 | 0.07574537 | 0.04995905 | 0.06174820 | 0.07293355 | 0.06482282 | 0.04526749 | 0.06078268 | 0.03685504 | 0.04885993 | 0.05750799 | 0.07655117 | 0.05183199 | 0.06021071 | 0.01270112
Load  62 | 0.05418327 | 0.05271565 | 0.08196721 | 0.07272727 | 0.06955178 | 0.09172260 | 0.05564516 | 0.06260032 | 0.05901912 | 0.05758313 | 0.03434505 | 0.05886970 | 0.06731549 | 0.04380165 | 0.07630522 | 0.05097087 | 0.05887231 | 0.08852964 | 0.08181818 | 0.06781046 | 0.06431770 | 0.01442856
Load  63 | 0.10256410 | 0.06768735 | 0.06953125 | 0.05887033 | 0.08719560 | 0.07231726 | 0.07749077 | 0.07798538 | 0.07718121 | 0.05600000 | 0.08689024 | 0.08265139 | 0.08776167 | 0.06446414 | 0.07625786 | 0.04796748 | 0.06479313 | 0.08352490 | 0.08112583 | 0.07486210 | 0.07485610 | 0.01236981
Load  64 | 0.08008982 | 0.06991359 | 0.07692308 | 0.08613618 | 0.07401575 | 0.05891595 | 0.05485893 | 0.06456693 | 0.07159177 | 0.06340718 | 0.07494145 | 0.06915307 | 0.04881890 | 0.09153318 | 0.08012094 | 0.05367465 | 0.08050222 | 0.07751938 | 0.06531532 | 0.09572785 | 0.07188631 | 0.01212397
Load  65 | 0.09643128 | 0.05319969 | 0.07125701 | 0.09457364 | 0.08939394 | 0.06852590 | 0.09432572 | 0.08372093 | 0.07419621 | 0.08249027 | 0.08093797 | 0.07655880 | 0.07692308 | 0.07814871 | 0.08483896 | 0.09036594 | 0.09266409 | 0.08628659 | 0.10601719 | 0.06949807 | 0.08251770 | 0.01177439
Load  66 | 0.08021390 | 0.08931298 | 0.10332103 | 0.09785933 | 0.08394698 | 0.08359133 | 0.09584665 | 0.10628743 | 0.10542636 | 0.05267235 | 0.08258929 | 0.08571429 | 0.07246377 | 0.06960000 | 0.09313339 | 0.08808290 | 0.07331822 | 0.09441385 | 0.08665644 | 0.11144578 | 0.08779481 | 0.01383117
Load  67 | 0.10185874 | 0.08405342 | 0.10080942 | 0.09432515 | 0.06661620 | 0.11957350 | 0.10288675 | 0.07219662 | 0.09372694 | 0.09188801 | 0.10573343 | 0.07795100 | 0.09312639 | 0.10639881 | 0.09395973 | 0.09414557 | 0.08541973 | 0.12186380 | 0.09370529 | 0.09144981 | 0.09458442 | 0.01335940
Load  68 | 0.11864407 | 0.09632353 | 0.11949686 | 0.10526316 | 0.11567732 | 0.10199557 | 0.09501558 | 0.11496746 | 0.10681818 | 0.09400444 | 0.11136024 | 0.11450925 | 0.10796724 | 0.11237553 | 0.11055635 | 0.09695683 | 0.09016999 | 0.06823184 | 0.11552888 | 0.12307692 | 0.10594696 | 0.01264737
Load  69 | 0.12896406 | 0.10590778 | 0.09543860 | 0.09396914 | 0.12694878 | 0.14164306 | 0.11111111 | 0.09770540 | 0.11378556 | 0.10984308 | 0.09002094 | 0.11143911 | 0.11152142 | 0.07806691 | 0.09506531 | 0.09684362 | 0.12187959 | 0.12047302 | 0.11250925 | 0.08554996 | 0.10743429 | 0.01556174
Load  70 | 0.12319339 | 0.11971326 | 0.11039886 | 0.12820513 | 0.10337553 | 0.11973392 | 0.10151188 | 0.10805369 | 0.09280576 | 0.11501120 | 0.11519078 | 0.09451659 | 0.10776187 | 0.09498878 | 0.13659238 | 0.10719424 | 0.13314038 | 0.12184571 | 0.12284483 | 0.11756272 | 0.11368205 | 0.01219448
Load  71 | 0.11586207 | 0.11909651 | 0.10898380 | 0.15087957 | 0.12724850 | 0.12153518 | 0.13269494 | 0.11095306 | 0.10267534 | 0.11914894 | 0.10068130 | 0.13868117 | 0.11142857 | 0.11005435 | 0.11422414 | 0.09634318 | 0.12125535 | 0.12981455 | 0.10721944 | 0.12464387 | 0.11817119 | 0.01302905
Load  72 | 0.11507402 | 0.15482955 | 0.12428571 | 0.10810811 | 0.13430759 | 0.12834979 | 0.16054159 | 0.12591606 | 0.11412665 | 0.12544045 | 0.14419226 | 0.10047522 | 0.11348006 | 0.12061711 | 0.12949153 | 0.11884058 | 0.12186115 | 0.11785973 | 0.11760563 | 0.11428571 | 0.12448442 | 0.01442103
Load  73 | 0.13671062 | 0.13411279 | 0.16600266 | 0.13049451 | 0.14897959 | 0.11994421 | 0.14934618 | 0.14475524 | 0.11695906 | 0.11126096 | 0.12578179 | 0.12281879 | 0.15358593 | 0.11472011 | 0.15462525 | 0.16342412 | 0.14550265 | 0.12023038 | 0.10299489 | 0.13078471 | 0.13465172 | 0.01753360
Load  74 | 0.12235133 | 0.12274619 | 0.15572716 | 0.14962762 | 0.15757979 | 0.13969107 | 0.14065640 | 0.13633218 | 0.13731932 | 0.12954078 | 0.13084746 | 0.13350958 | 0.14171123 | 0.12483311 | 0.17647059 | 0.12457684 | 0.14426877 | 0.11647140 | 0.13535912 | 0.11682243 | 0.13682212 | 0.01456747
Load  75 | 0.17601043 | 0.15248468 | 0.12593094 | 0.13768584 | 0.17394054 | 0.14369693 | 0.12648221 | 0.13867596 | 0.15089163 | 0.13959732 | 0.12208139 | 0.16766467 | 0.14593909 | 0.13458950 | 0.14120842 | 0.17942122 | 0.15682281 | 0.13296399 | 0.13269494 | 0.15525424 | 0.14670184 | 0.01666064
Load  76 | 0.13122172 | 0.13767629 | 0.14470284 | 0.16209150 | 0.16789298 | 0.12031558 | 0.13515313 | 0.14490862 | 0.13968668 | 0.15022566 | 0.14625850 | 0.16351792 | 0.15464587 | 0.13257066 | 0.14602347 | 0.13656958 | 0.14285714 | 0.17073171 | 0.13132695 | 0.13263296 | 0.14455049 | 0.01320666
Load  77 | 0.16264295 | 0.14996768 | 0.16894087 | 0.14597094 | 0.14686684 | 0.14120842 | 0.15878159 | 0.16580645 | 0.17097416 | 0.17465529 | 0.14595284 | 0.19456728 | 0.13538260 | 0.17035111 | 0.16266667 | 0.14807692 | 0.15724496 | 0.14967320 | 0.16400766 | 0.15715245 | 0.15854454 | 0.01347421
Load  78 | 0.17060367 | 0.14437086 | 0.15233093 | 0.14598071 | 0.17033679 | 0.15604681 | 0.17031630 | 0.19346405 | 0.15919141 | 0.16568047 | 0.14259144 | 0.17119394 | 0.19924576 | 0.15692503 | 0.15717092 | 0.15802623 | 0.14417989 | 0.14987562 | 0.16137395 | 0.17613274 | 0.16225188 | 0.01499532
Load  79 | 0.19937695 | 0.17872340 | 0.14819588 | 0.16988417 | 0.16498994 | 0.16880616 | 0.14672544 | 0.16883923 | 0.15258677 | 0.14500000 | 0.16636197 | 0.15752098 | 0.16707617 | 0.16880616 | 0.14731254 | 0.17585983 | 0.17006369 | 0.13169502 | 0.17273869 | 0.17531646 | 0.16379397 | 0.01478694
Load  80 | 0.18985776 | 0.20117302 | 0.19455006 | 0.18820577 | 0.18419415 | 0.18731118 | 0.17868145 | 0.16970459 | 0.18938053 | 0.15282181 | 0.14445174 | 0.17724701 | 0.15486726 | 0.19475655 | 0.14881334 | 0.17192331 | 0.16646040 | 0.14950820 | 0.16246851 | 0.15389408 | 0.17301354 | 0.01748453
Load  81 | 0.16982323 | 0.16416115 | 0.19856459 | 0.17166042 | 0.14932681 | 0.20567376 | 0.19650392 | 0.16411513 | 0.17689970 | 0.18676562 | 0.17879162 | 0.17915106 | 0.16844083 | 0.16687578 | 0.16751918 | 0.16271621 | 0.16910362 | 0.16898849 | 0.15631131 | 0.20730271 | 0.17543476 | 0.01555795
Load  82 | 0.19053185 | 0.17621145 | 0.20286248 | 0.19163546 | 0.20951792 | 0.18636912 | 0.15783204 | 0.18458670 | 0.18586887 | 0.19675090 | 0.16923077 | 0.16984505 | 0.18688119 | 0.19237750 | 0.16805645 | 0.16459627 | 0.19309538 | 0.16825397 | 0.18671679 | 0.19675203 | 0.18389861 | 0.01351575
Load  83 | 0.16666667 | 0.19951190 | 0.19419775 | 0.18198992 | 0.20287253 | 0.18808962 | 0.18055556 | 0.17919799 | 0.20084185 | 0.17506297 | 0.17321867 | 0.18625678 | 0.18499127 | 0.18659420 | 0.16474864 | 0.20242424 | 0.17664493 | 0.16749380 | 0.20471014 | 0.19890511 | 0.18574873 | 0.01260161
Load  84 | 0.19403893 | 0.19661222 | 0.20603015 | 0.18614210 | 0.21252927 | 0.17139409 | 0.19289941 | 0.19036145 | 0.17476923 | 0.20035672 | 0.19563901 | 0.19258373 | 0.21290323 | 0.18213457 | 0.19585253 | 0.21258008 | 0.18101933 | 0.19488074 | 0.18107477 | 0.21210341 | 0.19429525 | 0.01225995
Load  85 | 0.20201422 | 0.20225386 | 0.21080760 | 0.22012949 | 0.21021378 | 0.20469597 | 0.20862884 | 0.19611415 | 0.20068807 | 0.19333730 | 0.23185144 | 0.20524515 | 0.21972829 | 0.20744681 | 0.20453225 | 0.20908005 | 0.20526316 | 0.18947368 | 0.21728972 | 0.20335933 | 0.20710766 | 0.00953927
Load  86 | 0.21155015 | 0.19251024 | 0.20168573 | 0.21994135 | 0.22826087 | 0.21308628 | 0.20893790 | 0.15723645 | 0.21004843 | 0.20664414 | 0.19325329 | 0.20901639 | 0.20432555 | 0.23468804 | 0.21481907 | 0.19493522 | 0.21294118 | 0.18443627 | 0.22670623 | 0.22764228 | 0.20763325 | 0.01721828
Load  87 | 0.21167883 | 0.22061281 | 0.20618557 | 0.21551724 | 0.21694915 | 0.23115861 | 0.20596840 | 0.23104056 | 0.22241888 | 0.19825073 | 0.22105876 | 0.22254335 | 0.20768374 | 0.22444318 | 0.21416713 | 0.21521226 | 0.23804227 | 0.19920770 | 0.22936824 | 0.19825581 | 0.21648816 | 0.01122443
Load  88 | 0.24002217 | 0.22241784 | 0.24863089 | 0.19197708 | 0.22412807 | 0.22488584 | 0.23036031 | 0.20950704 | 0.20679555 | 0.21357519 | 0.20991926 | 0.22618384 | 0.24109131 | 0.21528588 | 0.22196532 | 0.20644048 | 0.19965378 | 0.21352711 | 0.21516165 | 0.24676785 | 0.22041482 | 0.01495449
Load  89 | 0.23107345 | 0.25415282 | 0.22404991 | 0.22191011 | 0.21469907 | 0.25795829 | 0.24153248 | 0.23765786 | 0.19533528 | 0.23411563 | 0.22265408 | 0.23953099 | 0.21473444 | 0.21393035 | 0.22121384 | 0.22662077 | 0.22755505 | 0.20218894 | 0.23817474 | 0.21609454 | 0.22675913 | 0.01527353
Load  90 | 0.25170425 | 0.22912088 | 0.23231132 | 0.22034820 | 0.22073384 | 0.21726862 | 0.21682665 | 0.21213907 | 0.25721785 | 0.22921348 | 0.21528588 | 0.20570813 | 0.19967267 | 0.21323127 | 0.22906267 | 0.23002833 | 0.22421784 | 0.22253207 | 0.24027460 | 0.20766590 | 0.22372818 | 0.01408467
Load  91 | 0.25215517 | 0.25432236 | 0.25173333 | 0.24403471 | 0.22057987 | 0.25916091 | 0.26031215 | 0.23616657 | 0.23183024 | 0.27156372 | 0.23385784 | 0.22812846 | 0.23991155 | 0.23535733 | 0.25053305 | 0.25536723 | 0.26121795 | 0.25195969 | 0.24012807 | 0.25103950 | 0.24646799 | 0.01258401
Load  92 | 0.23723229 | 0.25721785 | 0.24617068 | 0.26055613 | 0.25301205 | 0.24709141 | 0.24851110 | 0.23430493 | 0.24944321 | 0.24932976 | 0.24219591 | 0.25604396 | 0.23503569 | 0.23403053 | 0.25133120 | 0.24891775 | 0.23226484 | 0.24536301 | 0.25119490 | 0.22266515 | 0.24509562 | 0.00946304
Load  93 | 0.24823466 | 0.23628463 | 0.22967033 | 0.26826722 | 0.26366048 | 0.22613065 | 0.25415550 | 0.24076087 | 0.25181724 | 0.27070064 | 0.25957447 | 0.24699110 | 0.24587547 | 0.25229826 | 0.22926009 | 0.25671488 | 0.26704841 | 0.26064109 | 0.25268817 | 0.24835165 | 0.25045629 | 0.01272189
Load  94 | 0.25826772 | 0.27306867 | 0.24576734 | 0.25647948 | 0.25842697 | 0.27760417 | 0.27834525 | 0.22161869 | 0.26264190 | 0.25628931 | 0.25910510 | 0.24932832 | 0.24800426 | 0.25766541 | 0.26140633 | 0.23081171 | 0.25431965 | 0.24185068 | 0.26491405 | 0.23259579 | 0.25442554 | 0.01443058
Load  95 | 0.27948718 | 0.25589041 | 0.23616438 | 0.24782609 | 0.26974033 | 0.27091203 | 0.27338877 | 0.26958291 | 0.25487013 | 0.26972666 | 0.22753547 | 0.25883576 | 0.25760870 | 0.27797834 | 0.25744681 | 0.26025237 | 0.27510246 | 0.26382306 | 0.24552846 | 0.28034372 | 0.26160220 | 0.01400788
Load  96 | 0.25714286 | 0.27968750 | 0.25770591 | 0.28181350 | 0.25910064 | 0.28681375 | 0.27492130 | 0.27040000 | 0.26700767 | 0.26240409 | 0.26823177 | 0.27966976 | 0.28541775 | 0.28213166 | 0.27050433 | 0.28885400 | 0.27694611 | 0.24637681 | 0.26075820 | 0.28276574 | 0.27193267 | 0.01153170
Load  97 | 0.27086614 | 0.27786033 | 0.27800407 | 0.27436441 | 0.27648579 | 0.28578758 | 0.27774883 | 0.26656315 | 0.25129266 | 0.26810073 | 0.27080021 | 0.27093845 | 0.29859013 | 0.27393075 | 0.27615063 | 0.25113009 | 0.28209192 | 0.27702363 | 0.26687435 | 0.25709607 | 0.27258500 | 0.01079084
Load  98 | 0.27740260 | 0.27838828 | 0.27440904 | 0.29387545 | 0.28087045 | 0.30539846 | 0.29339478 | 0.26015424 | 0.29958463 | 0.29593412 | 0.26680563 | 0.25641026 | 0.24789474 | 0.24226534 | 0.27423536 | 0.27626050 | 0.25699746 | 0.28070175 | 0.27926509 | 0.28172722 | 0.27609877 | 0.01665964
Load  99 | 0.26000000 | 0.27268195 | 0.29625885 | 0.25870902 | 0.26030151 | 0.28869481 | 0.29778247 | 0.28156749 | 0.25828511 | 0.26492725 | 0.28900000 | 0.29025942 | 0.27953746 | 0.25563122 | 0.28513650 | 0.28607089 | 0.29086294 | 0.27861446 | 0.26905603 | 0.28207688 | 0.27727271 | 0.01339968
Load 100 | 0.27226975 | 0.27750000 | 0.27690700 | 0.28933002 | 0.29156509 | 0.27769270 | 0.28174807 | 0.27189873 | 0.28769943 | 0.28077314 | 0.26125680 | 0.28779508 | 0.27677186 | 0.30699667 | 0.29675810 | 0.27995868 | 0.28451677 | 0.27020448 | 0.28699106 | 0.28206413 | 0.28203488 | 0.00987189
Load 101 | 0.32167832 | 0.32073643 | 0.28935532 | 0.29721519 | 0.28571429 | 0.30156403 | 0.27147239 | 0.27489627 | 0.29765545 | 0.29916215 | 0.29622364 | 0.26230340 | 0.30185836 | 0.26859308 | 0.28635908 | 0.29633401 | 0.30616206 | 0.30692576 | 0.28592093 | 0.30473815 | 0.29374342 | 0.01553404
Load 102 | 0.32208293 | 0.29663906 | 0.29037037 | 0.28894472 | 0.30821585 | 0.30720235 | 0.29893925 | 0.28219043 | 0.31563845 | 0.31447503 | 0.30578118 | 0.30746119 | 0.31784108 | 0.29872674 | 0.31002331 | 0.31884766 | 0.30911824 | 0.28885557 | 0.29022556 | 0.29955947 | 0.30355692 | 0.01122592
Load 103 | 0.29252704 | 0.28972407 | 0.31361502 | 0.29787234 | 0.30862403 | 0.27618120 | 0.30552861 | 0.31972789 | 0.31550540 | 0.32874109 | 0.30690162 | 0.27909320 | 0.29600395 | 0.32203390 | 0.30146341 | 0.29698150 | 0.28450424 | 0.30558276 | 0.31589242 | 0.31467181 | 0.30355878 | 0.01407574
Load 104 | 0.30374280 | 0.32457786 | 0.30848455 | 0.32302569 | 0.32878049 | 0.31586680 | 0.34747378 | 0.29593810 | 0.30088085 | 0.31630740 | 0.31285444 | 0.29792371 | 0.30175272 | 0.32530738 | 0.31332083 | 0.30795510 | 0.32481061 | 0.32393693 | 0.30743079 | 0.30162524 | 0.31409980 | 0.01257261
Load 105 | 0.31860126 | 0.29499766 | 0.28776291 | 0.31609756 | 0.30550193 | 0.32368808 | 0.32320309 | 0.30042513 | 0.29807240 | 0.30711797 | 0.30168986 | 0.29728419 | 0.33686747 | 0.34235518 | 0.32141176 | 0.30178908 | 0.29686013 | 0.31311707 | 0.29921260 | 0.31820377 | 0.31021295 | 0.01417240
Load 106 | 0.34417092 | 0.31828979 | 0.29588910 | 0.33015267 | 0.33241758 | 0.32524964 | 0.29693487 | 0.30809524 | 0.31142035 | 0.30160985 | 0.32163188 | 0.32226380 | 0.33178654 | 0.29799427 | 0.29921645 | 0.31574031 | 0.33902323 | 0.30453059 | 0.33380414 | 0.32217573 | 0.31761985 | 0.01466815
Load 107 | 0.30946773 | 0.31106777 | 0.30769231 | 0.33043876 | 0.35763729 | 0.31324725 | 0.34954955 | 0.32853160 | 0.33050469 | 0.31504986 | 0.33017975 | 0.33685177 | 0.34382125 | 0.31928539 | 0.32389046 | 0.29917658 | 0.32600382 | 0.30097538 | 0.33011938 | 0.30164706 | 0.32325688 | 0.01584855
Load 108 | 0.30095694 | 0.32816173 | 0.32619590 | 0.33238231 | 0.31563981 | 0.33046238 | 0.33818694 | 0.30743879 | 0.33318223 | 0.32630570 | 0.34040590 | 0.33455545 | 0.31442608 | 0.34622468 | 0.32428826 | 0.32909091 | 0.33100559 | 0.31204644 | 0.31482353 | 0.31777463 | 0.32517771 | 0.01135687
Load 109 | 0.34600088 | 0.32445290 | 0.33575318 | 0.30539773 | 0.32638259 | 0.33523810 | 0.29845866 | 0.34228810 | 0.30619796 | 0.31953488 | 0.32091290 | 0.31702815 | 0.30942335 | 0.33759124 | 0.32530120 | 0.31710585 | 0.34333180 | 0.34153005 | 0.32463370 | 0.31882022 | 0.32476917 | 0.01346299
Load 110 | 0.36430108 | 0.30973872 | 0.33489024 | 0.34714795 | 0.31809788 | 0.34762980 | 0.32887104 | 0.34759358 | 0.35086129 | 0.35514440 | 0.34249084 | 0.33693694 | 0.35390947 | 0.34767025 | 0.31672101 | 0.33287671 | 0.34403670 | 0.34061931 | 0.34381923 | 0.30036799 | 0.33818622 | 0.01588546
Load 111 | 0.35730237 | 0.34505788 | 0.33317951 | 0.34197131 | 0.33287546 | 0.31226766 | 0.31289450 | 0.32099344 | 0.35831063 | 0.35243292 | 0.33242507 | 0.30975828 | 0.33229399 | 0.36084799 | 0.35935456 | 0.34880577 | 0.35698147 | 0.35485327 | 0.35935456 | 0.34451496 | 0.34132378 | 0.01668539
Load 112 | 0.34919908 | 0.35649819 | 0.34454545 | 0.32626728 | 0.33502538 | 0.33933393 | 0.33675290 | 0.33914640 | 0.32608696 | 0.33169203 | 0.33031264 | 0.33679458 | 0.34693878 | 0.34956759 | 0.36343317 | 0.35607394 | 0.35677749 | 0.34693878 | 0.35900901 | 0.34289556 | 0.34366446 | 0.01083329
Load 113 | 0.33064877 | 0.35698349 | 0.35581496 | 0.34749889 | 0.37227214 | 0.33628711 | 0.35052448 | 0.36114850 | 0.37574722 | 0.38048573 | 0.34400732 | 0.35235625 | 0.34230945 | 0.36469534 | 0.34849823 | 0.36866574 | 0.35195035 | 0.36491387 | 0.34345265 | 0.35229277 | 0.35502766 | 0.01284581
Load 114 | 0.37128292 | 0.36061269 | 0.33510403 | 0.36746204 | 0.35448092 | 0.33166058 | 0.35509688 | 0.34893048 | 0.37166236 | 0.35240175 | 0.35757840 | 0.33318466 | 0.33394834 | 0.36858407 | 0.35186794 | 0.36563481 | 0.35137615 | 0.35483871 | 0.34294587 | 0.37532808 | 0.35419908 | 0.01324018
Load 115 | 0.38666667 | 0.37735849 | 0.36135182 | 0.35251181 | 0.33615316 | 0.35087719 | 0.36363636 | 0.37936842 | 0.39109970 | 0.37452391 | 0.33685601 | 0.36814621 | 0.36723672 | 0.34346895 | 0.35619374 | 0.36835496 | 0.37581842 | 0.35886403 | 0.37896071 | 0.35436242 | 0.36409049 | 0.01518029
Load 116 | 0.37623762 | 0.37134503 | 0.37902524 | 0.36962134 | 0.35440279 | 0.36557307 | 0.37014668 | 0.36844387 | 0.35977938 | 0.40154772 | 0.36485281 | 0.36176597 | 0.38275276 | 0.36170213 | 0.35781787 | 0.36195792 | 0.33668122 | 0.36197685 | 0.37854610 | 0.36932305 | 0.36767497 | 0.01258193
Load 117 | 0.37027379 | 0.35354839 | 0.36347439 | 0.37364071 | 0.37004219 | 0.37157318 | 0.37714777 | 0.36197592 | 0.37464095 | 0.35392028 | 0.38239047 | 0.35511243 | 0.37050805 | 0.37116819 | 0.36316247 | 0.36439966 | 0.36959315 | 0.36343709 | 0.38467875 | 0.36607529 | 0.36803816 | 0.00829653
Load 118 | 0.36919831 | 0.38632619 | 0.37837838 | 0.37255735 | 0.39235669 | 0.38235294 | 0.38302277 | 0.35748792 | 0.38197425 | 0.36807279 | 0.37133135 | 0.37192836 | 0.35897436 | 0.38054240 | 0.38281250 | 0.38564834 | 0.37339607 | 0.37123170 | 0.37548221 | 0.37396243 | 0.37585187 | 0.00863345
Load 119 | 0.36562763 | 0.36701903 | 0.39665971 | 0.40343699 | 0.37842256 | 0.37448047 | 0.39137577 | 0.39214876 | 0.38219003 | 0.38643068 | 0.35143224 | 0.38407591 | 0.38053097 | 0.36532770 | 0.38963688 | 0.40519046 | 0.42195540 | 0.38608401 | 0.36215262 | 0.39083333 | 0.38375056 | 0.01625663
Load 120 | 0.39683860 | 0.36463415 | 0.38212058 | 0.39486964 | 0.36966624 | 0.38133446 | 0.37747786 | 0.37402384 | 0.42627561 | 0.38609407 | 0.36162047 | 0.37732657 | 0.37769638 | 0.38316222 | 0.37448560 | 0.36607143 | 0.38049793 | 0.35777872 | 0.38841289 | 0.38998738 | 0.38051873 | 0.01469407
Load 121 | 0.39173148 | 0.36304170 | 0.39942411 | 0.38886631 | 0.37946992 | 0.37526472 | 0.38035264 | 0.40275459 | 0.38888889 | 0.39432566 | 0.38881936 | 0.40621118 | 0.41781937 | 0.36497270 | 0.39949217 | 0.40215589 | 0.40122200 | 0.37836718 | 0.40573090 | 0.37479339 | 0.39018521 | 0.01425688
Load 122 | 0.42618951 | 0.39773205 | 0.38638298 | 0.38914405 | 0.40087930 | 0.40128669 | 0.36280234 | 0.39823381 | 0.37706954 | 0.39250814 | 0.38966366 | 0.42444358 | 0.37899160 | 0.41056911 | 0.40683483 | 0.39272727 | 0.37494933 | 0.38496868 | 0.40266559 | 0.40934730 | 0.39536947 | 0.01555887
Load 123 | 0.38470923 | 0.39696486 | 0.39778535 | 0.39992197 | 0.40639269 | 0.39410828 | 0.40626255 | 0.38947815 | 0.38552739 | 0.42349304 | 0.36431227 | 0.38089226 | 0.36916836 | 0.37859225 | 0.37540064 | 0.38897893 | 0.36113394 | 0.40194096 | 0.39899833 | 0.37812372 | 0.38910926 | 0.01521637
Load 124 | 0.38969404 | 0.40842273 | 0.41722114 | 0.39663462 | 0.38433879 | 0.41454690 | 0.42063175 | 0.41618970 | 0.40073082 | 0.39718530 | 0.41090478 | 0.39211045 | 0.40876206 | 0.39573757 | 0.43952569 | 0.40445344 | 0.40344693 | 0.41186230 | 0.40971948 | 0.41356331 | 0.40678409 | 0.01226159
Load 125 | 0.39607073 | 0.41949487 | 0.38907015 | 0.42368103 | 0.40379297 | 0.39502650 | 0.39424230 | 0.40196078 | 0.39408667 | 0.38630999 | 0.41663366 | 0.41371064 | 0.39812280 | 0.40528634 | 0.42107356 | 0.40870272 | 0.40900346 | 0.41117363 | 0.37942253 | 0.40980392 | 0.40383346 | 0.01187804
Load 126 | 0.43086817 | 0.41422258 | 0.43197811 | 0.37453799 | 0.39662786 | 0.41543383 | 0.37706954 | 0.39515488 | 0.43433544 | 0.39878788 | 0.41774131 | 0.40475215 | 0.38843314 | 0.40736434 | 0.42246835 | 0.40631087 | 0.38970588 | 0.40921844 | 0.39758031 | 0.38660210 | 0.40495966 | 0.01697004
Load 127 | 0.42510589 | 0.39628605 | 0.41508689 | 0.41411400 | 0.41353383 | 0.39893617 | 0.40923567 | 0.38720930 | 0.41332295 | 0.40564578 | 0.37716406 | 0.41262729 | 0.42868247 | 0.41584549 | 0.44084778 | 0.41756135 | 0.42778865 | 0.40495208 | 0.40879290 | 0.40489130 | 0.41088150 | 0.01409780
Load 128 | 0.42043682 | 0.41300117 | 0.40740741 | 0.39491458 | 0.41316686 | 0.42211055 | 0.43518519 | 0.42025611 | 0.40938511 | 0.39675174 | 0.41709134 | 0.41492302 | 0.39887850 | 0.41838722 | 0.42618596 | 0.41280864 | 0.38789760 | 0.43462615 | 0.40858137 | 0.40312250 | 0.41275589 | 0.01215546
Load 129 | 0.44146901 | 0.41994650 | 0.43019727 | 0.42439400 | 0.42630385 | 0.40529854 | 0.41187964 | 0.42097206 | 0.39249286 | 0.40661479 | 0.42694064 | 0.42698352 | 0.41841804 | 0.41123596 | 0.43329444 | 0.43061461 | 0.43466246 | 0.41197322 | 0.44203725 | 0.43782077 | 0.42267747 | 0.01274304
Load 130 | 0.42792623 | 0.42496229 | 0.40537383 | 0.42638623 | 0.42327844 | 0.42720307 | 0.41959894 | 0.42466793 | 0.42419602 | 0.42810099 | 0.42469880 | 0.42242048 | 0.43509048 | 0.41721598 | 0.46656705 | 0.42851532 | 0.43985987 | 0.42359249 | 0.39525994 | 0.42358741 | 0.42542509 | 0.01314917
Load 131 | 0.43029329 | 0.42759146 | 0.43520238 | 0.43285879 | 0.42262132 | 0.41824375 | 0.44988610 | 0.42473525 | 0.42487823 | 0.41930561 | 0.43186813 | 0.43538462 | 0.42460752 | 0.43922018 | 0.44610220 | 0.42272224 | 0.42326454 | 0.45831776 | 0.43496557 | 0.42456814 | 0.43133185 | 0.01030127
Load 132 | 0.43275287 | 0.44528588 | 0.43529848 | 0.44736842 | 0.43372549 | 0.43506744 | 0.42724817 | 0.43153220 | 0.40973312 | 0.41203008 | 0.43597446 | 0.41024653 | 0.40393013 | 0.43768222 | 0.44492188 | 0.42116950 | 0.42989571 | 0.42640364 | 0.41929358 | 0.42857143 | 0.42840656 | 0.01203772
Load 133 | 0.42601068 | 0.43475046 | 0.44632132 | 0.44765893 | 0.43259946 | 0.42654735 | 0.42633346 | 0.43277946 | 0.43564743 | 0.42906310 | 0.44289484 | 0.44690265 | 0.44436364 | 0.40978014 | 0.45294118 | 0.43024133 | 0.44780635 | 0.43388582 | 0.43413729 | 0.43527631 | 0.43579706 | 0.00996950
Load 134 | 0.44335717 | 0.42774343 | 0.42598870 | 0.44767870 | 0.43126386 | 0.41289134 | 0.42841649 | 0.43567689 | 0.43203883 | 0.45189504 | 0.43182681 | 0.43589744 | 0.44390788 | 0.42061701 | 0.43303744 | 0.44521803 | 0.41748304 | 0.42585551 | 0.43470353 | 0.45088446 | 0.43381908 | 0.01054881
Load 135 | 0.44855183 | 0.44122080 | 0.43523878 | 0.43323442 | 0.42975207 | 0.45440844 | 0.44748521 | 0.44685629 | 0.44084040 | 0.46705710 | 0.43947175 | 0.43672082 | 0.44237918 | 0.46069015 | 0.45064054 | 0.42979198 | 0.44062153 | 0.44386810 | 0.42547817 | 0.42851725 | 0.44214124 | 0.01053591
Load 136 | 0.44456971 | 0.44503817 | 0.48638838 | 0.45300113 | 0.42586399 | 0.43782383 | 0.44105615 | 0.46458109 | 0.43439785 | 0.46010065 | 0.44270073 | 0.44905805 | 0.43995425 | 0.44554094 | 0.43932749 | 0.44357250 | 0.44706322 | 0.43875686 | 0.43016760 | 0.45395450 | 0.44614585 | 0.01290964
Load 137 | 0.46165084 | 0.44144144 | 0.46586345 | 0.44562738 | 0.44310019 | 0.47737636 | 0.46080586 | 0.44352219 | 0.45340700 | 0.43905150 | 0.44558072 | 0.44337883 | 0.42761444 | 0.46395760 | 0.44383860 | 0.42025783 | 0.47274750 | 0.45251192 | 0.44746510 | 0.46963563 | 0.45094172 | 0.01439948
Load 138 | 0.45848119 | 0.44399854 | 0.45666667 | 0.45072464 | 0.44827586 | 0.45381526 | 0.44448529 | 0.43654267 | 0.47523001 | 0.46308244 | 0.47237468 | 0.43881119 | 0.45828933 | 0.44206009 | 0.47292937 | 0.46466111 | 0.46435168 | 0.45708077 | 0.44480403 | 0.44283122 | 0.45447480 | 0.01144980
Load 139 | 0.44173343 | 0.44725434 | 0.45648182 | 0.46702509 | 0.46255822 | 0.46234613 | 0.46735143 | 0.45699520 | 0.43850843 | 0.45953654 | 0.44358974 | 0.45715337 | 0.45961608 | 0.47077577 | 0.47216197 | 0.44928547 | 0.45689655 | 0.48246242 | 0.46469741 | 0.45381526 | 0.45851223 | 0.01068104
Load 140 | 0.45843739 | 0.46515805 | 0.47139831 | 0.47880911 | 0.45941218 | 0.46729651 | 0.47286272 | 0.45385725 | 0.47033441 | 0.45855567 | 0.47576622 | 0.47113329 | 0.45985915 | 0.46219686 | 0.44911032 | 0.46380502 | 0.46315415 | 0.45643600 | 0.48186528 | 0.44183526 | 0.46406416 | 0.00971903
Load 141 | 0.45395683 | 0.47905667 | 0.45103545 | 0.47546230 | 0.47067239 | 0.48032843 | 0.43438750 | 0.47191011 | 0.46363311 | 0.45245902 | 0.45457810 | 0.46530187 | 0.49456712 | 0.47415014 | 0.48942074 | 0.48258881 | 0.45330948 | 0.45473758 | 0.44065282 | 0.48937756 | 0.46657930 | 0.01641144
Load 142 | 0.48203697 | 0.47106563 | 0.47681883 | 0.45680768 | 0.47390691 | 0.47323033 | 0.47717697 | 0.47478992 | 0.45613409 | 0.45495652 | 0.49965683 | 0.46394654 | 0.46549296 | 0.47905028 | 0.45992300 | 0.45970891 | 0.47317940 | 0.45909091 | 0.47085357 | 0.47163753 | 0.46997319 | 0.01059159
Load 143 | 0.45754386 | 0.46926589 | 0.47458815 | 0.45754885 | 0.47601351 | 0.47165775 | 0.48433561 | 0.46208870 | 0.45630726 | 0.45639229 | 0.46676301 | 0.48286604 | 0.46094571 | 0.45723450 | 0.48448276 | 0.46621861 | 0.46882705 | 0.46810811 | 0.48519680 | 0.46290380 | 0.46846441 | 0.00973535
Load 144 | 0.47798960 | 0.48513140 | 0.47982063 | 0.48228147 | 0.48519905 | 0.48307380 | 0.46428571 | 0.47398230 | 0.47670131 | 0.45010395 | 0.47577553 | 0.46293706 | 0.45990816 | 0.46704465 | 0.50105932 | 0.48875822 | 0.47375550 | 0.45857288 | 0.46385749 | 0.47232858 | 0.47412833 | 0.01180810
Load 145 | 0.46861063 | 0.47741065 | 0.46678322 | 0.48363510 | 0.46847156 | 0.48246546 | 0.47348742 | 0.47605329 | 0.48314607 | 0.46079780 | 0.47449336 | 0.49726776 | 0.49526066 | 0.48832418 | 0.47925951 | 0.46390328 | 0.47075112 | 0.49758621 | 0.48989732 | 0.46952909 | 0.47835668 | 0.01081353
Load 146 | 0.48903879 | 0.47564767 | 0.46760563 | 0.47171752 | 0.48398209 | 0.48774594 | 0.51096121 | 0.47961299 | 0.49064449 | 0.49340102 | 0.47724317 | 0.47034047 | 0.47200000 | 0.48035230 | 0.49042272 | 0.47674808 | 0.49503595 | 0.49175917 | 0.48581197 | 0.48936170 | 0.48397164 | 0.01025889
Load 147 | 0.47208653 | 0.47768763 | 0.48985801 | 0.46545205 | 0.49612925 | 0.50184131 | 0.48492373 | 0.46429853 | 0.46239554 | 0.48204787 | 0.47509447 | 0.48374957 | 0.48256011 | 0.48660131 | 0.48020833 | 0.47370279 | 0.47434070 | 0.49571771 | 0.47636732 | 0.48196832 | 0.48035155 | 0.01029686
Load 148 | 0.48345968 | 0.46760471 | 0.49537343 | 0.50050968 | 0.48639570 | 0.49512535 | 0.46213922 | 0.47812608 | 0.49162965 | 0.48005455 | 0.49443132 | 0.50408363 | 0.48873192 | 0.48680151 | 0.48666436 | 0.48307692 | 0.48002779 | 0.48700866 | 0.45886716 | 0.47580645 | 0.48429589 | 0.01153026
Load 149 | 0.51314902 | 0.48463928 | 0.49300932 | 0.48117014 | 0.46289393 | 0.49092776 | 0.49901121 | 0.49731363 | 0.48182127 | 0.49438966 | 0.49799733 | 0.51061745 | 0.49751902 | 0.48643148 | 0.48518149 | 0.48045603 | 0.49354945 | 0.48405896 | 0.49163537 | 0.49074074 | 0.49082563 | 0.01076611
Load 150 | 0.49191686 | 0.47288649 | 0.48987720 | 0.50971993 | 0.50100739 | 0.49251248 | 0.49411369 | 0.48693351 | 0.52681602 | 0.51173554 | 0.48231293 | 0.48526457 | 0.49474376 | 0.50653704 | 0.49621087 | 0.49732977 | 0.47132254 | 0.50118124 | 0.49949950 | 0.50771812 | 0.49598197 | 0.01284376
Load 151 | 0.48465056 | 0.52318316 | 0.50536913 | 0.48500824 | 0.50000000 | 0.49531199 | 0.49754558 | 0.49198397 | 0.49149771 | 0.49576823 | 0.49493298 | 0.51513179 | 0.49638396 | 0.48019967 | 0.51945525 | 0.52021823 | 0.50642504 | 0.51183432 | 0.49329759 | 0.49547739 | 0.50018374 | 0.01204614
Load 152 | 0.50581771 | 0.49628913 | 0.49778481 | 0.51508197 | 0.50793651 | 0.48089812 | 0.46870794 | 0.50349883 | 0.48894024 | 0.51387949 | 0.51616128 | 0.50966263 | 0.48094748 | 0.49221597 | 0.49755621 | 0.50468801 | 0.49951535 | 0.49722856 | 0.50016145 | 0.50268637 | 0.49898290 | 0.01186342
Load 153 | 0.50097087 | 0.50210970 | 0.51810317 | 0.49131670 | 0.50084488 | 0.53121019 | 0.51033126 | 0.53788618 | 0.48582861 | 0.49151414 | 0.49951784 | 0.50884086 | 0.51013840 | 0.49936306 | 0.49526608 | 0.49537830 | 0.49444631 | 0.49654719 | 0.51099777 | 0.47862673 | 0.50296191 | 0.01390804
Load 154 | 0.51599620 | 0.49836494 | 0.49776786 | 0.50730623 | 0.52236422 | 0.49570201 | 0.50517130 | 0.47733424 | 0.51255298 | 0.49162910 | 0.51609756 | 0.49885284 | 0.48801037 | 0.48807990 | 0.50394997 | 0.50206284 | 0.48176393 | 0.50149651 | 0.49355798 | 0.48370442 | 0.49908827 | 0.01182166
Load 155 | 0.51915829 | 0.49014455 | 0.52674897 | 0.50849631 | 0.50180505 | 0.51687971 | 0.50737179 | 0.50686243 | 0.54361120 | 0.50867052 | 0.51653944 | 0.50570218 | 0.51556420 | 0.52132701 | 0.50651890 | 0.51163532 | 0.49661618 | 0.49935191 | 0.50210424 | 0.52146662 | 0.51132874 | 0.01164031
Load 156 | 0.50760161 | 0.48815020 | 0.50770218 | 0.53145748 | 0.48328076 | 0.51327720 | 0.52651880 | 0.50336646 | 0.50991049 | 0.51709541 | 0.50031990 | 0.51067219 | 0.52495321 | 0.48433420 | 0.50794155 | 0.49020259 | 0.50718954 | 0.51437908 | 0.50494103 | 0.53442830 | 0.50838611 | 0.01416110
Load 157 | 0.53329165 | 0.49574329 | 0.51632719 | 0.51152510 | 0.51028404 | 0.52128000 | 0.50605096 | 0.50421530 | 0.51885522 | 0.51464036 | 0.51732991 | 0.52675693 | 0.51067899 | 0.50611861 | 0.51090047 | 0.53266015 | 0.51842520 | 0.51434949 | 0.50098296 | 0.51663974 | 0.51435278 | 0.00939453
Load 158 | 0.51347923 | 0.50776699 | 0.51196936 | 0.52600395 | 0.51716672 | 0.49627952 | 0.52234548 | 0.52599010 | 0.50933677 | 0.51407782 | 0.52074027 | 0.52433628 | 0.51366815 | 0.51201011 | 0.51848341 | 0.48758535 | 0.52140575 | 0.52064292 | 0.52117573 | 0.53302034 | 0.51587421 | 0.01015555
Load 159 | 0.51522843 | 0.50975534 | 0.51448809 | 0.51109741 | 0.49937383 | 0.53285853 | 0.52382407 | 0.52332913 | 0.51276463 | 0.51486698 | 0.49085750 | 0.51281240 | 0.53484655 | 0.53860523 | 0.52924348 | 0.50784502 | 0.49951378 | 0.51042669 | 0.51764706 | 0.51987480 | 0.51596295 | 0.01188314
Load 160 | 0.52459016 | 0.52638152 | 0.50918885 | 0.51909345 | 0.51806844 | 0.51290932 | 0.51552994 | 0.51170886 | 0.51042984 | 0.51399569 | 0.52200677 | 0.53030303 | 0.50530464 | 0.53301176 | 0.53042409 | 0.50963930 | 0.51383648 | 0.50457558 | 0.53413023 | 0.51249605 | 0.51788120 | 0.00895378
Load 161 | 0.54165326 | 0.53203518 | 0.51019128 | 0.51790634 | 0.53279951 | 0.51033386 | 0.51066539 | 0.52838164 | 0.52259453 | 0.53368356 | 0.52703562 | 0.53980100 | 0.52073733 | 0.52403846 | 0.51918317 | 0.53586889 | 0.52490775 | 0.51668727 | 0.51478369 | 0.52817574 | 0.52457317 | 0.00933991
Load 162 | 0.50754243 | 0.53959132 | 0.52003757 | 0.52097471 | 0.51100093 | 0.54732386 | 0.52566096 | 0.51788444 | 0.52229688 | 0.51494911 | 0.52063589 | 0.53267453 | 0.55139903 | 0.53881988 | 0.51956857 | 0.53928684 | 0.52420343 | 0.52959599 | 0.52264917 | 0.52503090 | 0.52655632 | 0.01138096
Load 163 | 0.53957901 | 0.54949314 | 0.53916614 | 0.50373367 | 0.54340439 | 0.52939385 | 0.55488540 | 0.51588036 | 0.54094214 | 0.54525661 | 0.52838164 | 0.52554745 | 0.51772616 | 0.52300613 | 0.53721582 | 0.52964918 | 0.54460799 | 0.52831970 | 0.52380952 | 0.54180602 | 0.53309022 | 0.01239757
Load 164 | 0.53214174 | 0.52132556 | 0.52957317 | 0.54589082 | 0.52868357 | 0.53349723 | 0.53621002 | 0.52683658 | 0.51770708 | 0.51810237 | 0.53896296 | 0.52813853 | 0.53992166 | 0.54122939 | 0.53379602 | 0.54925282 | 0.51949257 | 0.55072895 | 0.52241066 | 0.52567609 | 0.53197889 | 0.00979599
Load 165 | 0.51715761 | 0.55070296 | 0.54225352 | 0.52893841 | 0.55173454 | 0.53050076 | 0.55836808 | 0.54350453 | 0.52012195 | 0.51647693 | 0.51459293 | 0.54766855 | 0.52767640 | 0.53770492 | 0.55067265 | 0.52861538 | 0.53689645 | 0.54105703 | 0.54185833 | 0.55575379 | 0.53711279 | 0.01321076
Load 166 | 0.53643178 | 0.52759988 | 0.55068653 | 0.54877319 | 0.53807850 | 0.52975460 | 0.53535651 | 0.55105686 | 0.54621329 | 0.53759287 | 0.54222357 | 0.54441433 | 0.54550916 | 0.52877138 | 0.55108632 | 0.52455919 | 0.53291063 | 0.53074627 | 0.52870180 | 0.54471789 | 0.53875923 | 0.00851980
Load 167 | 0.54478491 | 0.54144928 | 0.55025657 | 0.54548211 | 0.54585799 | 0.54719854 | 0.55176651 | 0.54035404 | 0.53754941 | 0.54729136 | 0.54018524 | 0.53562874 | 0.53481301 | 0.54113231 | 0.53027076 | 0.55672269 | 0.55831853 | 0.53313343 | 0.55264706 | 0.54324245 | 0.54390425 | 0.00746351
Load 168 | 0.55113968 | 0.55407452 | 0.56000000 | 0.54817670 | 0.54234855 | 0.55386905 | 0.53123086 | 0.55039228 | 0.54156091 | 0.54794934 | 0.57299054 | 0.54905993 | 0.53793918 | 0.55892649 | 0.53972032 | 0.54248750 | 0.57417662 | 0.54863582 | 0.55952381 | 0.55680437 | 0.55105032 | 0.01058445
Load 169 | 0.54331646 | 0.54266827 | 0.53333333 | 0.54831995 | 0.54664391 | 0.55614973 | 0.54420550 | 0.53538283 | 0.54952550 | 0.52448566 | 0.54240336 | 0.53231492 | 0.55106197 | 0.55784285 | 0.53447766 | 0.54617647 | 0.55602283 | 0.55483491 | 0.54006116 | 0.53139081 | 0.54353090 | 0.00917326
Load 170 | 0.53909708 | 0.54389140 | 0.54022314 | 0.53850625 | 0.52997316 | 0.53346797 | 0.53431226 | 0.54461355 | 0.55919241 | 0.56490600 | 0.54681100 | 0.56352941 | 0.53937593 | 0.53387613 | 0.54080717 | 0.54040115 | 0.56101793 | 0.53350970 | 0.55406587 | 0.54124926 | 0.54414134 | 0.01044686
Load 171 | 0.55332752 | 0.53771074 | 0.54660895 | 0.53127703 | 0.55857988 | 0.55711825 | 0.55799826 | 0.56800462 | 0.55996498 | 0.56313204 | 0.55927682 | 0.56270382 | 0.54709024 | 0.55979644 | 0.54761180 | 0.56690042 | 0.55886607 | 0.54491374 | 0.53514144 | 0.54476302 | 0.55303931 | 0.01029433
Load 172 | 0.54300270 | 0.57359370 | 0.53542857 | 0.56083260 | 0.54556213 | 0.56552707 | 0.54917550 | 0.52802788 | 0.54045984 | 0.54416037 | 0.56430446 | 0.53951589 | 0.55175464 | 0.55049333 | 0.55811277 | 0.56404299 | 0.55549065 | 0.55635838 | 0.54673721 | 0.55214368 | 0.55123622 | 0.01104713
Load 173 | 0.56250000 | 0.53714947 | 0.54257768 | 0.57660485 | 0.56190476 | 0.54510386 | 0.56419896 | 0.56583942 | 0.54058673 | 0.55712188 | 0.55803831 | 0.54553364 | 0.53679027 | 0.54171563 | 0.55207724 | 0.56057143 | 0.56442779 | 0.56811102 | 0.56264045 | 0.56469921 | 0.55540963 | 0.01142873
Load 174 | 0.54159445 | 0.56363106 | 0.57594028 | 0.56680280 | 0.53439306 | 0.55367879 | 0.57531078 | 0.54867257 | 0.56472957 | 0.54522111 | 0.56216062 | 0.55261645 | 0.55498429 | 0.54401611 | 0.54989876 | 0.56024270 | 0.55787691 | 0.56759840 | 0.53401760 | 0.55663062 | 0.55550085 | 0.01169885
Load 175 | 0.57134621 | 0.56088455 | 0.56121281 | 0.57310109 | 0.54938272 | 0.54248555 | 0.57823326 | 0.54988399 | 0.55444126 | 0.55940594 | 0.56741573 | 0.58013738 | 0.57158868 | 0.56468231 | 0.56693137 | 0.55811277 | 0.55429221 | 0.56514186 | 0.55765490 | 0.56072874 | 0.56235317 | 0.00951521
Load 176 | 0.57837079 | 0.57155001 | 0.56393536 | 0.56499860 | 0.55836972 | 0.54729730 | 0.56066591 | 0.58164141 | 0.56722447 | 0.58337816 | 0.57507549 | 0.57416953 | 0.57327215 | 0.56001138 | 0.55843424 | 0.56126482 | 0.56680162 | 0.55730209 | 0.55471698 | 0.57274504 | 0.56656125 | 0.00931138
Load 177 | 0.56510264 | 0.57522124 | 0.55000000 | 0.58273973 | 0.55535977 | 0.56132879 | 0.57456516 | 0.57331042 | 0.54542865 | 0.55850014 | 0.56869806 | 0.57783858 | 0.57070423 | 0.57094595 | 0.56910801 | 0.56456626 | 0.56248253 | 0.56131805 | 0.53329473 | 0.55848292 | 0.56394979 | 0.01150093
Load 178 | 0.56227260 | 0.56428172 | 0.56970693 | 0.56765120 | 0.55577029 | 0.56559932 | 0.56664823 | 0.55875642 | 0.54824813 | 0.56534172 | 0.57950028 | 0.59100999 | 0.56605923 | 0.55653160 | 0.58436795 | 0.57541121 | 0.56127588 | 0.57426288 | 0.56403732 | 0.56718973 | 0.56719613 | 0.00973956
Load 179 | 0.57462483 | 0.56548111 | 0.59486607 | 0.56716001 | 0.56595390 | 0.55966620 | 0.56476829 | 0.57442641 | 0.56195175 | 0.57438368 | 0.57036400 | 0.55905284 | 0.58234979 | 0.55860909 | 0.58368495 | 0.55929444 | 0.57645429 | 0.56852513 | 0.56433084 | 0.55519036 | 0.56905690 | 0.00975692
Load 180 | 0.57502709 | 0.56226001 | 0.57742639 | 0.58405594 | 0.56857223 | 0.56169738 | 0.58844765 | 0.54828748 | 0.56299320 | 0.57142857 | 0.58407080 | 0.56768190 | 0.57317412 | 0.56956763 | 0.56558266 | 0.57833008 | 0.56674145 | 0.57871640 | 0.57071823 | 0.58856346 | 0.57216713 | 0.00977769
Load 181 | 0.57981803 | 0.58915389 | 0.56127248 | 0.57370065 | 0.59008888 | 0.58741067 | 0.58608554 | 0.56880734 | 0.56803754 | 0.55941549 | 0.57795699 | 0.56525308 | 0.58930064 | 0.56095457 | 0.57106812 | 0.59330937 | 0.57182706 | 0.56533700 | 0.58061798 | 0.56491521 | 0.57521653 | 0.01081656
Load 182 | 0.58342572 | 0.58093427 | 0.58133333 | 0.57763453 | 0.58548519 | 0.56184717 | 0.59956116 | 0.57378401 | 0.56734578 | 0.59115870 | 0.56659267 | 0.56204181 | 0.54786940 | 0.56484228 | 0.57622529 | 0.56920943 | 0.55939643 | 0.56283536 | 0.59555189 | 0.55745996 | 0.57322672 | 0.01328926
Load 183 | 0.57435198 | 0.59725652 | 0.56728085 | 0.58142702 | 0.56350083 | 0.58317241 | 0.57747253 | 0.56711874 | 0.57934990 | 0.57643909 | 0.56742508 | 0.56883552 | 0.57828352 | 0.55775578 | 0.59132611 | 0.55913978 | 0.58776167 | 0.58518719 | 0.54988662 | 0.56631811 | 0.57396446 | 0.01174259
Load 184 | 0.56354916 | 0.58746317 | 0.57894737 | 0.58900027 | 0.58908123 | 0.58706332 | 0.57788119 | 0.57478089 | 0.57527778 | 0.58225762 | 0.56945213 | 0.58087005 | 0.57554909 | 0.57481163 | 0.58902636 | 0.57166080 | 0.57228916 | 0.58253227 | 0.57104413 | 0.58422747 | 0.57883825 | 0.00723410
Load 185 | 0.59203187 | 0.58776807 | 0.57608994 | 0.57878068 | 0.57018261 | 0.57008086 | 0.58620690 | 0.58283542 | 0.58771459 | 0.59616438 | 0.58775287 | 0.58085629 | 0.59116771 | 0.59059327 | 0.58280757 | 0.58214574 | 0.58570290 | 0.59587345 | 0.56734469 | 0.58696838 | 0.58395341 | 0.00798404
Load 186 | 0.58322307 | 0.58526089 | 0.59937484 | 0.59371700 | 0.59412874 | 0.59994677 | 0.59284359 | 0.58502132 | 0.58762337 | 0.57518092 | 0.58976420 | 0.59227001 | 0.58387800 | 0.57241761 | 0.58353446 | 0.58726733 | 0.57576586 | 0.59698732 | 0.58881755 | 0.58322020 | 0.58751215 | 0.00748435
Load 187 | 0.57893361 | 0.58760246 | 0.59622444 | 0.59580267 | 0.59198113 | 0.58992999 | 0.59906951 | 0.58433420 | 0.59012016 | 0.58261803 | 0.59055541 | 0.58960621 | 0.57927322 | 0.61606663 | 0.59073259 | 0.58807947 | 0.57894737 | 0.58958774 | 0.59279182 | 0.59348739 | 0.59028720 | 0.00810334
Load 188 | 0.59590121 | 0.57814178 | 0.59777719 | 0.58098958 | 0.57850146 | 0.58953393 | 0.59639175 | 0.59101844 | 0.59141201 | 0.58268975 | 0.59183673 | 0.60213098 | 0.57558140 | 0.59355011 | 0.58416100 | 0.59822593 | 0.57453980 | 0.60513352 | 0.58968908 | 0.57558140 | 0.58863935 | 0.00910679
Load 189 | 0.57792732 | 0.59077501 | 0.58432182 | 0.59358570 | 0.58333333 | 0.58772620 | 0.58658471 | 0.58992042 | 0.60714286 | 0.58750000 | 0.60413938 | 0.60599846 | 0.58545648 | 0.60594796 | 0.60444079 | 0.61528361 | 0.61082070 | 0.59273875 | 0.57184134 | 0.58660807 | 0.59360465 | 0.01151931
Load 190 | 0.57971786 | 0.60182055 | 0.60068349 | 0.58928098 | 0.58793970 | 0.58557845 | 0.60758472 | 0.59898089 | 0.57876438 | 0.60455378 | 0.58967606 | 0.60469314 | 0.58860265 | 0.58956797 | 0.59003633 | 0.58689229 | 0.57461683 | 0.59482993 | 0.59130665 | 0.58274138 | 0.59139340 | 0.00898653
Load 191 | 0.60411780 | 0.60057546 | 0.61114030 | 0.60169928 | 0.58580037 | 0.58348721 | 0.58750964 | 0.58509252 | 0.58135861 | 0.60114554 | 0.60584518 | 0.59720457 | 0.60423117 | 0.58674916 | 0.58423127 | 0.59394410 | 0.59019759 | 0.60750853 | 0.58207772 | 0.60188487 | 0.59479004 | 0.00948891
Load 192 | 0.59435672 | 0.59994939 | 0.61270648 | 0.59292035 | 0.60615385 | 0.60457262 | 0.58893485 | 0.60016199 | 0.60592316 | 0.58177215 | 0.58879959 | 0.60062729 | 0.60046912 | 0.60335052 | 0.59484106 | 0.60217046 | 0.58820473 | 0.59918409 | 0.58774007 | 0.60679362 | 0.59798160 | 0.00779550
Load 193 | 0.61913087 | 0.61508041 | 0.59624775 | 0.60282413 | 0.58421892 | 0.59928260 | 0.58687943 | 0.59322917 | 0.58391518 | 0.59994977 | 0.60105714 | 0.60901309 | 0.59043234 | 0.59280959 | 0.60546394 | 0.62279793 | 0.60331230 | 0.61327112 | 0.60300316 | 0.60896951 | 0.60154442 | 0.01083004
Load 194 | 0.60356688 | 0.58172827 | 0.61359026 | 0.60715198 | 0.60843685 | 0.59567345 | 0.60128370 | 0.59177942 | 0.60682876 | 0.61763963 | 0.59602649 | 0.60025707 | 0.60391260 | 0.59942060 | 0.61077390 | 0.61263807 | 0.59271782 | 0.60041408 | 0.59994841 | 0.57664234 | 0.60102153 | 0.00996130
Load 195 | 0.61098100 | 0.60321921 | 0.61179116 | 0.61155779 | 0.61432439 | 0.62189182 | 0.58962885 | 0.60108724 | 0.61148649 | 0.59340659 | 0.60779221 | 0.59564541 | 0.60062565 | 0.60734177 | 0.61056191 | 0.60124127 | 0.61093831 | 0.60338101 | 0.60404402 | 0.59322034 | 0.60520832 | 0.00796896
Load 196 | 0.60030472 | 0.61320281 | 0.61733229 | 0.60845070 | 0.61267781 | 0.59208218 | 0.60866162 | 0.62343949 | 0.59902389 | 0.59841513 | 0.61215190 | 0.61773142 | 0.58233142 | 0.60296706 | 0.60240361 | 0.61203161 | 0.61538462 | 0.60878447 | 0.60177866 | 0.59194665 | 0.60605510 | 0.00994918
Load 197 | 0.59360040 | 0.60130039 | 0.60661950 | 0.61008578 | 0.60005177 | 0.61334642 | 0.61885657 | 0.61111111 | 0.60920986 | 0.60223725 | 0.60959083 | 0.61248439 | 0.60825267 | 0.60490046 | 0.61064639 | 0.60778752 | 0.60468042 | 0.61343473 | 0.61993927 | 0.60828811 | 0.60832119 | 0.00605370
Load 198 | 0.59554873 | 0.62235116 | 0.59990265 | 0.59355166 | 0.61446397 | 0.61592920 | 0.58970438 | 0.59711860 | 0.62063023 | 0.60892587 | 0.59259259 | 0.60927492 | 0.61344113 | 0.60844720 | 0.60781841 | 0.61081627 | 0.61197007 | 0.61424332 | 0.60914603 | 0.62679065 | 0.60813335 | 0.01009716
Load 199 | 0.61449421 | 0.59060403 | 0.61572591 | 0.61797475 | 0.61984308 | 0.61920039 | 0.59940579 | 0.61989607 | 0.59451446 | 0.59328267 | 0.61770003 | 0.61320281 | 0.61725000 | 0.60701666 | 0.62761506 | 0.61765441 | 0.60859671 | 0.60516325 | 0.61053412 | 0.60298583 | 0.61063301 | 0.00992593
Load 200 | 0.60829960 | 0.61188555 | 0.59112560 | 0.60580596 | 0.61572373 | 0.60433807 | 0.59333850 | 0.62037037 | 0.62462981 | 0.63139593 | 0.60083620 | 0.60005072 | 0.61426419 | 0.62888617 | 0.59945233 | 0.59929524 | 0.60381143 | 0.62531017 | 0.61204941 | 0.60041248 | 0.60956407 | 0.01151253
