# TODAS AS PROBABILIDADES (20 SIMULAÇÕES)
# Requisição 4: [4,11]
# Modo: CONJUNTO
# Data: 2026-02-11 20:35:05
# ================================================================================
# Formato: Load | Sim1 | Sim2 | ... | Sim20 | Média | DesvioPadrão
# ================================================================================

Load   1 | 0.00000000 | 0.00000000 | 0.00000000 | 0.00000000 | 0.00000000 | 0.00000000 | 0.00000000 | 0.00000000 | 0.00000000 | 0.00000000 | 0.00000000 | 0.00000000 | 0.00000000 | 0.00000000 | 0.00000000 | 0.00000000 | 0.00000000 | 0.00000000 | 0.00000000 | 0.00000000 | 0.00000000 | 0.00000000
Load   2 | 0.00000000 | 0.00000000 | 0.00000000 | 0.00000000 | 0.00000000 | 0.00000000 | 0.00000000 | 0.00000000 | 0.00000000 | 0.00000000 | 0.00000000 | 0.00000000 | 0.00000000 | 0.00000000 | 0.00000000 | 0.00000000 | 0.00000000 | 0.00000000 | 0.00000000 | 0.00000000 | 0.00000000 | 0.00000000
Load   3 | 0.00000000 | 0.00000000 | 0.00000000 | 0.00000000 | 0.00000000 | 0.00000000 | 0.00000000 | 0.00000000 | 0.00000000 | 0.00000000 | 0.00000000 | 0.00000000 | 0.00000000 | 0.00000000 | 0.00000000 | 0.00000000 | 0.00000000 | 0.00000000 | 0.00000000 | 0.00000000 | 0.00000000 | 0.00000000
Load   4 | 0.00000000 | 0.00000000 | 0.00000000 | 0.00000000 | 0.00000000 | 0.00000000 | 0.00000000 | 0.00000000 | 0.00000000 | 0.00000000 | 0.00000000 | 0.00000000 | 0.00000000 | 0.00000000 | 0.00000000 | 0.00000000 | 0.00000000 | 0.00000000 | 0.00000000 | 0.00000000 | 0.00000000 | 0.00000000
Load   5 | 0.00000000 | 0.00000000 | 0.00000000 | 0.00000000 | 0.00000000 | 0.00000000 | 0.00000000 | 0.00000000 | 0.00000000 | 0.00000000 | 0.00000000 | 0.00000000 | 0.00000000 | 0.00000000 | 0.00000000 | 0.00000000 | 0.00000000 | 0.00000000 | 0.00000000 | 0.00000000 | 0.00000000 | 0.00000000
Load   6 | 0.00000000 | 0.00000000 | 0.00000000 | 0.00000000 | 0.00000000 | 0.00000000 | 0.00000000 | 0.00000000 | 0.00000000 | 0.00000000 | 0.00000000 | 0.00000000 | 0.00000000 | 0.00000000 | 0.00000000 | 0.00000000 | 0.00000000 | 0.00000000 | 0.00000000 | 0.00000000 | 0.00000000 | 0.00000000
Load   7 | 0.00000000 | 0.00000000 | 0.00000000 | 0.00000000 | 0.00000000 | 0.00000000 | 0.00000000 | 0.00000000 | 0.00000000 | 0.00000000 | 0.00000000 | 0.00000000 | 0.00000000 | 0.00000000 | 0.00000000 | 0.00000000 | 0.00000000 | 0.00000000 | 0.00000000 | 0.00000000 | 0.00000000 | 0.00000000
Load   8 | 0.00000000 | 0.00000000 | 0.00000000 | 0.00000000 | 0.00000000 | 0.00000000 | 0.00000000 | 0.00000000 | 0.00000000 | 0.00000000 | 0.00000000 | 0.00000000 | 0.00000000 | 0.00000000 | 0.00000000 | 0.00000000 | 0.00000000 | 0.00000000 | 0.00000000 | 0.00000000 | 0.00000000 | 0.00000000
Load   9 | 0.00000000 | 0.00000000 | 0.00000000 | 0.00000000 | 0.00000000 | 0.00000000 | 0.00000000 | 0.00000000 | 0.00000000 | 0.00000000 | 0.00000000 | 0.00000000 | 0.00000000 | 0.00000000 | 0.00000000 | 0.00000000 | 0.00000000 | 0.00000000 | 0.00000000 | 0.00000000 | 0.00000000 | 0.00000000
Load  10 | 0.00000000 | 0.00000000 | 0.00000000 | 0.00000000 | 0.00000000 | 0.00000000 | 0.00000000 | 0.00000000 | 0.00000000 | 0.00000000 | 0.00000000 | 0.00000000 | 0.00000000 | 0.00000000 | 0.00000000 | 0.00000000 | 0.00000000 | 0.00000000 | 0.00000000 | 0.00000000 | 0.00000000 | 0.00000000
Load  11 | 0.00000000 | 0.00000000 | 0.00000000 | 0.00000000 | 0.00000000 | 0.00000000 | 0.00000000 | 0.00000000 | 0.00000000 | 0.00000000 | 0.00000000 | 0.00000000 | 0.00000000 | 0.00000000 | 0.00000000 | 0.00000000 | 0.00000000 | 0.00000000 | 0.00000000 | 0.00000000 | 0.00000000 | 0.00000000
Load  12 | 0.00000000 | 0.00000000 | 0.00000000 | 0.00000000 | 0.00000000 | 0.00000000 | 0.00000000 | 0.00000000 | 0.00000000 | 0.00000000 | 0.00000000 | 0.00000000 | 0.00000000 | 0.00000000 | 0.00000000 | 0.00000000 | 0.00000000 | 0.00000000 | 0.00000000 | 0.00000000 | 0.00000000 | 0.00000000
Load  13 | 0.00000000 | 0.00000000 | 0.00000000 | 0.00000000 | 0.00000000 | 0.00000000 | 0.00000000 | 0.00000000 | 0.00000000 | 0.00000000 | 0.00000000 | 0.00000000 | 0.00000000 | 0.00000000 | 0.00000000 | 0.00000000 | 0.00000000 | 0.00000000 | 0.00000000 | 0.00000000 | 0.00000000 | 0.00000000
Load  14 | 0.00000000 | 0.00000000 | 0.00000000 | 0.00000000 | 0.00000000 | 0.00000000 | 0.00000000 | 0.00000000 | 0.00000000 | 0.00000000 | 0.00000000 | 0.00000000 | 0.00000000 | 0.00000000 | 0.00000000 | 0.00000000 | 0.00000000 | 0.00000000 | 0.00000000 | 0.00000000 | 0.00000000 | 0.00000000
Load  15 | 0.00000000 | 0.00000000 | 0.00000000 | 0.00000000 | 0.00000000 | 0.00000000 | 0.00000000 | 0.00000000 | 0.00000000 | 0.00000000 | 0.00000000 | 0.00000000 | 0.00000000 | 0.00000000 | 0.00000000 | 0.00000000 | 0.00000000 | 0.00000000 | 0.00000000 | 0.00000000 | 0.00000000 | 0.00000000
Load  16 | 0.00000000 | 0.00000000 | 0.00000000 | 0.00000000 | 0.00000000 | 0.00000000 | 0.00000000 | 0.00000000 | 0.00000000 | 0.00000000 | 0.00000000 | 0.00000000 | 0.00000000 | 0.00000000 | 0.00000000 | 0.00000000 | 0.00000000 | 0.00000000 | 0.00000000 | 0.00000000 | 0.00000000 | 0.00000000
Load  17 | 0.00000000 | 0.00000000 | 0.00000000 | 0.00000000 | 0.00000000 | 0.00000000 | 0.00000000 | 0.00000000 | 0.00000000 | 0.00000000 | 0.00000000 | 0.00000000 | 0.00000000 | 0.00000000 | 0.00000000 | 0.00000000 | 0.00000000 | 0.00000000 | 0.00000000 | 0.00000000 | 0.00000000 | 0.00000000
Load  18 | 0.00000000 | 0.00000000 | 0.00000000 | 0.00000000 | 0.00000000 | 0.00000000 | 0.00000000 | 0.00000000 | 0.00000000 | 0.00000000 | 0.00000000 | 0.00000000 | 0.00000000 | 0.00000000 | 0.00000000 | 0.00000000 | 0.00000000 | 0.00000000 | 0.00000000 | 0.00000000 | 0.00000000 | 0.00000000
Load  19 | 0.00000000 | 0.00000000 | 0.00000000 | 0.00000000 | 0.00000000 | 0.00000000 | 0.00000000 | 0.00000000 | 0.00000000 | 0.00000000 | 0.00000000 | 0.00000000 | 0.00000000 | 0.00000000 | 0.00000000 | 0.00000000 | 0.00000000 | 0.00000000 | 0.00000000 | 0.00000000 | 0.00000000 | 0.00000000
Load  20 | 0.00000000 | 0.00000000 | 0.00000000 | 0.00000000 | 0.00000000 | 0.00000000 | 0.00000000 | 0.00000000 | 0.00000000 | 0.00000000 | 0.00000000 | 0.00000000 | 0.00000000 | 0.00000000 | 0.00000000 | 0.00000000 | 0.00000000 | 0.00000000 | 0.00000000 | 0.00000000 | 0.00000000 | 0.00000000
Load  21 | 0.00000000 | 0.00000000 | 0.00000000 | 0.00000000 | 0.00000000 | 0.00000000 | 0.00000000 | 0.00000000 | 0.00000000 | 0.00000000 | 0.00000000 | 0.00000000 | 0.00000000 | 0.00000000 | 0.00000000 | 0.00000000 | 0.00000000 | 0.00000000 | 0.00000000 | 0.00000000 | 0.00000000 | 0.00000000
Load  22 | 0.00000000 | 0.00000000 | 0.00000000 | 0.00000000 | 0.00000000 | 0.00000000 | 0.00000000 | 0.00000000 | 0.00000000 | 0.00000000 | 0.00000000 | 0.00000000 | 0.00000000 | 0.00000000 | 0.00000000 | 0.00000000 | 0.00000000 | 0.00000000 | 0.00000000 | 0.00000000 | 0.00000000 | 0.00000000
Load  23 | 0.00000000 | 0.00000000 | 0.00000000 | 0.00000000 | 0.00000000 | 0.00000000 | 0.00000000 | 0.00000000 | 0.00000000 | 0.00000000 | 0.00000000 | 0.00000000 | 0.00000000 | 0.00000000 | 0.00000000 | 0.00000000 | 0.00000000 | 0.00000000 | 0.00000000 | 0.00000000 | 0.00000000 | 0.00000000
Load  24 | 0.00000000 | 0.00000000 | 0.00000000 | 0.00000000 | 0.00000000 | 0.00000000 | 0.00000000 | 0.00000000 | 0.00000000 | 0.00000000 | 0.00000000 | 0.00000000 | 0.00000000 | 0.00000000 | 0.00000000 | 0.00000000 | 0.00000000 | 0.00000000 | 0.00000000 | 0.00000000 | 0.00000000 | 0.00000000
Load  25 | 0.00000000 | 0.00000000 | 0.00000000 | 0.00000000 | 0.00000000 | 0.00000000 | 0.00000000 | 0.00000000 | 0.00000000 | 0.00000000 | 0.00000000 | 0.00000000 | 0.00000000 | 0.00000000 | 0.00000000 | 0.00000000 | 0.00000000 | 0.00000000 | 0.00000000 | 0.00000000 | 0.00000000 | 0.00000000
Load  26 | 0.00000000 | 0.00000000 | 0.00000000 | 0.00000000 | 0.00000000 | 0.00000000 | 0.00000000 | 0.00000000 | 0.00000000 | 0.00000000 | 0.00000000 | 0.00000000 | 0.00000000 | 0.00000000 | 0.00000000 | 0.00000000 | 0.00000000 | 0.00000000 | 0.00000000 | 0.00000000 | 0.00000000 | 0.00000000
Load  27 | 0.00000000 | 0.00000000 | 0.00000000 | 0.00000000 | 0.00000000 | 0.00000000 | 0.00000000 | 0.00000000 | 0.00000000 | 0.00000000 | 0.00000000 | 0.00000000 | 0.00000000 | 0.00000000 | 0.00000000 | 0.00000000 | 0.00000000 | 0.00000000 | 0.00000000 | 0.00000000 | 0.00000000 | 0.00000000
Load  28 | 0.00000000 | 0.00000000 | 0.00000000 | 0.00000000 | 0.00000000 | 0.00000000 | 0.00000000 | 0.00000000 | 0.00000000 | 0.00000000 | 0.00000000 | 0.00000000 | 0.00000000 | 0.00000000 | 0.00000000 | 0.00000000 | 0.00000000 | 0.00000000 | 0.00000000 | 0.00000000 | 0.00000000 | 0.00000000
Load  29 | 0.00000000 | 0.00000000 | 0.00000000 | 0.00000000 | 0.00000000 | 0.00000000 | 0.00000000 | 0.00000000 | 0.00000000 | 0.00000000 | 0.00000000 | 0.00000000 | 0.00000000 | 0.00000000 | 0.00000000 | 0.00000000 | 0.00000000 | 0.00000000 | 0.00000000 | 0.00000000 | 0.00000000 | 0.00000000
Load  30 | 0.00000000 | 0.00000000 | 0.00000000 | 0.00000000 | 0.00000000 | 0.00000000 | 0.00000000 | 0.00000000 | 0.00000000 | 0.00000000 | 0.00000000 | 0.00000000 | 0.00000000 | 0.00000000 | 0.00000000 | 0.00000000 | 0.00000000 | 0.00000000 | 0.00000000 | 0.00000000 | 0.00000000 | 0.00000000
Load  31 | 0.00000000 | 0.00000000 | 0.00000000 | 0.00000000 | 0.00000000 | 0.00000000 | 0.00000000 | 0.00000000 | 0.00000000 | 0.00000000 | 0.00000000 | 0.00000000 | 0.00000000 | 0.00000000 | 0.00000000 | 0.00000000 | 0.00000000 | 0.00000000 | 0.00000000 | 0.00000000 | 0.00000000 | 0.00000000
Load  32 | 0.00000000 | 0.00000000 | 0.00000000 | 0.00000000 | 0.00000000 | 0.00000000 | 0.00000000 | 0.00000000 | 0.00000000 | 0.00000000 | 0.00000000 | 0.00000000 | 0.00000000 | 0.00000000 | 0.00000000 | 0.00000000 | 0.00000000 | 0.00000000 | 0.00000000 | 0.00000000 | 0.00000000 | 0.00000000
Load  33 | 0.00000000 | 0.00000000 | 0.00000000 | 0.00000000 | 0.00000000 | 0.00000000 | 0.00000000 | 0.00000000 | 0.00000000 | 0.00000000 | 0.00000000 | 0.00000000 | 0.00000000 | 0.00000000 | 0.00000000 | 0.00000000 | 0.00000000 | 0.00000000 | 0.00000000 | 0.00000000 | 0.00000000 | 0.00000000
Load  34 | 0.00000000 | 0.00000000 | 0.00000000 | 0.00000000 | 0.00000000 | 0.00000000 | 0.00000000 | 0.00000000 | 0.00000000 | 0.00000000 | 0.00000000 | 0.00000000 | 0.00000000 | 0.00000000 | 0.00000000 | 0.00000000 | 0.00000000 | 0.00000000 | 0.00000000 | 0.00000000 | 0.00000000 | 0.00000000
Load  35 | 0.00000000 | 0.00000000 | 0.00000000 | 0.00000000 | 0.00000000 | 0.00000000 | 0.00000000 | 0.00000000 | 0.00000000 | 0.00000000 | 0.00000000 | 0.00000000 | 0.00000000 | 0.00000000 | 0.00000000 | 0.00000000 | 0.00000000 | 0.00000000 | 0.00000000 | 0.00000000 | 0.00000000 | 0.00000000
Load  36 | 0.00000000 | 0.00000000 | 0.00000000 | 0.00000000 | 0.00000000 | 0.00000000 | 0.00000000 | 0.00000000 | 0.00000000 | 0.00000000 | 0.00000000 | 0.00000000 | 0.00000000 | 0.00000000 | 0.00000000 | 0.00000000 | 0.00000000 | 0.00000000 | 0.00000000 | 0.00000000 | 0.00000000 | 0.00000000
Load  37 | 0.00000000 | 0.00000000 | 0.00000000 | 0.00000000 | 0.00000000 | 0.00000000 | 0.00000000 | 0.00000000 | 0.00000000 | 0.00000000 | 0.00000000 | 0.00000000 | 0.00000000 | 0.00000000 | 0.00000000 | 0.00000000 | 0.00000000 | 0.00000000 | 0.00000000 | 0.00000000 | 0.00000000 | 0.00000000
Load  38 | 0.00000000 | 0.00000000 | 0.00000000 | 0.00000000 | 0.00000000 | 0.00000000 | 0.00000000 | 0.00000000 | 0.00000000 | 0.00000000 | 0.00000000 | 0.00000000 | 0.00000000 | 0.00000000 | 0.00000000 | 0.00000000 | 0.00000000 | 0.00000000 | 0.00000000 | 0.00000000 | 0.00000000 | 0.00000000
Load  39 | 0.00000000 | 0.00000000 | 0.00000000 | 0.00000000 | 0.00000000 | 0.00000000 | 0.00000000 | 0.00000000 | 0.00000000 | 0.00000000 | 0.00000000 | 0.00000000 | 0.00000000 | 0.00000000 | 0.00000000 | 0.00000000 | 0.00000000 | 0.00000000 | 0.00000000 | 0.00000000 | 0.00000000 | 0.00000000
Load  40 | 0.00000000 | 0.00000000 | 0.00000000 | 0.00000000 | 0.00000000 | 0.00000000 | 0.00000000 | 0.00000000 | 0.00000000 | 0.00000000 | 0.00000000 | 0.00000000 | 0.00000000 | 0.00000000 | 0.00000000 | 0.00000000 | 0.00000000 | 0.00000000 | 0.00000000 | 0.00000000 | 0.00000000 | 0.00000000
Load  41 | 0.00000000 | 0.00000000 | 0.00000000 | 0.00000000 | 0.00000000 | 0.00000000 | 0.00000000 | 0.00000000 | 0.00000000 | 0.00000000 | 0.00000000 | 0.00000000 | 0.00000000 | 0.00000000 | 0.00000000 | 0.00000000 | 0.00000000 | 0.00000000 | 0.00000000 | 0.00000000 | 0.00000000 | 0.00000000
Load  42 | 0.00000000 | 0.00000000 | 0.00000000 | 0.00000000 | 0.00000000 | 0.00000000 | 0.00000000 | 0.00000000 | 0.00000000 | 0.00000000 | 0.00000000 | 0.00000000 | 0.00000000 | 0.00000000 | 0.00000000 | 0.00000000 | 0.00000000 | 0.00000000 | 0.00000000 | 0.00000000 | 0.00000000 | 0.00000000
Load  43 | 0.00000000 | 0.00000000 | 0.00000000 | 0.00000000 | 0.00000000 | 0.00000000 | 0.00000000 | 0.00000000 | 0.00000000 | 0.00000000 | 0.00000000 | 0.00000000 | 0.00000000 | 0.00000000 | 0.00000000 | 0.00000000 | 0.00000000 | 0.00000000 | 0.00000000 | 0.00000000 | 0.00000000 | 0.00000000
Load  44 | 0.00000000 | 0.00000000 | 0.00000000 | 0.00000000 | 0.00000000 | 0.00109170 | 0.00000000 | 0.00000000 | 0.00000000 | 0.00000000 | 0.00000000 | 0.00000000 | 0.00000000 | 0.00000000 | 0.00103627 | 0.00000000 | 0.00000000 | 0.00000000 | 0.00000000 | 0.00000000 | 0.00010640 | 0.00031932
Load  45 | 0.00000000 | 0.00000000 | 0.00000000 | 0.00000000 | 0.00000000 | 0.00000000 | 0.00000000 | 0.00000000 | 0.00000000 | 0.00000000 | 0.00000000 | 0.00000000 | 0.00000000 | 0.00000000 | 0.00000000 | 0.00000000 | 0.00000000 | 0.00000000 | 0.00000000 | 0.00000000 | 0.00000000 | 0.00000000
Load  46 | 0.00000000 | 0.00000000 | 0.00000000 | 0.00000000 | 0.00000000 | 0.00000000 | 0.00000000 | 0.00000000 | 0.00000000 | 0.00000000 | 0.00000000 | 0.00000000 | 0.00000000 | 0.00000000 | 0.00000000 | 0.00000000 | 0.00000000 | 0.00000000 | 0.00000000 | 0.00000000 | 0.00000000 | 0.00000000
Load  47 | 0.00000000 | 0.00000000 | 0.00000000 | 0.00000000 | 0.00000000 | 0.00000000 | 0.00000000 | 0.00000000 | 0.00000000 | 0.00000000 | 0.00000000 | 0.00000000 | 0.00000000 | 0.00000000 | 0.00000000 | 0.00000000 | 0.00000000 | 0.00000000 | 0.00000000 | 0.00000000 | 0.00000000 | 0.00000000
Load  48 | 0.00000000 | 0.00000000 | 0.00000000 | 0.00000000 | 0.00000000 | 0.00000000 | 0.00106952 | 0.00000000 | 0.00000000 | 0.00000000 | 0.00000000 | 0.00102249 | 0.00000000 | 0.00000000 | 0.00000000 | 0.00000000 | 0.00000000 | 0.00310881 | 0.00000000 | 0.00000000 | 0.00026004 | 0.00072462
Load  49 | 0.00000000 | 0.00000000 | 0.00000000 | 0.00000000 | 0.00000000 | 0.00000000 | 0.00000000 | 0.00000000 | 0.00000000 | 0.00000000 | 0.00000000 | 0.00205761 | 0.00000000 | 0.00000000 | 0.00000000 | 0.00000000 | 0.00000000 | 0.00000000 | 0.00000000 | 0.00202840 | 0.00020430 | 0.00061292
Load  50 | 0.00000000 | 0.00000000 | 0.00000000 | 0.00000000 | 0.00000000 | 0.00097371 | 0.00000000 | 0.00000000 | 0.00000000 | 0.00000000 | 0.00000000 | 0.00000000 | 0.00000000 | 0.00000000 | 0.00199402 | 0.00096339 | 0.00000000 | 0.00000000 | 0.00000000 | 0.00000000 | 0.00019656 | 0.00050397
Load  51 | 0.00000000 | 0.00098619 | 0.00096432 | 0.00000000 | 0.00198216 | 0.00000000 | 0.00000000 | 0.00000000 | 0.00000000 | 0.00000000 | 0.00000000 | 0.00000000 | 0.00000000 | 0.00000000 | 0.00000000 | 0.00000000 | 0.00000000 | 0.00000000 | 0.00095238 | 0.00000000 | 0.00024425 | 0.00052656
Load  52 | 0.00000000 | 0.00000000 | 0.00196464 | 0.00000000 | 0.00193050 | 0.00000000 | 0.00000000 | 0.00000000 | 0.00000000 | 0.00274223 | 0.00095420 | 0.00000000 | 0.00000000 | 0.00192678 | 0.00000000 | 0.00000000 | 0.00000000 | 0.00096339 | 0.00000000 | 0.00000000 | 0.00052409 | 0.00087075
Load  53 | 0.00089928 | 0.00095329 | 0.00097561 | 0.00000000 | 0.00000000 | 0.00000000 | 0.00095057 | 0.00091827 | 0.00088028 | 0.00000000 | 0.00000000 | 0.00096432 | 0.00000000 | 0.00000000 | 0.00000000 | 0.00000000 | 0.00089606 | 0.00096618 | 0.00094697 | 0.00184672 | 0.00055988 | 0.00054292
Load  54 | 0.00000000 | 0.00271248 | 0.00000000 | 0.00000000 | 0.00907441 | 0.00094697 | 0.00000000 | 0.00000000 | 0.00000000 | 0.00000000 | 0.00000000 | 0.00000000 | 0.00000000 | 0.00000000 | 0.00189934 | 0.00000000 | 0.00097276 | 0.00000000 | 0.00000000 | 0.00000000 | 0.00078030 | 0.00203686
Load  55 | 0.00000000 | 0.00000000 | 0.00273723 | 0.00000000 | 0.00284091 | 0.00000000 | 0.00090334 | 0.00090090 | 0.00000000 | 0.00268817 | 0.00000000 | 0.00276243 | 0.00091158 | 0.00000000 | 0.00171380 | 0.00000000 | 0.00000000 | 0.00000000 | 0.00271493 | 0.00000000 | 0.00090866 | 0.00115485
Load  56 | 0.00000000 | 0.00258621 | 0.00542495 | 0.00819672 | 0.00174368 | 0.00449236 | 0.00791557 | 0.00185357 | 0.00244898 | 0.00090253 | 0.00000000 | 0.00273723 | 0.00184332 | 0.00272975 | 0.00258398 | 0.00000000 | 0.00000000 | 0.00000000 | 0.00000000 | 0.00085470 | 0.00231568 | 0.00242830
Load  57 | 0.00502513 | 0.00085106 | 0.00457457 | 0.00091408 | 0.00083682 | 0.00781929 | 0.00000000 | 0.00336700 | 0.00090171 | 0.00174368 | 0.00522193 | 0.00497512 | 0.00086957 | 0.00087796 | 0.00000000 | 0.00765306 | 0.00425170 | 0.00000000 | 0.00512383 | 0.00616197 | 0.00305842 | 0.00257010
Load  58 | 0.00358744 | 0.00000000 | 0.00422297 | 0.00260417 | 0.00083682 | 0.00000000 | 0.01080632 | 0.00634633 | 0.00000000 | 0.00583820 | 0.00428816 | 0.00000000 | 0.00341297 | 0.00419111 | 0.00436300 | 0.00171527 | 0.00164204 | 0.00177462 | 0.01188455 | 0.00534759 | 0.00364308 | 0.00323378
Load  59 | 0.00410172 | 0.00426257 | 0.00412541 | 0.00695048 | 0.00777202 | 0.00779896 | 0.00672269 | 0.00244898 | 0.00247934 | 0.00082645 | 0.00326797 | 0.00000000 | 0.00266430 | 0.00499168 | 0.00419815 | 0.00000000 | 0.00000000 | 0.00162470 | 0.00417362 | 0.00595745 | 0.00371832 | 0.00243847
Load  60 | 0.00852515 | 0.00579950 | 0.00168492 | 0.00241158 | 0.00693842 | 0.00080386 | 0.00944206 | 0.01297648 | 0.00251889 | 0.00172265 | 0.01271186 | 0.00265018 | 0.00572363 | 0.01006711 | 0.01430843 | 0.00414938 | 0.00921273 | 0.00000000 | 0.00344234 | 0.00000000 | 0.00575446 | 0.00441434
Load  61 | 0.00259740 | 0.00576132 | 0.00700525 | 0.00245700 | 0.01456311 | 0.00867508 | 0.00348129 | 0.00406835 | 0.00483092 | 0.01166407 | 0.00802568 | 0.00166528 | 0.00455789 | 0.00824402 | 0.00249792 | 0.00407830 | 0.00962310 | 0.01071723 | 0.00259291 | 0.00665557 | 0.00618808 | 0.00347764
Load  62 | 0.00648298 | 0.00723473 | 0.00246103 | 0.00082850 | 0.01169591 | 0.00570497 | 0.01638002 | 0.00477327 | 0.00310800 | 0.00340426 | 0.00472813 | 0.01038339 | 0.01184433 | 0.00833333 | 0.00563607 | 0.01038339 | 0.00902379 | 0.00649878 | 0.01083591 | 0.00328407 | 0.00715124 | 0.00381664
Load  63 | 0.00852713 | 0.00784314 | 0.00926641 | 0.00654664 | 0.01857835 | 0.00990917 | 0.02329076 | 0.00321285 | 0.00875099 | 0.01514005 | 0.00791139 | 0.00320000 | 0.01213592 | 0.00237342 | 0.00000000 | 0.00575658 | 0.01256874 | 0.00993884 | 0.00926706 | 0.01121795 | 0.00927177 | 0.00535221
Load  64 | 0.01510334 | 0.01304682 | 0.01488834 | 0.00234009 | 0.01792382 | 0.02026500 | 0.01640625 | 0.01349206 | 0.00900901 | 0.01076095 | 0.01686747 | 0.01500790 | 0.01407349 | 0.00883534 | 0.01625387 | 0.00693909 | 0.00542215 | 0.02013423 | 0.00781250 | 0.00477707 | 0.01246794 | 0.00506670
Load  65 | 0.01627907 | 0.02204836 | 0.01928783 | 0.00929512 | 0.01960784 | 0.02220577 | 0.01861908 | 0.01492537 | 0.02076677 | 0.01986249 | 0.01463790 | 0.00655738 | 0.02292490 | 0.02382725 | 0.01989288 | 0.01891074 | 0.01577761 | 0.01777434 | 0.02521008 | 0.00623053 | 0.01773207 | 0.00518141
Load  66 | 0.00987092 | 0.02249637 | 0.01286904 | 0.02898551 | 0.01315789 | 0.00707547 | 0.02127660 | 0.01870616 | 0.01951600 | 0.01176471 | 0.02072539 | 0.01105845 | 0.02916978 | 0.02681992 | 0.01577761 | 0.02047005 | 0.01725490 | 0.03783784 | 0.02210366 | 0.02043906 | 0.01936877 | 0.00733871
Load  67 | 0.01889535 | 0.02252252 | 0.02909865 | 0.02830910 | 0.02750929 | 0.03052326 | 0.00463679 | 0.01557864 | 0.01225115 | 0.04312865 | 0.01976574 | 0.01100514 | 0.02511078 | 0.02569750 | 0.02435312 | 0.02611940 | 0.01512859 | 0.02217295 | 0.02405248 | 0.00920245 | 0.02175308 | 0.00858205
Load  68 | 0.01381818 | 0.02228826 | 0.01234568 | 0.02204836 | 0.02036517 | 0.01017442 | 0.03540462 | 0.02430044 | 0.03260870 | 0.02767390 | 0.01289833 | 0.03955586 | 0.02001483 | 0.01843658 | 0.01938263 | 0.03026135 | 0.02076923 | 0.01547531 | 0.03430276 | 0.02960289 | 0.02308637 | 0.00820029
Load  69 | 0.04005722 | 0.02081784 | 0.04484305 | 0.02544170 | 0.01941050 | 0.03164557 | 0.02922309 | 0.03669725 | 0.02736686 | 0.02878229 | 0.02656250 | 0.01957941 | 0.04341637 | 0.02312139 | 0.03118040 | 0.02670623 | 0.02149741 | 0.04072727 | 0.02418745 | 0.02618542 | 0.02937246 | 0.00769111
Load  70 | 0.01312910 | 0.02389318 | 0.02828136 | 0.04220315 | 0.01794072 | 0.04095563 | 0.01506456 | 0.04761905 | 0.02487562 | 0.04847645 | 0.02960289 | 0.04807692 | 0.03409091 | 0.01789549 | 0.04492754 | 0.04584527 | 0.01272455 | 0.04855735 | 0.01664145 | 0.03008596 | 0.03154436 | 0.01299624
Load  71 | 0.03151862 | 0.02358828 | 0.01857143 | 0.05072967 | 0.06143345 | 0.05230126 | 0.03719599 | 0.03518649 | 0.06372881 | 0.01892506 | 0.04913495 | 0.06791407 | 0.03357143 | 0.03082437 | 0.05104242 | 0.03778866 | 0.02323992 | 0.04548635 | 0.04134548 | 0.02700730 | 0.04002670 | 0.01442417
Load  72 | 0.05069444 | 0.03910991 | 0.04634831 | 0.03049645 | 0.04883227 | 0.05412908 | 0.05416116 | 0.04601006 | 0.03477051 | 0.05949008 | 0.05789111 | 0.05583039 | 0.05910326 | 0.04725504 | 0.04649596 | 0.04558011 | 0.06970324 | 0.04325883 | 0.04172462 | 0.02199313 | 0.04764390 | 0.01067809
Load  73 | 0.04444444 | 0.04679144 | 0.03651685 | 0.06076618 | 0.03326403 | 0.08672448 | 0.05337079 | 0.04435204 | 0.03856942 | 0.04996669 | 0.03967168 | 0.04836415 | 0.04745042 | 0.06467977 | 0.03516174 | 0.04439891 | 0.03589022 | 0.05948447 | 0.07458564 | 0.05515759 | 0.04998055 | 0.01349916
Load  74 | 0.03455571 | 0.05972222 | 0.05343008 | 0.05112045 | 0.06915254 | 0.05399863 | 0.05739972 | 0.02545969 | 0.05287508 | 0.05529332 | 0.07677035 | 0.05536569 | 0.04972752 | 0.04777927 | 0.04141617 | 0.05307263 | 0.04644809 | 0.05365223 | 0.06748864 | 0.02453988 | 0.05146340 | 0.01263509
Load  75 | 0.07796610 | 0.06517312 | 0.06767411 | 0.07385621 | 0.03661017 | 0.05241379 | 0.06033376 | 0.07305630 | 0.06927518 | 0.04943220 | 0.05581395 | 0.05211726 | 0.05295316 | 0.06810519 | 0.04632153 | 0.06976744 | 0.07308743 | 0.06163934 | 0.08152866 | 0.05459387 | 0.06208594 | 0.01146848
Load  76 | 0.05971129 | 0.09073482 | 0.05496829 | 0.05790501 | 0.07266667 | 0.05035971 | 0.08177721 | 0.06394199 | 0.05882353 | 0.06146728 | 0.05954693 | 0.07494936 | 0.05851756 | 0.08141026 | 0.05284553 | 0.04293629 | 0.06609948 | 0.06807667 | 0.05019305 | 0.07062706 | 0.06387790 | 0.01174425
Load  77 | 0.07019783 | 0.05419696 | 0.06466362 | 0.08233815 | 0.05919796 | 0.06910039 | 0.06589147 | 0.07443366 | 0.08289125 | 0.08460560 | 0.09544880 | 0.06326531 | 0.09282178 | 0.09834983 | 0.07156673 | 0.07169576 | 0.06748072 | 0.08111702 | 0.08227848 | 0.07142857 | 0.07514849 | 0.01170361
Load  78 | 0.07672796 | 0.05500982 | 0.07946599 | 0.07097187 | 0.06708464 | 0.07344262 | 0.07078507 | 0.06832695 | 0.08741722 | 0.06408545 | 0.08684381 | 0.09061489 | 0.07106274 | 0.10036276 | 0.09801489 | 0.07812500 | 0.07561437 | 0.06344016 | 0.09181761 | 0.05925926 | 0.07642365 | 0.01234068
Load  79 | 0.10038363 | 0.07975460 | 0.08526646 | 0.10772976 | 0.07119530 | 0.09402795 | 0.08191556 | 0.08223478 | 0.12226512 | 0.08143939 | 0.08744535 | 0.11005693 | 0.10273973 | 0.08344114 | 0.09212935 | 0.08726568 | 0.09467085 | 0.06510417 | 0.10244845 | 0.08935611 | 0.09104351 | 0.01334300
Load  80 | 0.08547009 | 0.10986267 | 0.10933661 | 0.09807461 | 0.08479899 | 0.12704403 | 0.10838710 | 0.11521873 | 0.07598978 | 0.08685015 | 0.12151271 | 0.09302326 | 0.07461735 | 0.10150376 | 0.05882353 | 0.08980892 | 0.11356467 | 0.08273616 | 0.09200508 | 0.07312500 | 0.09508766 | 0.01754431
Load  81 | 0.10520024 | 0.07801858 | 0.09442332 | 0.08399270 | 0.09766585 | 0.11889862 | 0.09068168 | 0.10929952 | 0.12614819 | 0.13591022 | 0.10385572 | 0.12945591 | 0.09863524 | 0.11235955 | 0.10981595 | 0.07734470 | 0.10851319 | 0.07884856 | 0.09595960 | 0.10155763 | 0.10282925 | 0.01632792
Load  82 | 0.09940476 | 0.09263959 | 0.09623689 | 0.13032887 | 0.08948686 | 0.11111111 | 0.08031088 | 0.14745465 | 0.12064826 | 0.13836858 | 0.12260062 | 0.10994441 | 0.11152187 | 0.09675444 | 0.13882353 | 0.12958580 | 0.09780676 | 0.08328115 | 0.10011919 | 0.07953144 | 0.10879798 | 0.02006413
Load  83 | 0.11788856 | 0.11611374 | 0.14518002 | 0.12011834 | 0.13619855 | 0.13281715 | 0.12054632 | 0.12834225 | 0.11447608 | 0.11215502 | 0.11157025 | 0.11150652 | 0.15064478 | 0.11736237 | 0.12620192 | 0.11953883 | 0.12708831 | 0.14091981 | 0.12121212 | 0.10827251 | 0.12390767 | 0.01160098
Load  84 | 0.09600515 | 0.15576324 | 0.13349369 | 0.12560386 | 0.13434579 | 0.10091743 | 0.11775473 | 0.14345992 | 0.11923963 | 0.12801932 | 0.12615955 | 0.14014252 | 0.12734991 | 0.12216925 | 0.13182898 | 0.14660582 | 0.13337182 | 0.11280488 | 0.13046080 | 0.13061968 | 0.12780580 | 0.01386153
Load  85 | 0.13764706 | 0.15067687 | 0.11097852 | 0.13843458 | 0.13412463 | 0.11582777 | 0.13095922 | 0.13416076 | 0.15872126 | 0.17533606 | 0.14051522 | 0.16971429 | 0.15536232 | 0.13684211 | 0.16404887 | 0.14571093 | 0.15343602 | 0.16074450 | 0.12216925 | 0.10372960 | 0.14195699 | 0.01898141
Load  86 | 0.13262285 | 0.13605442 | 0.14827586 | 0.15558126 | 0.14478660 | 0.15337079 | 0.13740458 | 0.13533835 | 0.12905127 | 0.14341518 | 0.14202221 | 0.15648201 | 0.14268798 | 0.13877054 | 0.12954796 | 0.14252061 | 0.14083677 | 0.14028777 | 0.14524806 | 0.12728344 | 0.14107943 | 0.00809248
Load  87 | 0.13413932 | 0.16958425 | 0.14593981 | 0.13317892 | 0.13408451 | 0.16244850 | 0.14662921 | 0.15538991 | 0.14261838 | 0.14508929 | 0.16217733 | 0.14622913 | 0.15814227 | 0.14261070 | 0.13168724 | 0.14899713 | 0.15540150 | 0.13218731 | 0.14465409 | 0.15648633 | 0.14738376 | 0.01086696
Load  88 | 0.16877153 | 0.15153268 | 0.14154728 | 0.14153668 | 0.16024567 | 0.15891473 | 0.15402039 | 0.15393258 | 0.17983193 | 0.17617729 | 0.12794033 | 0.18196995 | 0.12792793 | 0.14880274 | 0.14968336 | 0.16414687 | 0.15750708 | 0.16179775 | 0.14416476 | 0.18902094 | 0.15697362 | 0.01622685
Load  89 | 0.19044975 | 0.15637623 | 0.18277195 | 0.16404494 | 0.17911255 | 0.10992709 | 0.14539401 | 0.12536274 | 0.15108324 | 0.13686026 | 0.18306762 | 0.16957746 | 0.17497231 | 0.14827202 | 0.14188807 | 0.17070485 | 0.20320856 | 0.18354785 | 0.17967033 | 0.17388919 | 0.16350905 | 0.02297727
Load  90 | 0.16353276 | 0.17560976 | 0.16288089 | 0.16676558 | 0.19024390 | 0.14852608 | 0.21463152 | 0.15507726 | 0.14180374 | 0.17771588 | 0.17262570 | 0.16163311 | 0.15892140 | 0.15033408 | 0.15240199 | 0.17204301 | 0.16334441 | 0.18053290 | 0.15897721 | 0.19100500 | 0.16793031 | 0.01674385
Load  91 | 0.14545455 | 0.17647059 | 0.21645702 | 0.15820417 | 0.16534091 | 0.14246873 | 0.15715063 | 0.16639027 | 0.19214209 | 0.19107240 | 0.20096983 | 0.16773163 | 0.14800443 | 0.18429487 | 0.18512304 | 0.17517847 | 0.18251787 | 0.20659816 | 0.19923161 | 0.15864834 | 0.17597248 | 0.02062509
Load  92 | 0.18133047 | 0.18657127 | 0.18710359 | 0.18550107 | 0.19777778 | 0.13231119 | 0.20979410 | 0.16257844 | 0.21691974 | 0.18673740 | 0.16273721 | 0.16768124 | 0.18457447 | 0.17522321 | 0.17049009 | 0.15577889 | 0.19836066 | 0.19591611 | 0.17444981 | 0.19228650 | 0.18120616 | 0.01901224
Load  93 | 0.17722193 | 0.20127796 | 0.20295405 | 0.18906001 | 0.17017828 | 0.18096292 | 0.21943574 | 0.16711302 | 0.19832985 | 0.19643821 | 0.18149100 | 0.19339112 | 0.18796592 | 0.20309168 | 0.18376303 | 0.18699187 | 0.20042083 | 0.22028689 | 0.19716833 | 0.17024705 | 0.19138948 | 0.01444138
Load  94 | 0.19672996 | 0.20599251 | 0.16835917 | 0.21260684 | 0.20301142 | 0.19523269 | 0.18134445 | 0.19791123 | 0.19715340 | 0.20348837 | 0.17750533 | 0.23381836 | 0.20805018 | 0.20894737 | 0.20546448 | 0.24025627 | 0.22880000 | 0.17939135 | 0.19088017 | 0.20945946 | 0.20222015 | 0.01786665
Load  95 | 0.19926586 | 0.19870759 | 0.24628014 | 0.22193482 | 0.21176471 | 0.19740400 | 0.21598272 | 0.22800429 | 0.21337580 | 0.22326064 | 0.18195876 | 0.21807672 | 0.21497708 | 0.19009585 | 0.23802164 | 0.16869469 | 0.23908629 | 0.21063830 | 0.23116090 | 0.17678381 | 0.21127373 | 0.02066312
Load  96 | 0.21947283 | 0.22715405 | 0.23550914 | 0.20859873 | 0.22345483 | 0.19958528 | 0.22731959 | 0.17151932 | 0.23689727 | 0.20042418 | 0.20942689 | 0.20647321 | 0.22752666 | 0.22047244 | 0.19958312 | 0.21461897 | 0.19270550 | 0.21014493 | 0.20790021 | 0.22646444 | 0.21326258 | 0.01556158
Load  97 | 0.17835450 | 0.24820880 | 0.20481311 | 0.21969697 | 0.21596244 | 0.19989696 | 0.23247605 | 0.21373258 | 0.25124875 | 0.23371251 | 0.23272727 | 0.21509824 | 0.24143302 | 0.20933893 | 0.22125257 | 0.23689840 | 0.21302723 | 0.23350515 | 0.23909616 | 0.22598584 | 0.22332327 | 0.01731688
Load  98 | 0.21017125 | 0.23792578 | 0.24002021 | 0.24543611 | 0.23407561 | 0.23768844 | 0.23459347 | 0.24021164 | 0.21308125 | 0.23377910 | 0.22128110 | 0.21183307 | 0.20499480 | 0.23298033 | 0.24813632 | 0.18620690 | 0.23748723 | 0.22048067 | 0.25013082 | 0.22994924 | 0.22852317 | 0.01595552
Load  99 | 0.22554486 | 0.21080508 | 0.28071017 | 0.22233766 | 0.23353909 | 0.26689861 | 0.24011713 | 0.25519288 | 0.23740648 | 0.22048780 | 0.23747390 | 0.25176589 | 0.22866011 | 0.22811535 | 0.23203832 | 0.22113905 | 0.25421133 | 0.23886640 | 0.21488033 | 0.21621622 | 0.23582033 | 0.01774604
Load 100 | 0.25165226 | 0.23300000 | 0.21119221 | 0.24423737 | 0.22084623 | 0.24428997 | 0.23419322 | 0.24910118 | 0.24144673 | 0.24904215 | 0.29325790 | 0.22932917 | 0.23365433 | 0.25100604 | 0.24548193 | 0.29934518 | 0.24906865 | 0.21251820 | 0.28169709 | 0.26065163 | 0.24675057 | 0.02277399
Load 101 | 0.23415842 | 0.26987952 | 0.23499748 | 0.25672248 | 0.25893720 | 0.22466301 | 0.23814229 | 0.24188791 | 0.25325325 | 0.23784631 | 0.23505155 | 0.24161736 | 0.23676612 | 0.24612494 | 0.27259546 | 0.24308002 | 0.24721819 | 0.24113829 | 0.27098321 | 0.21584984 | 0.24504564 | 0.01457251
Load 102 | 0.24840138 | 0.22053045 | 0.28076010 | 0.26696384 | 0.24668029 | 0.24963786 | 0.24887781 | 0.26351028 | 0.26835317 | 0.23729650 | 0.26512543 | 0.29203540 | 0.27727917 | 0.23258197 | 0.25172414 | 0.25734597 | 0.27706058 | 0.25434116 | 0.27054108 | 0.24398798 | 0.25765173 | 0.01722872
Load 103 | 0.27641879 | 0.26348449 | 0.25395304 | 0.26555610 | 0.27341533 | 0.29549719 | 0.26788357 | 0.31099064 | 0.27347135 | 0.25049900 | 0.27047988 | 0.26985693 | 0.26569822 | 0.24180735 | 0.26066124 | 0.27009346 | 0.27466151 | 0.28991000 | 0.25429389 | 0.24367246 | 0.26861522 | 0.01630972
Load 104 | 0.26804620 | 0.26868496 | 0.27259820 | 0.27817746 | 0.27358938 | 0.24000000 | 0.27386692 | 0.27407054 | 0.29219858 | 0.28213935 | 0.24939350 | 0.27990544 | 0.27846842 | 0.28426150 | 0.27849928 | 0.26881233 | 0.29158879 | 0.27879079 | 0.28066732 | 0.27500000 | 0.27443795 | 0.01188161
Load 105 | 0.29841713 | 0.25938567 | 0.27385496 | 0.27791441 | 0.30854503 | 0.28925620 | 0.30317385 | 0.27228446 | 0.26906265 | 0.28905109 | 0.28225806 | 0.29557110 | 0.29178338 | 0.28349057 | 0.26384365 | 0.26315789 | 0.25844836 | 0.27738265 | 0.30813674 | 0.27796944 | 0.28214936 | 0.01520338
Load 106 | 0.29329609 | 0.28079963 | 0.30018939 | 0.27839335 | 0.27690802 | 0.28267183 | 0.30461685 | 0.30787145 | 0.29633114 | 0.28108623 | 0.28557505 | 0.27409201 | 0.25835721 | 0.30798299 | 0.28571429 | 0.26337832 | 0.28813559 | 0.25588094 | 0.31195602 | 0.30832950 | 0.28707830 | 0.01635697
Load 107 | 0.25927644 | 0.26891166 | 0.31971496 | 0.26494500 | 0.29226494 | 0.29004975 | 0.24725275 | 0.27648931 | 0.27033380 | 0.27619935 | 0.28472543 | 0.33567745 | 0.29160806 | 0.30182499 | 0.28377724 | 0.29655172 | 0.27187206 | 0.27319588 | 0.30137636 | 0.27606461 | 0.28410559 | 0.02008688
Load 108 | 0.28914550 | 0.27790433 | 0.32719101 | 0.30769231 | 0.32225300 | 0.31161083 | 0.30314406 | 0.29945733 | 0.31903864 | 0.33157390 | 0.28511433 | 0.30921986 | 0.29170465 | 0.30576208 | 0.31031175 | 0.30096198 | 0.31067087 | 0.28404305 | 0.32942830 | 0.34128097 | 0.30787544 | 0.01676033
Load 109 | 0.28927911 | 0.26112186 | 0.31735160 | 0.32974428 | 0.30701347 | 0.28224299 | 0.33163028 | 0.31970602 | 0.27334235 | 0.32208727 | 0.32108060 | 0.33625461 | 0.32555066 | 0.29488417 | 0.33255488 | 0.30812325 | 0.31286419 | 0.32154195 | 0.33363109 | 0.30342276 | 0.31117137 | 0.02074120
Load 110 | 0.32259488 | 0.33193277 | 0.35191793 | 0.32304815 | 0.33921933 | 0.31991051 | 0.29677419 | 0.31470720 | 0.31074228 | 0.31445952 | 0.32841163 | 0.33853702 | 0.29949472 | 0.30157993 | 0.30516217 | 0.30674003 | 0.31574199 | 0.31790838 | 0.29874214 | 0.32475433 | 0.31811896 | 0.01453751
Load 111 | 0.34376397 | 0.29546475 | 0.32212389 | 0.32306338 | 0.30022676 | 0.35220687 | 0.31258581 | 0.34712951 | 0.32069581 | 0.30927835 | 0.30009149 | 0.31119199 | 0.32107623 | 0.31310044 | 0.32646664 | 0.32142857 | 0.31962025 | 0.35940246 | 0.28877737 | 0.33839964 | 0.32130471 | 0.01859285
Load 112 | 0.35785808 | 0.29342404 | 0.31496416 | 0.32459770 | 0.33438486 | 0.31846290 | 0.32639504 | 0.37639008 | 0.34887664 | 0.31714786 | 0.29517241 | 0.34806132 | 0.34980150 | 0.33894449 | 0.32545698 | 0.33871691 | 0.33631085 | 0.32267951 | 0.34039675 | 0.31633574 | 0.33121889 | 0.01958879
Load 113 | 0.34461538 | 0.31071429 | 0.33228417 | 0.32929468 | 0.32783229 | 0.34502165 | 0.35797491 | 0.34790287 | 0.34704595 | 0.35006547 | 0.32354231 | 0.32341001 | 0.35202761 | 0.32848965 | 0.33230904 | 0.35363201 | 0.33606185 | 0.33274021 | 0.34497628 | 0.32874889 | 0.33743448 | 0.01208101
Load 114 | 0.37267618 | 0.35909894 | 0.35405058 | 0.33303651 | 0.35166240 | 0.31463628 | 0.33173913 | 0.32560255 | 0.32502113 | 0.33579496 | 0.33735459 | 0.37439078 | 0.30632582 | 0.35294118 | 0.36628384 | 0.35291558 | 0.34144222 | 0.33226545 | 0.33546190 | 0.36011905 | 0.34314095 | 0.01818527
Load 115 | 0.37673247 | 0.32411409 | 0.36909871 | 0.33289589 | 0.36352041 | 0.35342585 | 0.34452682 | 0.34342105 | 0.32867743 | 0.31973392 | 0.32432432 | 0.32566218 | 0.35233161 | 0.34875600 | 0.35890878 | 0.33999132 | 0.34353147 | 0.36114733 | 0.36149826 | 0.35157260 | 0.34619352 | 0.01601496
Load 116 | 0.35880545 | 0.34606841 | 0.34514436 | 0.36780160 | 0.34119160 | 0.35143488 | 0.36479052 | 0.34255319 | 0.34613725 | 0.37252369 | 0.37276596 | 0.32650334 | 0.35081534 | 0.31810270 | 0.37228497 | 0.35213604 | 0.33632096 | 0.38226431 | 0.35543433 | 0.35593952 | 0.35295092 | 0.01583980
Load 117 | 0.37452870 | 0.36626917 | 0.35541904 | 0.34640241 | 0.35325861 | 0.35584416 | 0.35334773 | 0.36496656 | 0.35008666 | 0.36005089 | 0.32883863 | 0.38108883 | 0.36109937 | 0.35063236 | 0.34100974 | 0.35867191 | 0.32818021 | 0.38711002 | 0.37635756 | 0.38336798 | 0.35882653 | 0.01594811
Load 118 | 0.35461605 | 0.37716263 | 0.36606374 | 0.34934127 | 0.34063574 | 0.33906526 | 0.36316916 | 0.33813559 | 0.34963535 | 0.33104337 | 0.36465232 | 0.33860233 | 0.35927640 | 0.37779654 | 0.36623932 | 0.35946872 | 0.35598166 | 0.36127660 | 0.36508585 | 0.36438120 | 0.35608145 | 0.01287024
Load 119 | 0.37595908 | 0.32810513 | 0.36758733 | 0.34843950 | 0.38178054 | 0.38416422 | 0.35874068 | 0.37268614 | 0.34893439 | 0.35215391 | 0.35619285 | 0.37993421 | 0.34064570 | 0.37721102 | 0.34979973 | 0.36255319 | 0.38118375 | 0.34668335 | 0.36944790 | 0.36766568 | 0.36249342 | 0.01534769
Load 120 | 0.38580122 | 0.40693878 | 0.38093220 | 0.33090753 | 0.36591479 | 0.37242216 | 0.38274605 | 0.39042208 | 0.40320592 | 0.32664157 | 0.38859033 | 0.34121186 | 0.36122792 | 0.38439065 | 0.36248416 | 0.33767927 | 0.34902124 | 0.30670103 | 0.37569721 | 0.40435140 | 0.36786437 | 0.02736256
Load 121 | 0.38250211 | 0.36215139 | 0.36579276 | 0.33376567 | 0.38905140 | 0.37478921 | 0.37216962 | 0.36751779 | 0.37254902 | 0.39021431 | 0.38992926 | 0.37871993 | 0.40146282 | 0.37423811 | 0.38037307 | 0.38418306 | 0.40159681 | 0.35829787 | 0.41273680 | 0.37210282 | 0.37820719 | 0.01698418
Load 122 | 0.37271973 | 0.37391647 | 0.39273790 | 0.40152733 | 0.38844937 | 0.39144737 | 0.38498986 | 0.37418567 | 0.40277212 | 0.42822483 | 0.36837607 | 0.38137379 | 0.37453339 | 0.40270381 | 0.37272359 | 0.36393990 | 0.39594539 | 0.38352273 | 0.41396304 | 0.42260442 | 0.38953284 | 0.01765226
Load 123 | 0.36245819 | 0.38702929 | 0.39718310 | 0.35670357 | 0.39220366 | 0.40279441 | 0.38754609 | 0.40105008 | 0.37715431 | 0.38155738 | 0.38158962 | 0.41011007 | 0.38421053 | 0.37866450 | 0.39479124 | 0.39777869 | 0.41411290 | 0.39641517 | 0.37485078 | 0.38165799 | 0.38799308 | 0.01418157
Load 124 | 0.39322709 | 0.40286299 | 0.37975742 | 0.40450342 | 0.40821918 | 0.39538715 | 0.41526779 | 0.37480000 | 0.40522088 | 0.40087580 | 0.38758117 | 0.40180676 | 0.40545004 | 0.37308998 | 0.36978297 | 0.40000000 | 0.37883122 | 0.37177352 | 0.36954766 | 0.38766340 | 0.39128242 | 0.01431431
Load 125 | 0.40674603 | 0.38620690 | 0.41954708 | 0.40875912 | 0.40031834 | 0.39310345 | 0.37220642 | 0.40066639 | 0.39230769 | 0.36410665 | 0.37888446 | 0.35182850 | 0.39471577 | 0.40577386 | 0.41031563 | 0.40527383 | 0.39251559 | 0.38953256 | 0.38830219 | 0.37134503 | 0.39162278 | 0.01665005
Load 126 | 0.40359094 | 0.40926493 | 0.40566038 | 0.41072827 | 0.39671737 | 0.39072581 | 0.36907216 | 0.40368442 | 0.41174089 | 0.39267224 | 0.40301548 | 0.41009709 | 0.38555643 | 0.40253371 | 0.37349398 | 0.38348551 | 0.42551536 | 0.40996785 | 0.43452615 | 0.42932149 | 0.40256852 | 0.01654680
Load 127 | 0.41132225 | 0.41818182 | 0.41585698 | 0.42345150 | 0.38035363 | 0.39566929 | 0.40871935 | 0.42988506 | 0.37377451 | 0.43673146 | 0.41205647 | 0.41861356 | 0.43225558 | 0.40205371 | 0.40928768 | 0.39275876 | 0.45077519 | 0.42731278 | 0.40286624 | 0.38331318 | 0.41126195 | 0.01926181
Load 128 | 0.40882002 | 0.42015209 | 0.41840346 | 0.41593275 | 0.40320000 | 0.40452948 | 0.44038748 | 0.40945482 | 0.41483516 | 0.41758242 | 0.39454191 | 0.41311988 | 0.42556570 | 0.41895067 | 0.39222479 | 0.42148760 | 0.42806742 | 0.40447154 | 0.40079208 | 0.44552529 | 0.41490223 | 0.01329138
Load 129 | 0.42028986 | 0.40685892 | 0.41045650 | 0.41592920 | 0.42540793 | 0.39945757 | 0.40567485 | 0.40535445 | 0.41208157 | 0.43808107 | 0.39775368 | 0.41817496 | 0.42755788 | 0.44268622 | 0.39800000 | 0.40216133 | 0.41545704 | 0.41796267 | 0.44777820 | 0.42739828 | 0.41672611 | 0.01423026
Load 130 | 0.42894442 | 0.42636535 | 0.41972477 | 0.41058034 | 0.45272525 | 0.43807692 | 0.40886700 | 0.44126506 | 0.43084894 | 0.43821510 | 0.44536489 | 0.44140324 | 0.41992337 | 0.40839695 | 0.43442300 | 0.42570755 | 0.40153041 | 0.43388910 | 0.41167130 | 0.40896997 | 0.42634465 | 0.01419395
Load 131 | 0.43628594 | 0.41310212 | 0.45968350 | 0.39083139 | 0.45595463 | 0.41072858 | 0.45775730 | 0.42567318 | 0.40524894 | 0.42762388 | 0.43367723 | 0.44074361 | 0.43488024 | 0.42556391 | 0.43008715 | 0.45158879 | 0.40841866 | 0.46292739 | 0.45336306 | 0.43291524 | 0.43285274 | 0.01971406
Load 132 | 0.44396552 | 0.43593632 | 0.41105489 | 0.44186047 | 0.42752787 | 0.44481856 | 0.45583832 | 0.45209027 | 0.42272906 | 0.44562334 | 0.41695173 | 0.41679448 | 0.44195912 | 0.40260223 | 0.45000000 | 0.42682927 | 0.42536476 | 0.42322097 | 0.42627960 | 0.41072827 | 0.43110875 | 0.01497426
Load 133 | 0.43660377 | 0.44280729 | 0.41306840 | 0.43476621 | 0.42512077 | 0.44015748 | 0.46486686 | 0.44473586 | 0.42771982 | 0.42575009 | 0.42052469 | 0.43646409 | 0.46170839 | 0.44410646 | 0.45757009 | 0.43525859 | 0.42363222 | 0.43252464 | 0.41207951 | 0.44843049 | 0.43639479 | 0.01434180
Load 134 | 0.44735856 | 0.43525969 | 0.42277012 | 0.42248208 | 0.43122948 | 0.43313740 | 0.42905918 | 0.44891304 | 0.42438095 | 0.45857771 | 0.43977486 | 0.46348624 | 0.43030973 | 0.40499816 | 0.45508537 | 0.47356664 | 0.47026022 | 0.43256517 | 0.43884080 | 0.44541319 | 0.44037343 | 0.01705344
Load 135 | 0.41985868 | 0.44404070 | 0.44271624 | 0.43794260 | 0.45612736 | 0.46784505 | 0.45927521 | 0.43606186 | 0.43888680 | 0.46960926 | 0.46820379 | 0.45381526 | 0.46264262 | 0.48073394 | 0.43841258 | 0.44252663 | 0.44531835 | 0.43363844 | 0.45478424 | 0.44238761 | 0.44974136 | 0.01465665
Load 136 | 0.45470884 | 0.44848703 | 0.44356293 | 0.44448570 | 0.43243243 | 0.48102190 | 0.44112219 | 0.46128561 | 0.44444444 | 0.44576523 | 0.47706093 | 0.43907875 | 0.44880677 | 0.45878004 | 0.44708995 | 0.43764172 | 0.45266717 | 0.47717842 | 0.43919414 | 0.45741557 | 0.45161149 | 0.01337748
Load 137 | 0.44640884 | 0.44878604 | 0.45685841 | 0.46513381 | 0.44726204 | 0.43853821 | 0.46622123 | 0.46899784 | 0.46982599 | 0.47274114 | 0.46780029 | 0.46131907 | 0.44086799 | 0.48718849 | 0.45324006 | 0.47202925 | 0.47537473 | 0.45889660 | 0.47391952 | 0.45451142 | 0.46129605 | 0.01251844
Load 138 | 0.42862399 | 0.44717535 | 0.44994499 | 0.46105574 | 0.43156374 | 0.45667026 | 0.45774392 | 0.49167552 | 0.47150838 | 0.45155393 | 0.48435277 | 0.44362292 | 0.44785276 | 0.48152135 | 0.43718412 | 0.47309833 | 0.47873501 | 0.48737104 | 0.46732256 | 0.45892857 | 0.46037526 | 0.01816495
Load 139 | 0.43939394 | 0.45121083 | 0.47396576 | 0.45831843 | 0.50122335 | 0.47015961 | 0.44908425 | 0.46659483 | 0.45150745 | 0.45988701 | 0.47684211 | 0.44862518 | 0.44847193 | 0.48333930 | 0.47379913 | 0.46020634 | 0.46902017 | 0.45725298 | 0.43085881 | 0.47424972 | 0.46220056 | 0.01590996
Load 140 | 0.47054649 | 0.48717060 | 0.48800872 | 0.48729875 | 0.48409506 | 0.45721358 | 0.47058824 | 0.47898269 | 0.46855346 | 0.46780505 | 0.49680398 | 0.45961003 | 0.45555171 | 0.47978723 | 0.44094780 | 0.46407837 | 0.45621469 | 0.46564066 | 0.45207492 | 0.48393855 | 0.47074553 | 0.01430447
Load 141 | 0.45503404 | 0.46896062 | 0.45964286 | 0.46421268 | 0.48436939 | 0.48859935 | 0.45136726 | 0.46038700 | 0.48001415 | 0.48453608 | 0.46784232 | 0.46366177 | 0.47387387 | 0.47481243 | 0.47598411 | 0.46369111 | 0.47021502 | 0.46341463 | 0.47730496 | 0.46028292 | 0.46941033 | 0.01003060
Load 142 | 0.44956370 | 0.47177000 | 0.48014060 | 0.48898830 | 0.47644540 | 0.47344981 | 0.45744681 | 0.47286822 | 0.51377410 | 0.46980803 | 0.48088235 | 0.44830028 | 0.47793326 | 0.47014659 | 0.45743515 | 0.46928571 | 0.48196248 | 0.48192771 | 0.46863989 | 0.46834993 | 0.47295592 | 0.01404540
Load 143 | 0.49291785 | 0.47372037 | 0.47696096 | 0.49305073 | 0.48098283 | 0.48462867 | 0.47282230 | 0.49948962 | 0.47087719 | 0.47500000 | 0.49045262 | 0.46477354 | 0.47108904 | 0.51145299 | 0.47779370 | 0.49913525 | 0.47238625 | 0.47865412 | 0.47519217 | 0.49023029 | 0.48258052 | 0.01179627
Load 144 | 0.49334268 | 0.46682709 | 0.48664586 | 0.48620690 | 0.46349983 | 0.46992215 | 0.49812479 | 0.46759429 | 0.48839590 | 0.50418410 | 0.48192371 | 0.49029622 | 0.51834076 | 0.46741810 | 0.47361063 | 0.47963340 | 0.46958885 | 0.45538147 | 0.45480226 | 0.47746186 | 0.47966004 | 0.01593478
Load 145 | 0.47883875 | 0.49556011 | 0.49826026 | 0.49536560 | 0.48418157 | 0.49129526 | 0.48431575 | 0.48774757 | 0.47646857 | 0.48590832 | 0.49778535 | 0.51413969 | 0.48159406 | 0.48275862 | 0.50205339 | 0.48529920 | 0.49278766 | 0.51933702 | 0.48708362 | 0.47143840 | 0.49061094 | 0.01156090
Load 146 | 0.49749750 | 0.49658237 | 0.47427766 | 0.48902606 | 0.49799733 | 0.50485774 | 0.51517218 | 0.50000000 | 0.49697784 | 0.50723175 | 0.50017724 | 0.49930556 | 0.48347826 | 0.51068091 | 0.46718539 | 0.49004121 | 0.49830163 | 0.48614865 | 0.48074922 | 0.49483471 | 0.49452616 | 0.01156621
Load 147 | 0.49346982 | 0.48617128 | 0.51384083 | 0.49218750 | 0.47391901 | 0.50907890 | 0.49480249 | 0.48828262 | 0.47102931 | 0.48318043 | 0.49190283 | 0.49325691 | 0.50969058 | 0.51898305 | 0.50792580 | 0.49530201 | 0.50187394 | 0.49319265 | 0.48586631 | 0.48472365 | 0.49443400 | 0.01234746
Load 148 | 0.49321739 | 0.51977212 | 0.50285522 | 0.49916079 | 0.50051073 | 0.50757077 | 0.49514900 | 0.46955624 | 0.48010699 | 0.48978247 | 0.51691792 | 0.51496388 | 0.51168147 | 0.51221167 | 0.46588560 | 0.48832747 | 0.47518223 | 0.52252252 | 0.50153951 | 0.49257181 | 0.49797429 | 0.01604412
Load 149 | 0.51071793 | 0.51354096 | 0.48445767 | 0.46421053 | 0.46868618 | 0.52230167 | 0.50066979 | 0.51071064 | 0.49967127 | 0.47636986 | 0.48291032 | 0.50451958 | 0.50033557 | 0.50378414 | 0.48045267 | 0.52810847 | 0.48478836 | 0.50348028 | 0.53711067 | 0.49630625 | 0.49865664 | 0.01880109
Load 150 | 0.48995311 | 0.50465116 | 0.49514563 | 0.51471572 | 0.49642979 | 0.50067659 | 0.50846333 | 0.49336960 | 0.50102389 | 0.50795262 | 0.51942876 | 0.48431242 | 0.50326158 | 0.48574338 | 0.49743239 | 0.50899400 | 0.52221851 | 0.50587851 | 0.50298211 | 0.52237288 | 0.50325030 | 0.01074034
Load 151 | 0.49966953 | 0.53119842 | 0.50147978 | 0.50907258 | 0.48253131 | 0.49431634 | 0.49901381 | 0.50880626 | 0.50200401 | 0.53062540 | 0.51486163 | 0.50016841 | 0.51658291 | 0.52857143 | 0.50613599 | 0.49324547 | 0.50783072 | 0.51335312 | 0.51536406 | 0.51355875 | 0.50841950 | 0.01235540
Load 152 | 0.47499183 | 0.51483534 | 0.48212560 | 0.52574615 | 0.50517875 | 0.50304260 | 0.51545036 | 0.50599201 | 0.52843978 | 0.51180294 | 0.52958877 | 0.49916192 | 0.51996073 | 0.51994725 | 0.53115919 | 0.51582382 | 0.50082590 | 0.52053422 | 0.53183886 | 0.53405726 | 0.51352516 | 0.01568093
Load 153 | 0.50696921 | 0.52285898 | 0.53326842 | 0.51537190 | 0.52234008 | 0.52666012 | 0.52430439 | 0.51369863 | 0.52843915 | 0.48146933 | 0.51078659 | 0.51186992 | 0.52282430 | 0.52221125 | 0.50358540 | 0.48659254 | 0.50535540 | 0.53991201 | 0.51080297 | 0.54218800 | 0.51657543 | 0.01506981
Load 154 | 0.53466921 | 0.53071017 | 0.53034134 | 0.55333770 | 0.52178153 | 0.50903226 | 0.50771208 | 0.55716121 | 0.50604839 | 0.51230570 | 0.51826259 | 0.51627604 | 0.54030431 | 0.51355713 | 0.52363636 | 0.51972231 | 0.51519111 | 0.53608583 | 0.51626971 | 0.49303714 | 0.52277211 | 0.01550897
Load 155 | 0.53669432 | 0.52263242 | 0.51343381 | 0.51697381 | 0.52210597 | 0.50567465 | 0.55139893 | 0.52509410 | 0.52706553 | 0.53767233 | 0.51666127 | 0.49291237 | 0.51597132 | 0.53791316 | 0.53203075 | 0.48082100 | 0.52074485 | 0.49821833 | 0.55559016 | 0.55370311 | 0.52316561 | 0.01918397
Load 156 | 0.50770713 | 0.55559095 | 0.53936508 | 0.53106606 | 0.51633987 | 0.52301118 | 0.53755570 | 0.52974865 | 0.55343511 | 0.53264715 | 0.51544094 | 0.54793670 | 0.51038961 | 0.53386328 | 0.50600844 | 0.50917874 | 0.48862159 | 0.52892823 | 0.52073882 | 0.51577592 | 0.52516746 | 0.01668258
Load 157 | 0.48555483 | 0.53584171 | 0.49518614 | 0.52400902 | 0.56038339 | 0.53318654 | 0.53129965 | 0.54351343 | 0.53415588 | 0.52169720 | 0.51163532 | 0.53285387 | 0.52500796 | 0.54665348 | 0.54739566 | 0.53838892 | 0.52487562 | 0.54012346 | 0.52660891 | 0.53518057 | 0.52967758 | 0.01680307
Load 158 | 0.54794953 | 0.52399110 | 0.55499368 | 0.55611128 | 0.53848571 | 0.52654188 | 0.52827141 | 0.52433765 | 0.54379562 | 0.51256938 | 0.53562259 | 0.55807365 | 0.53742138 | 0.53980336 | 0.55154158 | 0.51490430 | 0.54166667 | 0.54596799 | 0.54267516 | 0.53168568 | 0.53782048 | 0.01279096
Load 159 | 0.56090740 | 0.54297365 | 0.50965495 | 0.52487715 | 0.53366740 | 0.54069767 | 0.53950543 | 0.52166882 | 0.56885297 | 0.51630094 | 0.52314076 | 0.50347881 | 0.53365676 | 0.54577352 | 0.55416013 | 0.50314861 | 0.53895686 | 0.53451493 | 0.50142903 | 0.54170662 | 0.53195362 | 0.01849804
Load 160 | 0.54568210 | 0.51260239 | 0.50744819 | 0.55432099 | 0.53782542 | 0.55514593 | 0.54465371 | 0.50473784 | 0.50630517 | 0.53404669 | 0.54254992 | 0.53049734 | 0.52012987 | 0.53525541 | 0.50700280 | 0.51839897 | 0.54813665 | 0.52937440 | 0.55012453 | 0.54773714 | 0.53159877 | 0.01690715
Load 161 | 0.54142948 | 0.54199635 | 0.55494168 | 0.53356445 | 0.54554050 | 0.53165707 | 0.53582752 | 0.54732637 | 0.54049795 | 0.55041628 | 0.53879578 | 0.51774398 | 0.52050473 | 0.54996896 | 0.54171895 | 0.57321920 | 0.55925030 | 0.54872881 | 0.53252033 | 0.55078728 | 0.54282180 | 0.01243655
Load 162 | 0.54247163 | 0.54173131 | 0.57089084 | 0.51572719 | 0.54900154 | 0.54073124 | 0.55579937 | 0.55000000 | 0.54106870 | 0.54804162 | 0.55217925 | 0.54426129 | 0.54556575 | 0.52305296 | 0.55719210 | 0.52916416 | 0.56745312 | 0.55509554 | 0.54049080 | 0.55593536 | 0.54629269 | 0.01302101
Load 163 | 0.55689922 | 0.55558997 | 0.55847328 | 0.56119040 | 0.54091327 | 0.54635762 | 0.54036891 | 0.52620418 | 0.53898097 | 0.54996877 | 0.55187231 | 0.56347507 | 0.54722824 | 0.55657213 | 0.55758914 | 0.54996877 | 0.55210575 | 0.53634161 | 0.52300857 | 0.52993280 | 0.54715205 | 0.01141419
Load 164 | 0.55613179 | 0.56069544 | 0.57186922 | 0.56994184 | 0.53776246 | 0.56608852 | 0.58745074 | 0.53313253 | 0.54482342 | 0.54137405 | 0.55719446 | 0.54414784 | 0.56321493 | 0.52868600 | 0.53779963 | 0.53945746 | 0.55129376 | 0.55825981 | 0.55836635 | 0.53624507 | 0.55219677 | 0.01488674
Load 165 | 0.53351532 | 0.55907867 | 0.51947236 | 0.55231144 | 0.56349206 | 0.55522477 | 0.57580133 | 0.55414013 | 0.55356610 | 0.55899129 | 0.55425761 | 0.54137189 | 0.53710575 | 0.54725340 | 0.54711425 | 0.56773028 | 0.55312690 | 0.54511278 | 0.56617867 | 0.55400061 | 0.55194228 | 0.01245437
Load 166 | 0.55090361 | 0.55403394 | 0.53627570 | 0.54036891 | 0.56778116 | 0.55252918 | 0.53796889 | 0.55736696 | 0.56408706 | 0.55231509 | 0.56466410 | 0.57791225 | 0.53959811 | 0.55917874 | 0.57793765 | 0.54637592 | 0.56519139 | 0.56702254 | 0.57428401 | 0.55931180 | 0.55725535 | 0.01254588
Load 167 | 0.57565589 | 0.55236981 | 0.57703837 | 0.56355685 | 0.58540822 | 0.53449834 | 0.59455416 | 0.54545455 | 0.55952381 | 0.56587989 | 0.55456172 | 0.55921053 | 0.56760086 | 0.56226880 | 0.55902468 | 0.56751118 | 0.57604104 | 0.55562273 | 0.57261411 | 0.55231359 | 0.56403546 | 0.01353148
Load 168 | 0.55949896 | 0.55393759 | 0.53510379 | 0.55692031 | 0.57910448 | 0.56108462 | 0.57334526 | 0.54052443 | 0.57082959 | 0.56402708 | 0.55674074 | 0.54447853 | 0.56761514 | 0.55168233 | 0.55218334 | 0.55742726 | 0.57593210 | 0.55074184 | 0.55891956 | 0.57335734 | 0.55917271 | 0.01156554
Load 169 | 0.55007429 | 0.57931034 | 0.57267951 | 0.53926234 | 0.55602157 | 0.56248179 | 0.56998514 | 0.58880484 | 0.56656805 | 0.57605178 | 0.57924140 | 0.57163489 | 0.57679787 | 0.54362214 | 0.56433343 | 0.55255899 | 0.57221738 | 0.56655093 | 0.58047647 | 0.56717712 | 0.56679251 | 0.01261903
Load 170 | 0.56008391 | 0.57400295 | 0.56856887 | 0.58256617 | 0.56093243 | 0.59054175 | 0.57316720 | 0.56214039 | 0.55452436 | 0.56841801 | 0.58254789 | 0.55882353 | 0.54518865 | 0.57515752 | 0.56710451 | 0.55749129 | 0.57417996 | 0.57426623 | 0.55213624 | 0.58101228 | 0.56814271 | 0.01137713
Load 171 | 0.56040670 | 0.57624165 | 0.56342957 | 0.58962402 | 0.56248179 | 0.58557284 | 0.57210124 | 0.59090909 | 0.57854631 | 0.57770075 | 0.57497083 | 0.56713832 | 0.57700029 | 0.56227437 | 0.56525497 | 0.56337608 | 0.56650689 | 0.57501443 | 0.56100443 | 0.55338983 | 0.57114722 | 0.01002015
Load 172 | 0.57477582 | 0.58021852 | 0.58605472 | 0.56319092 | 0.59375895 | 0.55044776 | 0.55797528 | 0.54801423 | 0.58892470 | 0.61112764 | 0.56869010 | 0.54644008 | 0.56578557 | 0.55921996 | 0.55678509 | 0.58061725 | 0.56430219 | 0.56280824 | 0.56487663 | 0.56273764 | 0.56933756 | 0.01610626
Load 173 | 0.56279621 | 0.57242380 | 0.58795610 | 0.59491864 | 0.57064748 | 0.57351225 | 0.56922180 | 0.58076010 | 0.58657143 | 0.56834532 | 0.58242702 | 0.56517803 | 0.59033734 | 0.57891722 | 0.57085828 | 0.55594508 | 0.57155425 | 0.58389640 | 0.59994231 | 0.55299539 | 0.57596022 | 0.01213969
Load 174 | 0.57941514 | 0.56062356 | 0.59559471 | 0.59124294 | 0.59555799 | 0.60910605 | 0.58990719 | 0.57605271 | 0.57263711 | 0.58534555 | 0.57370972 | 0.57584597 | 0.58075504 | 0.58049451 | 0.56771429 | 0.60477995 | 0.58872832 | 0.57216055 | 0.58626659 | 0.57564576 | 0.58307918 | 0.01195823
Load 175 | 0.57580825 | 0.58564302 | 0.57669407 | 0.59425287 | 0.59316140 | 0.59425190 | 0.57179342 | 0.57695590 | 0.58216783 | 0.60011442 | 0.58120386 | 0.58130787 | 0.60295371 | 0.58169746 | 0.55508594 | 0.58232236 | 0.56316547 | 0.54764638 | 0.58123249 | 0.57830271 | 0.58028807 | 0.01344925
Load 176 | 0.58461538 | 0.57362575 | 0.58675799 | 0.58674464 | 0.56177829 | 0.59762800 | 0.57653061 | 0.56938484 | 0.59058488 | 0.60578559 | 0.59966777 | 0.60151643 | 0.61771117 | 0.57278835 | 0.55958549 | 0.58357266 | 0.59374135 | 0.59732879 | 0.59213899 | 0.58428246 | 0.58678847 | 0.01446392
Load 177 | 0.60104053 | 0.56723852 | 0.57276067 | 0.59527121 | 0.56919579 | 0.58237327 | 0.58354046 | 0.59630156 | 0.60929577 | 0.59334672 | 0.57436620 | 0.58491652 | 0.61955907 | 0.58918169 | 0.57376110 | 0.59711031 | 0.57037457 | 0.57669617 | 0.58810198 | 0.58625411 | 0.58653431 | 0.01363707
Load 178 | 0.59925736 | 0.59281268 | 0.58620690 | 0.59714446 | 0.59558613 | 0.58236131 | 0.58604260 | 0.56715576 | 0.59926678 | 0.57993904 | 0.58406329 | 0.60947397 | 0.56626157 | 0.58025751 | 0.59616469 | 0.60503472 | 0.59656047 | 0.61085973 | 0.57089766 | 0.57875036 | 0.58920485 | 0.01278113
Load 179 | 0.60330347 | 0.56644756 | 0.56191524 | 0.60804566 | 0.59977484 | 0.56340426 | 0.57227555 | 0.61164253 | 0.57284300 | 0.57850780 | 0.60855081 | 0.60552214 | 0.58162701 | 0.61384439 | 0.57939914 | 0.59830028 | 0.59169257 | 0.58372157 | 0.61199545 | 0.58369923 | 0.58982562 | 0.01707066
Load 180 | 0.59342801 | 0.59260274 | 0.57260119 | 0.59894824 | 0.58141494 | 0.61290323 | 0.61255411 | 0.60194715 | 0.61088546 | 0.59643436 | 0.60781671 | 0.58932462 | 0.58576052 | 0.58812155 | 0.60326815 | 0.62296919 | 0.57327707 | 0.58461963 | 0.61886482 | 0.60429279 | 0.59760172 | 0.01400241
Load 181 | 0.58388704 | 0.59563148 | 0.60664288 | 0.59259259 | 0.59366315 | 0.60458140 | 0.58145989 | 0.60170189 | 0.61010155 | 0.59364641 | 0.58887953 | 0.60053191 | 0.60071843 | 0.60149373 | 0.59078212 | 0.59624931 | 0.57215620 | 0.57599088 | 0.58629232 | 0.60804158 | 0.59425221 | 0.01024004
Load 182 | 0.57767261 | 0.61717452 | 0.60887656 | 0.59140083 | 0.58240844 | 0.58231027 | 0.60770289 | 0.59806630 | 0.59015943 | 0.60861165 | 0.60897083 | 0.61722746 | 0.59972973 | 0.60104482 | 0.60324890 | 0.57291953 | 0.59922179 | 0.60281690 | 0.58671897 | 0.60429870 | 0.59802906 | 0.01235055
Load 183 | 0.59446254 | 0.58080808 | 0.60760496 | 0.59896118 | 0.60508701 | 0.61009550 | 0.60135870 | 0.59040488 | 0.60080863 | 0.60747922 | 0.59297861 | 0.60524877 | 0.61028818 | 0.60293319 | 0.59002466 | 0.60381992 | 0.61441347 | 0.60917031 | 0.57732794 | 0.57897589 | 0.59911258 | 0.01066240
Load 184 | 0.61182590 | 0.59409694 | 0.56400541 | 0.61126526 | 0.57930845 | 0.59950317 | 0.59433705 | 0.60272509 | 0.59944444 | 0.61029997 | 0.61300813 | 0.62523093 | 0.61668003 | 0.59706362 | 0.60372269 | 0.59989345 | 0.59843792 | 0.61950185 | 0.60681449 | 0.59941753 | 0.60232912 | 0.01341466
Load 185 | 0.61332966 | 0.61918919 | 0.59453492 | 0.62068070 | 0.61912393 | 0.60606889 | 0.60097853 | 0.60280626 | 0.58825191 | 0.60448770 | 0.61170651 | 0.60384615 | 0.60153257 | 0.60333692 | 0.59710688 | 0.59277940 | 0.59833199 | 0.60184432 | 0.61861550 | 0.59956885 | 0.60490604 | 0.00913881
Load 186 | 0.60296134 | 0.62898172 | 0.59720701 | 0.61463163 | 0.60130897 | 0.59406480 | 0.59391281 | 0.59497729 | 0.59131615 | 0.60443123 | 0.61028062 | 0.60684705 | 0.60832215 | 0.59848088 | 0.60458613 | 0.62162877 | 0.60682415 | 0.61756225 | 0.60293333 | 0.59884484 | 0.60500516 | 0.00959621
Load 187 | 0.60467506 | 0.60079893 | 0.62472944 | 0.60511440 | 0.61249672 | 0.61920000 | 0.60383473 | 0.61340069 | 0.58688613 | 0.61300726 | 0.62346993 | 0.60935857 | 0.60000000 | 0.60053050 | 0.63727826 | 0.60218365 | 0.61797753 | 0.60446745 | 0.62522948 | 0.58700696 | 0.60958228 | 0.01238079
Load 188 | 0.60208167 | 0.61062176 | 0.60981496 | 0.61162240 | 0.63530997 | 0.61574435 | 0.61106613 | 0.62336274 | 0.62463499 | 0.59307121 | 0.62447368 | 0.60237849 | 0.59584665 | 0.62447257 | 0.61836896 | 0.62009419 | 0.63653284 | 0.62450903 | 0.59503681 | 0.62874712 | 0.61538953 | 0.01260557
Load 189 | 0.61510225 | 0.62324224 | 0.61114087 | 0.63281042 | 0.62427287 | 0.60869565 | 0.62539103 | 0.61649215 | 0.59357579 | 0.63400576 | 0.59250270 | 0.61312336 | 0.62185535 | 0.59925194 | 0.61677282 | 0.60907127 | 0.61221122 | 0.61432432 | 0.59713756 | 0.59847288 | 0.61297262 | 0.01186882
Load 190 | 0.60285186 | 0.60917031 | 0.62061637 | 0.60305760 | 0.61173112 | 0.65231092 | 0.60833993 | 0.62668428 | 0.61524262 | 0.61059107 | 0.59617901 | 0.60580161 | 0.61489531 | 0.60343915 | 0.62404024 | 0.60479831 | 0.64739733 | 0.60337998 | 0.63280041 | 0.61149003 | 0.61524087 | 0.01454274
Load 191 | 0.61308263 | 0.61956805 | 0.62332193 | 0.60293725 | 0.61205322 | 0.62142857 | 0.61186127 | 0.62121611 | 0.61862872 | 0.63291139 | 0.62630753 | 0.61919425 | 0.58627968 | 0.61510417 | 0.62967644 | 0.61978892 | 0.62588235 | 0.60714286 | 0.64333163 | 0.63065392 | 0.61901854 | 0.01180118
Load 192 | 0.60116218 | 0.62114076 | 0.60499071 | 0.59715640 | 0.62430097 | 0.61249040 | 0.60779570 | 0.61368940 | 0.62112788 | 0.63031377 | 0.62427160 | 0.60417741 | 0.60253755 | 0.61750065 | 0.61298838 | 0.61467181 | 0.63585147 | 0.62335613 | 0.63051375 | 0.60439560 | 0.61522163 | 0.01070474
Load 193 | 0.63912055 | 0.64428312 | 0.60073645 | 0.63290155 | 0.64643867 | 0.61268695 | 0.64148991 | 0.60988032 | 0.59870801 | 0.62599538 | 0.64415918 | 0.61662269 | 0.61613566 | 0.57839539 | 0.62092844 | 0.60897601 | 0.61469106 | 0.63629181 | 0.62477965 | 0.64510262 | 0.62291617 | 0.01808128
Load 194 | 0.60504648 | 0.62218144 | 0.64000000 | 0.60093409 | 0.63456163 | 0.63605619 | 0.62242503 | 0.61168033 | 0.62082362 | 0.62335654 | 0.61726770 | 0.62709205 | 0.57958656 | 0.62562222 | 0.62289997 | 0.61443570 | 0.61237701 | 0.61819116 | 0.63196931 | 0.62874251 | 0.61976248 | 0.01339906
Load 195 | 0.59654550 | 0.63295396 | 0.62576524 | 0.61009781 | 0.64430894 | 0.63291457 | 0.62873326 | 0.63806631 | 0.62865126 | 0.62121598 | 0.62885802 | 0.63196063 | 0.62832531 | 0.60654036 | 0.62451911 | 0.62043604 | 0.66056911 | 0.62088333 | 0.62258811 | 0.63313909 | 0.62685360 | 0.01316253
Load 196 | 0.62191165 | 0.63110998 | 0.62616822 | 0.63609098 | 0.63090773 | 0.62352350 | 0.62333752 | 0.62986517 | 0.62607562 | 0.63666925 | 0.63938619 | 0.59239843 | 0.62445638 | 0.60081363 | 0.62200579 | 0.63501027 | 0.62036804 | 0.63127913 | 0.61263158 | 0.64413965 | 0.62540744 | 0.01206902
Load 197 | 0.65915493 | 0.63517330 | 0.63358190 | 0.64890918 | 0.62843086 | 0.62386935 | 0.61844439 | 0.62728914 | 0.63262156 | 0.61425960 | 0.61677549 | 0.64565757 | 0.64371029 | 0.62258393 | 0.62318478 | 0.63490099 | 0.63947712 | 0.64820930 | 0.62181267 | 0.61526679 | 0.63166566 | 0.01238186
Load 198 | 0.64393939 | 0.63114754 | 0.63205645 | 0.63542454 | 0.64138105 | 0.63200404 | 0.63149808 | 0.64977534 | 0.62871537 | 0.63333333 | 0.62793603 | 0.63702587 | 0.64182453 | 0.62503135 | 0.65452706 | 0.61717352 | 0.60747423 | 0.64138980 | 0.62012270 | 0.62799074 | 0.63298855 | 0.01075459
Load 199 | 0.65370324 | 0.63140369 | 0.63198558 | 0.62884518 | 0.62051413 | 0.63295019 | 0.64745678 | 0.64462605 | 0.62159435 | 0.64895730 | 0.65593262 | 0.63638614 | 0.64383562 | 0.64020356 | 0.64599609 | 0.64728386 | 0.64768597 | 0.65809005 | 0.63035714 | 0.61615914 | 0.63919833 | 0.01179248
Load 200 | 0.61959288 | 0.62255148 | 0.65931069 | 0.63431677 | 0.64285714 | 0.65265542 | 0.62409759 | 0.63042932 | 0.65900667 | 0.64931087 | 0.63384224 | 0.65395444 | 0.64475977 | 0.63677130 | 0.64320203 | 0.65945812 | 0.64094293 | 0.66292683 | 0.64644455 | 0.62955309 | 0.64229921 | 0.01287036
