# TODAS AS PROBABILIDADES (20 SIMULAÇÕES)
# Requisição 3: [5,10]
# Modo: CONJUNTO
# Data: 2026-02-11 20:35:05
# ================================================================================
# Formato: Load | Sim1 | Sim2 | ... | Sim20 | Média | DesvioPadrão
# ================================================================================

Load   1 | 0.00000000 | 0.00000000 | 0.00000000 | 0.00000000 | 0.00000000 | 0.00000000 | 0.00000000 | 0.00000000 | 0.00000000 | 0.00000000 | 0.00000000 | 0.00000000 | 0.00000000 | 0.00000000 | 0.00000000 | 0.00000000 | 0.00000000 | 0.00000000 | 0.00000000 | 0.00000000 | 0.00000000 | 0.00000000
Load   2 | 0.00000000 | 0.00000000 | 0.00000000 | 0.00000000 | 0.00000000 | 0.00000000 | 0.00000000 | 0.00000000 | 0.00000000 | 0.00000000 | 0.00000000 | 0.00000000 | 0.00000000 | 0.00000000 | 0.00000000 | 0.00000000 | 0.00000000 | 0.00000000 | 0.00000000 | 0.00000000 | 0.00000000 | 0.00000000
Load   3 | 0.00000000 | 0.00000000 | 0.00000000 | 0.00000000 | 0.00000000 | 0.00000000 | 0.00000000 | 0.00000000 | 0.00000000 | 0.00000000 | 0.00000000 | 0.00000000 | 0.00000000 | 0.00000000 | 0.00000000 | 0.00000000 | 0.00000000 | 0.00000000 | 0.00000000 | 0.00000000 | 0.00000000 | 0.00000000
Load   4 | 0.00000000 | 0.00000000 | 0.00000000 | 0.00000000 | 0.00000000 | 0.00000000 | 0.00000000 | 0.00000000 | 0.00000000 | 0.00000000 | 0.00000000 | 0.00000000 | 0.00000000 | 0.00000000 | 0.00000000 | 0.00000000 | 0.00000000 | 0.00000000 | 0.00000000 | 0.00000000 | 0.00000000 | 0.00000000
Load   5 | 0.00000000 | 0.00000000 | 0.00000000 | 0.00000000 | 0.00000000 | 0.00000000 | 0.00000000 | 0.00000000 | 0.00000000 | 0.00000000 | 0.00000000 | 0.00000000 | 0.00000000 | 0.00000000 | 0.00000000 | 0.00000000 | 0.00000000 | 0.00000000 | 0.00000000 | 0.00000000 | 0.00000000 | 0.00000000
Load   6 | 0.00000000 | 0.00000000 | 0.00000000 | 0.00000000 | 0.00000000 | 0.00000000 | 0.00000000 | 0.00000000 | 0.00000000 | 0.00000000 | 0.00000000 | 0.00000000 | 0.00000000 | 0.00000000 | 0.00000000 | 0.00000000 | 0.00000000 | 0.00000000 | 0.00000000 | 0.00000000 | 0.00000000 | 0.00000000
Load   7 | 0.00000000 | 0.00000000 | 0.00000000 | 0.00000000 | 0.00000000 | 0.00000000 | 0.00000000 | 0.00000000 | 0.00000000 | 0.00000000 | 0.00000000 | 0.00000000 | 0.00000000 | 0.00000000 | 0.00000000 | 0.00000000 | 0.00000000 | 0.00000000 | 0.00000000 | 0.00000000 | 0.00000000 | 0.00000000
Load   8 | 0.00000000 | 0.00000000 | 0.00000000 | 0.00000000 | 0.00000000 | 0.00000000 | 0.00000000 | 0.00000000 | 0.00000000 | 0.00000000 | 0.00000000 | 0.00000000 | 0.00000000 | 0.00000000 | 0.00000000 | 0.00000000 | 0.00000000 | 0.00000000 | 0.00000000 | 0.00000000 | 0.00000000 | 0.00000000
Load   9 | 0.00000000 | 0.00000000 | 0.00000000 | 0.00000000 | 0.00000000 | 0.00000000 | 0.00000000 | 0.00000000 | 0.00000000 | 0.00000000 | 0.00000000 | 0.00000000 | 0.00000000 | 0.00000000 | 0.00000000 | 0.00000000 | 0.00000000 | 0.00000000 | 0.00000000 | 0.00000000 | 0.00000000 | 0.00000000
Load  10 | 0.00000000 | 0.00000000 | 0.00000000 | 0.00000000 | 0.00000000 | 0.00000000 | 0.00000000 | 0.00000000 | 0.00000000 | 0.00000000 | 0.00000000 | 0.00000000 | 0.00000000 | 0.00000000 | 0.00000000 | 0.00000000 | 0.00000000 | 0.00000000 | 0.00000000 | 0.00000000 | 0.00000000 | 0.00000000
Load  11 | 0.00000000 | 0.00000000 | 0.00000000 | 0.00000000 | 0.00000000 | 0.00000000 | 0.00000000 | 0.00000000 | 0.00000000 | 0.00000000 | 0.00000000 | 0.00000000 | 0.00000000 | 0.00000000 | 0.00000000 | 0.00000000 | 0.00000000 | 0.00000000 | 0.00000000 | 0.00000000 | 0.00000000 | 0.00000000
Load  12 | 0.00000000 | 0.00000000 | 0.00000000 | 0.00000000 | 0.00000000 | 0.00000000 | 0.00000000 | 0.00000000 | 0.00000000 | 0.00000000 | 0.00000000 | 0.00000000 | 0.00000000 | 0.00000000 | 0.00000000 | 0.00000000 | 0.00000000 | 0.00000000 | 0.00000000 | 0.00000000 | 0.00000000 | 0.00000000
Load  13 | 0.00000000 | 0.00000000 | 0.00000000 | 0.00000000 | 0.00000000 | 0.00000000 | 0.00000000 | 0.00000000 | 0.00000000 | 0.00000000 | 0.00000000 | 0.00000000 | 0.00000000 | 0.00000000 | 0.00000000 | 0.00000000 | 0.00000000 | 0.00000000 | 0.00000000 | 0.00000000 | 0.00000000 | 0.00000000
Load  14 | 0.00000000 | 0.00000000 | 0.00000000 | 0.00000000 | 0.00000000 | 0.00000000 | 0.00000000 | 0.00000000 | 0.00000000 | 0.00000000 | 0.00000000 | 0.00000000 | 0.00000000 | 0.00000000 | 0.00000000 | 0.00000000 | 0.00000000 | 0.00000000 | 0.00000000 | 0.00000000 | 0.00000000 | 0.00000000
Load  15 | 0.00000000 | 0.00000000 | 0.00000000 | 0.00000000 | 0.00000000 | 0.00000000 | 0.00000000 | 0.00000000 | 0.00000000 | 0.00000000 | 0.00000000 | 0.00000000 | 0.00000000 | 0.00000000 | 0.00000000 | 0.00000000 | 0.00000000 | 0.00000000 | 0.00000000 | 0.00000000 | 0.00000000 | 0.00000000
Load  16 | 0.00000000 | 0.00000000 | 0.00000000 | 0.00000000 | 0.00000000 | 0.00000000 | 0.00000000 | 0.00000000 | 0.00000000 | 0.00000000 | 0.00000000 | 0.00000000 | 0.00000000 | 0.00000000 | 0.00000000 | 0.00000000 | 0.00000000 | 0.00000000 | 0.00000000 | 0.00000000 | 0.00000000 | 0.00000000
Load  17 | 0.00000000 | 0.00000000 | 0.00000000 | 0.00000000 | 0.00000000 | 0.00000000 | 0.00000000 | 0.00000000 | 0.00000000 | 0.00000000 | 0.00000000 | 0.00000000 | 0.00000000 | 0.00000000 | 0.00000000 | 0.00000000 | 0.00000000 | 0.00000000 | 0.00000000 | 0.00000000 | 0.00000000 | 0.00000000
Load  18 | 0.00000000 | 0.00000000 | 0.00000000 | 0.00000000 | 0.00000000 | 0.00000000 | 0.00000000 | 0.00000000 | 0.00000000 | 0.00000000 | 0.00000000 | 0.00000000 | 0.00000000 | 0.00000000 | 0.00000000 | 0.00000000 | 0.00000000 | 0.00000000 | 0.00000000 | 0.00000000 | 0.00000000 | 0.00000000
Load  19 | 0.00000000 | 0.00000000 | 0.00000000 | 0.00000000 | 0.00000000 | 0.00000000 | 0.00000000 | 0.00000000 | 0.00000000 | 0.00000000 | 0.00000000 | 0.00000000 | 0.00000000 | 0.00000000 | 0.00000000 | 0.00000000 | 0.00000000 | 0.00000000 | 0.00000000 | 0.00000000 | 0.00000000 | 0.00000000
Load  20 | 0.00000000 | 0.00000000 | 0.00000000 | 0.00000000 | 0.00000000 | 0.00000000 | 0.00000000 | 0.00000000 | 0.00000000 | 0.00000000 | 0.00000000 | 0.00000000 | 0.00000000 | 0.00000000 | 0.00000000 | 0.00000000 | 0.00000000 | 0.00000000 | 0.00000000 | 0.00000000 | 0.00000000 | 0.00000000
Load  21 | 0.00000000 | 0.00000000 | 0.00000000 | 0.00000000 | 0.00000000 | 0.00000000 | 0.00000000 | 0.00000000 | 0.00000000 | 0.00000000 | 0.00000000 | 0.00000000 | 0.00000000 | 0.00000000 | 0.00000000 | 0.00000000 | 0.00000000 | 0.00000000 | 0.00000000 | 0.00000000 | 0.00000000 | 0.00000000
Load  22 | 0.00000000 | 0.00000000 | 0.00000000 | 0.00000000 | 0.00000000 | 0.00000000 | 0.00000000 | 0.00000000 | 0.00000000 | 0.00000000 | 0.00000000 | 0.00000000 | 0.00000000 | 0.00000000 | 0.00000000 | 0.00000000 | 0.00000000 | 0.00000000 | 0.00000000 | 0.00000000 | 0.00000000 | 0.00000000
Load  23 | 0.00000000 | 0.00000000 | 0.00000000 | 0.00000000 | 0.00000000 | 0.00000000 | 0.00000000 | 0.00000000 | 0.00000000 | 0.00000000 | 0.00000000 | 0.00000000 | 0.00000000 | 0.00000000 | 0.00000000 | 0.00000000 | 0.00000000 | 0.00000000 | 0.00000000 | 0.00000000 | 0.00000000 | 0.00000000
Load  24 | 0.00000000 | 0.00000000 | 0.00000000 | 0.00000000 | 0.00000000 | 0.00000000 | 0.00000000 | 0.00000000 | 0.00000000 | 0.00000000 | 0.00000000 | 0.00000000 | 0.00000000 | 0.00000000 | 0.00000000 | 0.00000000 | 0.00000000 | 0.00000000 | 0.00000000 | 0.00000000 | 0.00000000 | 0.00000000
Load  25 | 0.00000000 | 0.00000000 | 0.00000000 | 0.00000000 | 0.00000000 | 0.00000000 | 0.00000000 | 0.00000000 | 0.00000000 | 0.00000000 | 0.00000000 | 0.00000000 | 0.00000000 | 0.00000000 | 0.00000000 | 0.00000000 | 0.00000000 | 0.00000000 | 0.00000000 | 0.00000000 | 0.00000000 | 0.00000000
Load  26 | 0.00000000 | 0.00000000 | 0.00000000 | 0.00000000 | 0.00000000 | 0.00000000 | 0.00000000 | 0.00000000 | 0.00000000 | 0.00000000 | 0.00000000 | 0.00000000 | 0.00000000 | 0.00000000 | 0.00000000 | 0.00000000 | 0.00000000 | 0.00000000 | 0.00000000 | 0.00000000 | 0.00000000 | 0.00000000
Load  27 | 0.00000000 | 0.00000000 | 0.00000000 | 0.00000000 | 0.00000000 | 0.00000000 | 0.00000000 | 0.00000000 | 0.00000000 | 0.00000000 | 0.00000000 | 0.00000000 | 0.00000000 | 0.00000000 | 0.00000000 | 0.00000000 | 0.00000000 | 0.00000000 | 0.00000000 | 0.00000000 | 0.00000000 | 0.00000000
Load  28 | 0.00000000 | 0.00000000 | 0.00000000 | 0.00000000 | 0.00000000 | 0.00000000 | 0.00000000 | 0.00000000 | 0.00000000 | 0.00000000 | 0.00000000 | 0.00000000 | 0.00000000 | 0.00000000 | 0.00000000 | 0.00000000 | 0.00000000 | 0.00000000 | 0.00000000 | 0.00000000 | 0.00000000 | 0.00000000
Load  29 | 0.00000000 | 0.00000000 | 0.00000000 | 0.00000000 | 0.00000000 | 0.00000000 | 0.00000000 | 0.00000000 | 0.00000000 | 0.00000000 | 0.00000000 | 0.00000000 | 0.00000000 | 0.00000000 | 0.00000000 | 0.00000000 | 0.00000000 | 0.00000000 | 0.00000000 | 0.00000000 | 0.00000000 | 0.00000000
Load  30 | 0.00000000 | 0.00000000 | 0.00000000 | 0.00000000 | 0.00000000 | 0.00000000 | 0.00000000 | 0.00000000 | 0.00000000 | 0.00000000 | 0.00000000 | 0.00000000 | 0.00000000 | 0.00000000 | 0.00000000 | 0.00000000 | 0.00000000 | 0.00000000 | 0.00000000 | 0.00000000 | 0.00000000 | 0.00000000
Load  31 | 0.00000000 | 0.00000000 | 0.00000000 | 0.00000000 | 0.00000000 | 0.00000000 | 0.00000000 | 0.00000000 | 0.00000000 | 0.00000000 | 0.00000000 | 0.00000000 | 0.00000000 | 0.00000000 | 0.00000000 | 0.00000000 | 0.00000000 | 0.00000000 | 0.00000000 | 0.00000000 | 0.00000000 | 0.00000000
Load  32 | 0.00000000 | 0.00000000 | 0.00000000 | 0.00000000 | 0.00000000 | 0.00000000 | 0.00000000 | 0.00000000 | 0.00000000 | 0.00000000 | 0.00000000 | 0.00000000 | 0.00000000 | 0.00000000 | 0.00000000 | 0.00000000 | 0.00000000 | 0.00000000 | 0.00000000 | 0.00000000 | 0.00000000 | 0.00000000
Load  33 | 0.00000000 | 0.00000000 | 0.00000000 | 0.00000000 | 0.00000000 | 0.00000000 | 0.00000000 | 0.00000000 | 0.00000000 | 0.00000000 | 0.00000000 | 0.00000000 | 0.00000000 | 0.00000000 | 0.00000000 | 0.00000000 | 0.00000000 | 0.00000000 | 0.00000000 | 0.00000000 | 0.00000000 | 0.00000000
Load  34 | 0.00000000 | 0.00000000 | 0.00000000 | 0.00000000 | 0.00000000 | 0.00000000 | 0.00000000 | 0.00000000 | 0.00000000 | 0.00000000 | 0.00000000 | 0.00000000 | 0.00000000 | 0.00000000 | 0.00000000 | 0.00000000 | 0.00000000 | 0.00000000 | 0.00000000 | 0.00000000 | 0.00000000 | 0.00000000
Load  35 | 0.00000000 | 0.00000000 | 0.00000000 | 0.00000000 | 0.00000000 | 0.00000000 | 0.00000000 | 0.00000000 | 0.00000000 | 0.00000000 | 0.00000000 | 0.00000000 | 0.00000000 | 0.00000000 | 0.00000000 | 0.00000000 | 0.00000000 | 0.00000000 | 0.00000000 | 0.00000000 | 0.00000000 | 0.00000000
Load  36 | 0.00000000 | 0.00000000 | 0.00000000 | 0.00000000 | 0.00000000 | 0.00000000 | 0.00000000 | 0.00000000 | 0.00000000 | 0.00000000 | 0.00000000 | 0.00000000 | 0.00000000 | 0.00000000 | 0.00000000 | 0.00000000 | 0.00000000 | 0.00000000 | 0.00000000 | 0.00000000 | 0.00000000 | 0.00000000
Load  37 | 0.00000000 | 0.00000000 | 0.00000000 | 0.00000000 | 0.00000000 | 0.00000000 | 0.00000000 | 0.00000000 | 0.00000000 | 0.00000000 | 0.00000000 | 0.00000000 | 0.00000000 | 0.00000000 | 0.00000000 | 0.00000000 | 0.00000000 | 0.00000000 | 0.00000000 | 0.00000000 | 0.00000000 | 0.00000000
Load  38 | 0.00000000 | 0.00000000 | 0.00000000 | 0.00000000 | 0.00000000 | 0.00000000 | 0.00000000 | 0.00000000 | 0.00000000 | 0.00000000 | 0.00000000 | 0.00000000 | 0.00000000 | 0.00000000 | 0.00000000 | 0.00000000 | 0.00000000 | 0.00000000 | 0.00000000 | 0.00000000 | 0.00000000 | 0.00000000
Load  39 | 0.00000000 | 0.00000000 | 0.00000000 | 0.00000000 | 0.00000000 | 0.00000000 | 0.00000000 | 0.00000000 | 0.00000000 | 0.00000000 | 0.00000000 | 0.00000000 | 0.00000000 | 0.00000000 | 0.00000000 | 0.00000000 | 0.00000000 | 0.00000000 | 0.00000000 | 0.00000000 | 0.00000000 | 0.00000000
Load  40 | 0.00000000 | 0.00000000 | 0.00000000 | 0.00000000 | 0.00000000 | 0.00000000 | 0.00000000 | 0.00000000 | 0.00000000 | 0.00000000 | 0.00000000 | 0.00000000 | 0.00000000 | 0.00000000 | 0.00000000 | 0.00000000 | 0.00000000 | 0.00000000 | 0.00000000 | 0.00000000 | 0.00000000 | 0.00000000
Load  41 | 0.00000000 | 0.00000000 | 0.00000000 | 0.00000000 | 0.00000000 | 0.00000000 | 0.00000000 | 0.00000000 | 0.00000000 | 0.00000000 | 0.00000000 | 0.00000000 | 0.00000000 | 0.00000000 | 0.00000000 | 0.00000000 | 0.00000000 | 0.00000000 | 0.00000000 | 0.00000000 | 0.00000000 | 0.00000000
Load  42 | 0.00000000 | 0.00000000 | 0.00000000 | 0.00000000 | 0.00000000 | 0.00000000 | 0.00000000 | 0.00000000 | 0.00000000 | 0.00000000 | 0.00000000 | 0.00000000 | 0.00000000 | 0.00000000 | 0.00000000 | 0.00000000 | 0.00000000 | 0.00000000 | 0.00000000 | 0.00000000 | 0.00000000 | 0.00000000
Load  43 | 0.00000000 | 0.00000000 | 0.00000000 | 0.00000000 | 0.00000000 | 0.00000000 | 0.00000000 | 0.00000000 | 0.00000000 | 0.00000000 | 0.00000000 | 0.00000000 | 0.00000000 | 0.00000000 | 0.00000000 | 0.00000000 | 0.00000000 | 0.00000000 | 0.00000000 | 0.00000000 | 0.00000000 | 0.00000000
Load  44 | 0.00000000 | 0.00000000 | 0.00000000 | 0.00000000 | 0.00000000 | 0.00000000 | 0.00000000 | 0.00000000 | 0.00000000 | 0.00000000 | 0.00000000 | 0.00000000 | 0.00000000 | 0.00000000 | 0.00000000 | 0.00000000 | 0.00000000 | 0.00000000 | 0.00000000 | 0.00000000 | 0.00000000 | 0.00000000
Load  45 | 0.00000000 | 0.00000000 | 0.00000000 | 0.00000000 | 0.00000000 | 0.00000000 | 0.00000000 | 0.00000000 | 0.00000000 | 0.00000000 | 0.00000000 | 0.00000000 | 0.00000000 | 0.00000000 | 0.00000000 | 0.00000000 | 0.00000000 | 0.00000000 | 0.00000000 | 0.00000000 | 0.00000000 | 0.00000000
Load  46 | 0.00000000 | 0.00000000 | 0.00000000 | 0.00000000 | 0.00000000 | 0.00000000 | 0.00000000 | 0.00000000 | 0.00000000 | 0.00000000 | 0.00000000 | 0.00000000 | 0.00000000 | 0.00000000 | 0.00000000 | 0.00000000 | 0.00000000 | 0.00000000 | 0.00000000 | 0.00000000 | 0.00000000 | 0.00000000
Load  47 | 0.00000000 | 0.00000000 | 0.00000000 | 0.00000000 | 0.00000000 | 0.00000000 | 0.00000000 | 0.00000000 | 0.00000000 | 0.00000000 | 0.00000000 | 0.00000000 | 0.00000000 | 0.00000000 | 0.00000000 | 0.00000000 | 0.00000000 | 0.00000000 | 0.00000000 | 0.00000000 | 0.00000000 | 0.00000000
Load  48 | 0.00000000 | 0.00000000 | 0.00000000 | 0.00000000 | 0.00000000 | 0.00000000 | 0.00000000 | 0.00000000 | 0.00000000 | 0.00000000 | 0.00000000 | 0.00000000 | 0.00000000 | 0.00000000 | 0.00000000 | 0.00000000 | 0.00000000 | 0.00000000 | 0.00000000 | 0.00000000 | 0.00000000 | 0.00000000
Load  49 | 0.00000000 | 0.00000000 | 0.00000000 | 0.00000000 | 0.00000000 | 0.00000000 | 0.00000000 | 0.00000000 | 0.00000000 | 0.00000000 | 0.00000000 | 0.00000000 | 0.00000000 | 0.00000000 | 0.00000000 | 0.00000000 | 0.00000000 | 0.00000000 | 0.00000000 | 0.00000000 | 0.00000000 | 0.00000000
Load  50 | 0.00000000 | 0.00000000 | 0.00000000 | 0.00000000 | 0.00000000 | 0.00000000 | 0.00000000 | 0.00000000 | 0.00000000 | 0.00000000 | 0.00000000 | 0.00000000 | 0.00000000 | 0.00000000 | 0.00000000 | 0.00000000 | 0.00000000 | 0.00000000 | 0.00000000 | 0.00000000 | 0.00000000 | 0.00000000
Load  51 | 0.00000000 | 0.00000000 | 0.00000000 | 0.00000000 | 0.00000000 | 0.00000000 | 0.00000000 | 0.00000000 | 0.00000000 | 0.00000000 | 0.00000000 | 0.00000000 | 0.00000000 | 0.00000000 | 0.00000000 | 0.00000000 | 0.00000000 | 0.00000000 | 0.00095238 | 0.00000000 | 0.00004762 | 0.00020757
Load  52 | 0.00000000 | 0.00000000 | 0.00000000 | 0.00000000 | 0.00000000 | 0.00000000 | 0.00000000 | 0.00000000 | 0.00000000 | 0.00000000 | 0.00000000 | 0.00000000 | 0.00000000 | 0.00000000 | 0.00000000 | 0.00000000 | 0.00000000 | 0.00000000 | 0.00000000 | 0.00000000 | 0.00000000 | 0.00000000
Load  53 | 0.00000000 | 0.00000000 | 0.00000000 | 0.00000000 | 0.00000000 | 0.00000000 | 0.00000000 | 0.00000000 | 0.00000000 | 0.00000000 | 0.00000000 | 0.00000000 | 0.00000000 | 0.00000000 | 0.00000000 | 0.00000000 | 0.00000000 | 0.00000000 | 0.00000000 | 0.00000000 | 0.00000000 | 0.00000000
Load  54 | 0.00000000 | 0.00000000 | 0.00000000 | 0.00000000 | 0.00000000 | 0.00000000 | 0.00000000 | 0.00000000 | 0.00000000 | 0.00000000 | 0.00000000 | 0.00000000 | 0.00000000 | 0.00000000 | 0.00000000 | 0.00000000 | 0.00000000 | 0.00000000 | 0.00000000 | 0.00270758 | 0.00013538 | 0.00059010
Load  55 | 0.00000000 | 0.00000000 | 0.00000000 | 0.00000000 | 0.00000000 | 0.00000000 | 0.00097561 | 0.00000000 | 0.00000000 | 0.00000000 | 0.00000000 | 0.00000000 | 0.00000000 | 0.00000000 | 0.00452489 | 0.00000000 | 0.00094787 | 0.00000000 | 0.00000000 | 0.00000000 | 0.00032242 | 0.00100613
Load  56 | 0.00000000 | 0.00000000 | 0.00000000 | 0.00087184 | 0.00000000 | 0.00092937 | 0.00000000 | 0.00000000 | 0.00000000 | 0.00000000 | 0.00000000 | 0.00000000 | 0.00366972 | 0.00000000 | 0.00000000 | 0.00000000 | 0.00000000 | 0.00000000 | 0.00000000 | 0.00000000 | 0.00027355 | 0.00082444
Load  57 | 0.00000000 | 0.00000000 | 0.00000000 | 0.00000000 | 0.00000000 | 0.00000000 | 0.00000000 | 0.00000000 | 0.00000000 | 0.00000000 | 0.00000000 | 0.00000000 | 0.00000000 | 0.00088810 | 0.00000000 | 0.00000000 | 0.00000000 | 0.00171086 | 0.00000000 | 0.00000000 | 0.00012995 | 0.00041098
Load  58 | 0.00000000 | 0.00089047 | 0.00000000 | 0.00000000 | 0.00000000 | 0.00000000 | 0.00260643 | 0.00000000 | 0.00000000 | 0.00000000 | 0.00000000 | 0.00000000 | 0.00250417 | 0.00000000 | 0.00000000 | 0.00000000 | 0.00000000 | 0.00087489 | 0.00000000 | 0.00000000 | 0.00034380 | 0.00078290
Load  59 | 0.00000000 | 0.00414938 | 0.00084890 | 0.00000000 | 0.00000000 | 0.00000000 | 0.00000000 | 0.00000000 | 0.00000000 | 0.00167785 | 0.00000000 | 0.00000000 | 0.00000000 | 0.00000000 | 0.00000000 | 0.00000000 | 0.00000000 | 0.00000000 | 0.00000000 | 0.00000000 | 0.00033381 | 0.00096241
Load  60 | 0.00000000 | 0.00000000 | 0.00000000 | 0.00164609 | 0.00000000 | 0.00000000 | 0.00000000 | 0.00246508 | 0.00000000 | 0.00000000 | 0.00000000 | 0.00000000 | 0.00000000 | 0.00000000 | 0.00000000 | 0.00166389 | 0.00000000 | 0.00000000 | 0.00000000 | 0.00000000 | 0.00028875 | 0.00070311
Load  61 | 0.00000000 | 0.00000000 | 0.00000000 | 0.00000000 | 0.00083264 | 0.00000000 | 0.00078064 | 0.00000000 | 0.00000000 | 0.00000000 | 0.00164069 | 0.00000000 | 0.00000000 | 0.00000000 | 0.00000000 | 0.00000000 | 0.00162338 | 0.00000000 | 0.00000000 | 0.00000000 | 0.00024387 | 0.00052156
Load  62 | 0.00000000 | 0.00000000 | 0.00000000 | 0.00000000 | 0.00000000 | 0.00000000 | 0.00079808 | 0.00000000 | 0.00000000 | 0.00000000 | 0.00000000 | 0.00397772 | 0.00080841 | 0.00000000 | 0.00239425 | 0.00401929 | 0.00253165 | 0.00000000 | 0.00000000 | 0.00000000 | 0.00072647 | 0.00132011
Load  63 | 0.00077399 | 0.00081967 | 0.00000000 | 0.00000000 | 0.00082102 | 0.00246305 | 0.00312500 | 0.00000000 | 0.00155159 | 0.00240385 | 0.00000000 | 0.00000000 | 0.00400320 | 0.00000000 | 0.00078927 | 0.00000000 | 0.00081367 | 0.00152905 | 0.00162866 | 0.00000000 | 0.00103610 | 0.00115746
Load  64 | 0.00308166 | 0.00242131 | 0.00000000 | 0.00000000 | 0.00000000 | 0.00161943 | 0.00227101 | 0.00309837 | 0.00000000 | 0.00000000 | 0.00238854 | 0.00151172 | 0.00000000 | 0.00000000 | 0.00077821 | 0.00158479 | 0.00000000 | 0.00389712 | 0.00078186 | 0.00000000 | 0.00117170 | 0.00126862
Load  65 | 0.00000000 | 0.00600601 | 0.00457317 | 0.00219459 | 0.00000000 | 0.00000000 | 0.00000000 | 0.00158103 | 0.00222883 | 0.00000000 | 0.00079745 | 0.00000000 | 0.00077160 | 0.00146628 | 0.00240964 | 0.00297177 | 0.00000000 | 0.00000000 | 0.00000000 | 0.00149254 | 0.00132464 | 0.00164958
Load  66 | 0.00000000 | 0.00223380 | 0.00000000 | 0.00232019 | 0.00000000 | 0.00229358 | 0.00000000 | 0.00000000 | 0.00221566 | 0.00076046 | 0.00074794 | 0.00227273 | 0.00310559 | 0.00376223 | 0.00000000 | 0.00000000 | 0.00000000 | 0.00367377 | 0.00149031 | 0.00000000 | 0.00124381 | 0.00133081
Load  67 | 0.00236780 | 0.00000000 | 0.00000000 | 0.00149813 | 0.00226074 | 0.00074906 | 0.00000000 | 0.00000000 | 0.00000000 | 0.00448766 | 0.00000000 | 0.00000000 | 0.00147601 | 0.00074963 | 0.00144718 | 0.00157356 | 0.00297398 | 0.00000000 | 0.00074683 | 0.00148920 | 0.00109099 | 0.00119975
Load  68 | 0.00147929 | 0.00071942 | 0.00000000 | 0.00232558 | 0.00458365 | 0.00075930 | 0.00590406 | 0.00000000 | 0.00310078 | 0.00425834 | 0.00306044 | 0.00000000 | 0.00000000 | 0.00220751 | 0.00435730 | 0.00279720 | 0.00289855 | 0.00076746 | 0.00000000 | 0.00151400 | 0.00203664 | 0.00175615
Load  69 | 0.00305577 | 0.00000000 | 0.00294768 | 0.00354359 | 0.00148810 | 0.00075301 | 0.00286533 | 0.00210970 | 0.00000000 | 0.00304646 | 0.00277971 | 0.00139762 | 0.00149477 | 0.00293686 | 0.00075358 | 0.00000000 | 0.00000000 | 0.00144196 | 0.00358423 | 0.00304878 | 0.00186236 | 0.00125036
Load  70 | 0.00291971 | 0.00072569 | 0.00145560 | 0.00000000 | 0.00000000 | 0.00819113 | 0.00000000 | 0.00889802 | 0.00361795 | 0.01108801 | 0.00000000 | 0.00428266 | 0.00555170 | 0.00074460 | 0.00220103 | 0.00146413 | 0.00151860 | 0.00723066 | 0.00000000 | 0.00495751 | 0.00324235 | 0.00330973
Load  71 | 0.00000000 | 0.00000000 | 0.00500000 | 0.00147059 | 0.00559441 | 0.00836237 | 0.00280899 | 0.00216763 | 0.00346741 | 0.00000000 | 0.00219138 | 0.00404585 | 0.00140845 | 0.00282686 | 0.00067751 | 0.00207900 | 0.00074239 | 0.00345781 | 0.00352361 | 0.00141443 | 0.00256193 | 0.00205648
Load  72 | 0.00337838 | 0.00420757 | 0.00341297 | 0.00415512 | 0.00757054 | 0.00140154 | 0.01144781 | 0.00206469 | 0.00283688 | 0.00411241 | 0.00427960 | 0.00490884 | 0.00134953 | 0.00916830 | 0.00596026 | 0.01139410 | 0.00207182 | 0.00780696 | 0.00682594 | 0.00408998 | 0.00512216 | 0.00295851
Load  73 | 0.00279135 | 0.00139958 | 0.00199468 | 0.00633803 | 0.00629811 | 0.01300479 | 0.00739744 | 0.00612245 | 0.01087652 | 0.00209205 | 0.00681663 | 0.00133869 | 0.00337838 | 0.00202020 | 0.00338295 | 0.00784593 | 0.00643777 | 0.00399734 | 0.01204819 | 0.00345543 | 0.00545183 | 0.00342347
Load  74 | 0.00069204 | 0.00664894 | 0.00363901 | 0.00273973 | 0.00469169 | 0.00760719 | 0.00000000 | 0.00331345 | 0.00269906 | 0.00069396 | 0.01505236 | 0.00206897 | 0.00276052 | 0.00273224 | 0.00000000 | 0.00602813 | 0.00781759 | 0.00274348 | 0.01250000 | 0.00069252 | 0.00425604 | 0.00393340
Load  75 | 0.00067659 | 0.00272109 | 0.00522193 | 0.00530152 | 0.00273598 | 0.00736772 | 0.00595632 | 0.00198807 | 0.01171113 | 0.00071174 | 0.00268637 | 0.00858086 | 0.00200535 | 0.00334896 | 0.00460224 | 0.01140940 | 0.00205198 | 0.00707395 | 0.00340368 | 0.00547196 | 0.00475134 | 0.00311293
Load  76 | 0.00065020 | 0.00399734 | 0.00373832 | 0.00324465 | 0.00786370 | 0.00132450 | 0.01106771 | 0.00544218 | 0.00445010 | 0.00581395 | 0.00328515 | 0.00687930 | 0.00529801 | 0.01091142 | 0.00475543 | 0.00200267 | 0.01195219 | 0.00849673 | 0.00464807 | 0.00514139 | 0.00554815 | 0.00307840
Load  77 | 0.00910273 | 0.00200535 | 0.00831202 | 0.01065246 | 0.00400000 | 0.00457218 | 0.00195567 | 0.00843061 | 0.00573614 | 0.00924092 | 0.01087652 | 0.00314861 | 0.00900901 | 0.01457541 | 0.01076631 | 0.00706033 | 0.00819672 | 0.00881612 | 0.00264725 | 0.00573248 | 0.00724184 | 0.00333932
Load  78 | 0.00325945 | 0.00943990 | 0.00888889 | 0.00659196 | 0.00441919 | 0.00251572 | 0.00441084 | 0.00654022 | 0.00810979 | 0.00465426 | 0.01523810 | 0.00390625 | 0.00534045 | 0.00519481 | 0.00129282 | 0.00198675 | 0.00385604 | 0.00989487 | 0.00451613 | 0.00198939 | 0.00560229 | 0.00328422
Load  79 | 0.01302730 | 0.01360104 | 0.00258231 | 0.00765306 | 0.00569620 | 0.01134931 | 0.00921942 | 0.00321750 | 0.01540357 | 0.00372902 | 0.00444727 | 0.01599488 | 0.01586294 | 0.00510204 | 0.01108374 | 0.00557621 | 0.00872818 | 0.00386349 | 0.00817610 | 0.00631313 | 0.00853134 | 0.00434209
Load  80 | 0.01302083 | 0.00965018 | 0.00836320 | 0.01451104 | 0.00750469 | 0.01061174 | 0.00946970 | 0.00619579 | 0.00997506 | 0.00655738 | 0.00304692 | 0.00530152 | 0.00759494 | 0.01161369 | 0.00188679 | 0.00722259 | 0.00980993 | 0.00661058 | 0.01903008 | 0.00457218 | 0.00862744 | 0.00389024
Load  81 | 0.01388013 | 0.00798036 | 0.01098231 | 0.00625782 | 0.00999375 | 0.01419753 | 0.00259235 | 0.00565327 | 0.01477833 | 0.01571947 | 0.01715686 | 0.01033435 | 0.01358025 | 0.00821745 | 0.02251185 | 0.01865672 | 0.00811486 | 0.00625000 | 0.00998752 | 0.01248439 | 0.01146648 | 0.00479909
Load  82 | 0.01650794 | 0.01029679 | 0.01280488 | 0.01334951 | 0.00760456 | 0.01905972 | 0.00683230 | 0.01033435 | 0.01387214 | 0.01580547 | 0.00668693 | 0.02119927 | 0.01082381 | 0.00741198 | 0.01506932 | 0.00936330 | 0.00921942 | 0.01309227 | 0.00711514 | 0.00814026 | 0.01172947 | 0.00412431
Load  83 | 0.01392252 | 0.00567108 | 0.01491681 | 0.01283619 | 0.01721068 | 0.01175779 | 0.01348039 | 0.01365611 | 0.00825921 | 0.01185278 | 0.00671551 | 0.01233843 | 0.02709069 | 0.01050031 | 0.00819193 | 0.01130280 | 0.02431421 | 0.01009501 | 0.00833830 | 0.01540284 | 0.01289268 | 0.00517901
Load  84 | 0.00811486 | 0.01336574 | 0.02063679 | 0.00604230 | 0.01908618 | 0.01271956 | 0.00641774 | 0.01698887 | 0.01579871 | 0.00789622 | 0.02078240 | 0.00776583 | 0.01269475 | 0.02437642 | 0.01751313 | 0.01634383 | 0.01504212 | 0.01615695 | 0.01902017 | 0.02430556 | 0.01505341 | 0.00549482
Load  85 | 0.01658768 | 0.01870251 | 0.01148765 | 0.01079137 | 0.02259560 | 0.01454334 | 0.01871491 | 0.01464558 | 0.02340550 | 0.02338848 | 0.01707892 | 0.03213078 | 0.02533784 | 0.03531390 | 0.01301775 | 0.01994302 | 0.02026222 | 0.01664685 | 0.01405009 | 0.01507841 | 0.01918612 | 0.00626753
Load  86 | 0.01651917 | 0.01427756 | 0.01987507 | 0.02363112 | 0.01394538 | 0.01839763 | 0.01515152 | 0.00996483 | 0.01717230 | 0.02882985 | 0.02047981 | 0.02254791 | 0.01511487 | 0.01546107 | 0.01760563 | 0.02233677 | 0.01356932 | 0.02447761 | 0.01891117 | 0.01378518 | 0.01810269 | 0.00446689
Load  87 | 0.01631046 | 0.01727116 | 0.01979604 | 0.01565217 | 0.00896593 | 0.01735107 | 0.00924321 | 0.02982555 | 0.02665910 | 0.01827830 | 0.02334852 | 0.00987798 | 0.02220957 | 0.02158693 | 0.01436782 | 0.02300885 | 0.01043478 | 0.01765745 | 0.01372119 | 0.02334630 | 0.01794562 | 0.00571562
Load  88 | 0.01356699 | 0.01908618 | 0.01841949 | 0.01592719 | 0.02057143 | 0.01846509 | 0.02430752 | 0.01994460 | 0.02248454 | 0.02266446 | 0.01053864 | 0.02474108 | 0.01492537 | 0.01517707 | 0.01646792 | 0.02561184 | 0.01870748 | 0.02197183 | 0.02419355 | 0.02467105 | 0.01962217 | 0.00414066
Load  89 | 0.03438557 | 0.01609323 | 0.02185792 | 0.01674365 | 0.01438435 | 0.01310304 | 0.02662230 | 0.02500000 | 0.02782324 | 0.01929625 | 0.00917431 | 0.02417088 | 0.01160221 | 0.01992032 | 0.01604585 | 0.01328904 | 0.03519220 | 0.02528862 | 0.03155604 | 0.01135074 | 0.02064499 | 0.00765022
Load  90 | 0.02988379 | 0.02558140 | 0.02403577 | 0.01256425 | 0.03923767 | 0.02653868 | 0.01956400 | 0.01929625 | 0.01938426 | 0.02501421 | 0.02070845 | 0.02233115 | 0.02729258 | 0.02273988 | 0.01691094 | 0.03784970 | 0.02066590 | 0.02805836 | 0.03050471 | 0.02397443 | 0.02460682 | 0.00632976
Load  91 | 0.01603982 | 0.02152318 | 0.01218162 | 0.02498612 | 0.02782324 | 0.01627907 | 0.01736111 | 0.02184599 | 0.04027927 | 0.02771739 | 0.02459954 | 0.02495746 | 0.01827243 | 0.03038380 | 0.02941176 | 0.02256467 | 0.03537487 | 0.02156334 | 0.02498612 | 0.01510067 | 0.02366257 | 0.00682394
Load  92 | 0.02572707 | 0.01313535 | 0.03745318 | 0.02753780 | 0.03338550 | 0.02497225 | 0.03697834 | 0.01641080 | 0.02994012 | 0.02957589 | 0.02222222 | 0.01505017 | 0.02895442 | 0.01373626 | 0.02604449 | 0.00742857 | 0.04006243 | 0.02707093 | 0.01375894 | 0.01558152 | 0.02425131 | 0.00902727
Load  93 | 0.01755348 | 0.02286336 | 0.01421801 | 0.03778751 | 0.02475248 | 0.01986379 | 0.04277517 | 0.03257329 | 0.02574147 | 0.01510912 | 0.01959686 | 0.02634409 | 0.02916225 | 0.02173913 | 0.01957494 | 0.02073104 | 0.02394891 | 0.02587601 | 0.02329361 | 0.01496674 | 0.02392356 | 0.00716523
Load  94 | 0.02626050 | 0.03614458 | 0.03270510 | 0.02928416 | 0.04276663 | 0.02735402 | 0.03928759 | 0.02400000 | 0.04065041 | 0.04411765 | 0.01834352 | 0.03989770 | 0.02988260 | 0.03068410 | 0.03076093 | 0.04037267 | 0.03403141 | 0.03349282 | 0.02785674 | 0.04994571 | 0.03389194 | 0.00753319
Load  95 | 0.03295516 | 0.03183024 | 0.03461129 | 0.02510460 | 0.03948718 | 0.02601457 | 0.02845100 | 0.03662820 | 0.04074074 | 0.02839117 | 0.02152318 | 0.03863988 | 0.03030303 | 0.03833693 | 0.04690722 | 0.03296703 | 0.04298291 | 0.02359727 | 0.02068252 | 0.02158273 | 0.03208684 | 0.00747784
Load  96 | 0.02099738 | 0.04155844 | 0.05555556 | 0.02891069 | 0.02337662 | 0.03317781 | 0.04055391 | 0.04285714 | 0.03777437 | 0.04432718 | 0.02446642 | 0.04540868 | 0.03512507 | 0.02645503 | 0.04304979 | 0.03340292 | 0.03396029 | 0.03328051 | 0.02649351 | 0.04947917 | 0.03601052 | 0.00908211
Load  97 | 0.02895553 | 0.03046218 | 0.03205128 | 0.03920570 | 0.03009504 | 0.03883495 | 0.03651116 | 0.01949420 | 0.03741153 | 0.03362649 | 0.03017690 | 0.03232323 | 0.02688172 | 0.03531218 | 0.02923387 | 0.03678756 | 0.03569607 | 0.04002001 | 0.04447853 | 0.04400210 | 0.03407801 | 0.00585291
Load  98 | 0.04085909 | 0.03240741 | 0.03720930 | 0.03866525 | 0.03399582 | 0.05260496 | 0.03182752 | 0.03712750 | 0.03118609 | 0.03960396 | 0.03812468 | 0.03109328 | 0.03129732 | 0.04822986 | 0.05155642 | 0.05244029 | 0.03177083 | 0.03069719 | 0.04627767 | 0.04508197 | 0.03910282 | 0.00752926
Load  99 | 0.04030612 | 0.02622289 | 0.06729811 | 0.02695829 | 0.04230377 | 0.04738401 | 0.05319693 | 0.04427481 | 0.04724818 | 0.05026455 | 0.03524673 | 0.04438776 | 0.03883972 | 0.03067186 | 0.05265748 | 0.03036541 | 0.05147059 | 0.04380289 | 0.04757085 | 0.03506173 | 0.04277663 | 0.00993007
Load 100 | 0.04638404 | 0.04529262 | 0.04229607 | 0.03381148 | 0.01882952 | 0.03271028 | 0.04392237 | 0.02997543 | 0.04636785 | 0.04365691 | 0.06879362 | 0.03677932 | 0.03472932 | 0.03671596 | 0.05932203 | 0.03867129 | 0.03815261 | 0.04444444 | 0.04002001 | 0.04445580 | 0.04126655 | 0.01011810
Load 101 | 0.05225774 | 0.05591291 | 0.05154639 | 0.03415369 | 0.05862069 | 0.04440059 | 0.03823992 | 0.03822630 | 0.05042017 | 0.03456914 | 0.05873494 | 0.04814443 | 0.04518371 | 0.04591837 | 0.06190476 | 0.04269900 | 0.04914842 | 0.04641776 | 0.05876639 | 0.03996101 | 0.04776132 | 0.00812408
Load 102 | 0.03383277 | 0.04666012 | 0.06334623 | 0.03612644 | 0.04906771 | 0.03485392 | 0.05507246 | 0.05316578 | 0.05205349 | 0.03716725 | 0.05176832 | 0.07381288 | 0.05095238 | 0.04252199 | 0.02336211 | 0.05424063 | 0.05024155 | 0.04658077 | 0.06154580 | 0.05007222 | 0.04832224 | 0.01122805
Load 103 | 0.04556590 | 0.08305489 | 0.04733728 | 0.05044510 | 0.04702495 | 0.04890220 | 0.04677268 | 0.05489260 | 0.03862868 | 0.06578947 | 0.05230623 | 0.05893446 | 0.06340489 | 0.05663117 | 0.04452226 | 0.05061425 | 0.07106599 | 0.04347826 | 0.05252918 | 0.06572104 | 0.05438108 | 0.01057773
Load 104 | 0.05386082 | 0.06512506 | 0.04683841 | 0.06102835 | 0.06122449 | 0.04208417 | 0.05085575 | 0.04829545 | 0.06770099 | 0.06594442 | 0.05558264 | 0.05707434 | 0.06993007 | 0.06264945 | 0.03931786 | 0.05297679 | 0.06524963 | 0.06080760 | 0.05508475 | 0.03851780 | 0.05600744 | 0.00917004
Load 105 | 0.06192991 | 0.04801568 | 0.06336351 | 0.06653992 | 0.06397306 | 0.06373008 | 0.05391467 | 0.05638397 | 0.06723891 | 0.06391848 | 0.05288008 | 0.05237866 | 0.07321682 | 0.07472325 | 0.05358899 | 0.05357990 | 0.06174559 | 0.06031594 | 0.06424185 | 0.07122905 | 0.06134542 | 0.00722004
Load 106 | 0.05700935 | 0.08860175 | 0.05299861 | 0.05708849 | 0.05836576 | 0.05418481 | 0.06991720 | 0.05510018 | 0.08123878 | 0.05712937 | 0.04521903 | 0.05157593 | 0.06878307 | 0.06638418 | 0.05748219 | 0.06439394 | 0.06380997 | 0.05076628 | 0.06030389 | 0.07815356 | 0.06192532 | 0.01070268
Load 107 | 0.05582291 | 0.06022409 | 0.08617594 | 0.05945693 | 0.05455431 | 0.05729877 | 0.04681467 | 0.06273764 | 0.05813408 | 0.06247020 | 0.05176363 | 0.07612613 | 0.07165390 | 0.06111895 | 0.07638238 | 0.06840855 | 0.07313506 | 0.07343312 | 0.07414359 | 0.06596558 | 0.06479102 | 0.00965512
Load 108 | 0.06559767 | 0.06199716 | 0.09390519 | 0.09325487 | 0.06550022 | 0.05108798 | 0.03749428 | 0.08930190 | 0.06896552 | 0.06954436 | 0.06372093 | 0.05839080 | 0.07962085 | 0.07186473 | 0.06547339 | 0.08000000 | 0.07940215 | 0.07008467 | 0.07925725 | 0.06107566 | 0.07027698 | 0.01350368
Load 109 | 0.05962441 | 0.05226642 | 0.06837607 | 0.08254823 | 0.06826742 | 0.06327307 | 0.06635731 | 0.07412653 | 0.08516612 | 0.07786329 | 0.07392290 | 0.08014408 | 0.05804388 | 0.06841139 | 0.06194690 | 0.08428768 | 0.07110092 | 0.07834956 | 0.09099019 | 0.06180297 | 0.07134347 | 0.01006972
Load 110 | 0.08742194 | 0.06354214 | 0.09202454 | 0.09070599 | 0.09154316 | 0.07602862 | 0.09052925 | 0.06863597 | 0.06710817 | 0.07113543 | 0.08386801 | 0.09986625 | 0.07645688 | 0.07295942 | 0.06767956 | 0.07543698 | 0.08502773 | 0.07808219 | 0.06465116 | 0.08186341 | 0.07922834 | 0.01029425
Load 111 | 0.08056441 | 0.08996089 | 0.08303249 | 0.09256726 | 0.08208955 | 0.09149131 | 0.08162355 | 0.09670330 | 0.07887454 | 0.06796979 | 0.08402626 | 0.06590801 | 0.08036952 | 0.06227273 | 0.07067462 | 0.06478102 | 0.10305677 | 0.09793814 | 0.07579237 | 0.08823529 | 0.08189659 | 0.01128153
Load 112 | 0.09195913 | 0.07886435 | 0.08683853 | 0.07839644 | 0.10484229 | 0.07573074 | 0.08404880 | 0.09631602 | 0.10644743 | 0.08333333 | 0.08296164 | 0.10830479 | 0.08388815 | 0.08436396 | 0.09090909 | 0.09513467 | 0.08875740 | 0.08198198 | 0.09210526 | 0.08526786 | 0.08902259 | 0.00905848
Load 113 | 0.09854176 | 0.08634720 | 0.09141631 | 0.08415398 | 0.09453599 | 0.08174989 | 0.09559804 | 0.07130204 | 0.09498911 | 0.11043213 | 0.08666667 | 0.07516484 | 0.08003597 | 0.09593280 | 0.06960557 | 0.11396259 | 0.09347048 | 0.07965797 | 0.08680403 | 0.07651715 | 0.08834423 | 0.01150310
Load 114 | 0.11304717 | 0.09356478 | 0.09596845 | 0.10026619 | 0.08454425 | 0.08161435 | 0.08225108 | 0.08097686 | 0.08133333 | 0.09853529 | 0.11388524 | 0.10021786 | 0.08374606 | 0.10057599 | 0.09511457 | 0.09698558 | 0.08367072 | 0.09338010 | 0.07556341 | 0.08533917 | 0.09202902 | 0.01042718
Load 115 | 0.10446504 | 0.08547754 | 0.08788396 | 0.09727113 | 0.11057902 | 0.09006623 | 0.07502168 | 0.08903509 | 0.06300268 | 0.08551724 | 0.09079118 | 0.11202779 | 0.09716060 | 0.09459459 | 0.08516242 | 0.08487721 | 0.09733701 | 0.07942708 | 0.08690068 | 0.08741259 | 0.09020054 | 0.01112152
Load 116 | 0.11686144 | 0.08609557 | 0.07410675 | 0.08000000 | 0.08620690 | 0.09846547 | 0.09419014 | 0.09159983 | 0.09106456 | 0.11740389 | 0.12393888 | 0.08344142 | 0.08047945 | 0.10250957 | 0.10647182 | 0.10141813 | 0.09276116 | 0.09853068 | 0.10042373 | 0.09598604 | 0.09609777 | 0.01279173
Load 117 | 0.10149254 | 0.10903691 | 0.10113303 | 0.08029514 | 0.09402080 | 0.10158863 | 0.08449477 | 0.11125320 | 0.07945566 | 0.09455843 | 0.08148148 | 0.10341843 | 0.09995635 | 0.10576524 | 0.10595745 | 0.08169376 | 0.09900130 | 0.08473862 | 0.09851380 | 0.09789916 | 0.09578773 | 0.00993629
Load 118 | 0.09824110 | 0.10504549 | 0.10613811 | 0.09530142 | 0.10240202 | 0.09597925 | 0.10071339 | 0.12385702 | 0.11208699 | 0.12936170 | 0.09544469 | 0.07621951 | 0.06369983 | 0.09910295 | 0.10717264 | 0.08984047 | 0.10427350 | 0.11652542 | 0.10497470 | 0.10319829 | 0.10147893 | 0.01419530
Load 119 | 0.09724613 | 0.12699096 | 0.13780337 | 0.12316716 | 0.11220715 | 0.12316716 | 0.11750205 | 0.11111111 | 0.10331633 | 0.11016589 | 0.09695174 | 0.12691829 | 0.09585601 | 0.11078098 | 0.11065235 | 0.09426058 | 0.08862325 | 0.08743169 | 0.08100085 | 0.12311558 | 0.10891343 | 0.01506514
Load 120 | 0.13224864 | 0.13801453 | 0.10299145 | 0.10163934 | 0.08888889 | 0.10721649 | 0.12757202 | 0.11370143 | 0.12043796 | 0.13097270 | 0.11895161 | 0.10232369 | 0.12312187 | 0.14796944 | 0.11513859 | 0.11908714 | 0.09400657 | 0.09848812 | 0.12628972 | 0.11369193 | 0.11613761 | 0.01499890
Load 121 | 0.13719886 | 0.13729508 | 0.11180905 | 0.12192118 | 0.12494912 | 0.10356120 | 0.08931624 | 0.11659193 | 0.12393336 | 0.12246587 | 0.14165329 | 0.11037068 | 0.14425828 | 0.09779848 | 0.12311455 | 0.12349398 | 0.12814274 | 0.10059172 | 0.12095469 | 0.11134542 | 0.11953829 | 0.01434311
Load 122 | 0.12318540 | 0.10577328 | 0.13612353 | 0.14710611 | 0.12646465 | 0.09611366 | 0.13514610 | 0.11925466 | 0.12570736 | 0.12505108 | 0.11863025 | 0.12664802 | 0.12861332 | 0.13193039 | 0.11725293 | 0.13567634 | 0.13754045 | 0.11868583 | 0.10951980 | 0.11966494 | 0.12420441 | 0.01159600
Load 123 | 0.12031640 | 0.11322281 | 0.11143695 | 0.11565762 | 0.13969404 | 0.14280140 | 0.12066182 | 0.12494896 | 0.13176088 | 0.12676625 | 0.10969286 | 0.12217742 | 0.10266002 | 0.12680000 | 0.10598706 | 0.12449960 | 0.12579618 | 0.10761589 | 0.12048699 | 0.14591040 | 0.12194468 | 0.01164564
Load 124 | 0.11827515 | 0.13330665 | 0.13509128 | 0.13177966 | 0.14631197 | 0.10837040 | 0.13702506 | 0.12060507 | 0.08914569 | 0.12520799 | 0.10989457 | 0.09983361 | 0.12721544 | 0.11398114 | 0.11522158 | 0.13006825 | 0.12019624 | 0.10849248 | 0.16579477 | 0.15021459 | 0.12430158 | 0.01751744
Load 125 | 0.14746363 | 0.12558502 | 0.13611111 | 0.11890008 | 0.09924937 | 0.11869790 | 0.13148071 | 0.12454801 | 0.13764045 | 0.13582273 | 0.14928425 | 0.09983700 | 0.12744300 | 0.15128411 | 0.15834301 | 0.17095659 | 0.12077870 | 0.11869919 | 0.12225970 | 0.13191660 | 0.13131506 | 0.01753041
Load 126 | 0.12373933 | 0.14758567 | 0.13346774 | 0.15381679 | 0.10430930 | 0.13304210 | 0.12425329 | 0.10752688 | 0.15748642 | 0.12225330 | 0.13823412 | 0.11822855 | 0.11797090 | 0.11769321 | 0.12525090 | 0.12074303 | 0.12125984 | 0.12562814 | 0.15492409 | 0.14924782 | 0.12983307 | 0.01524462
Load 127 | 0.14592275 | 0.16527037 | 0.13485317 | 0.13192818 | 0.16184054 | 0.14193056 | 0.15357423 | 0.17241379 | 0.13200157 | 0.14904610 | 0.13896790 | 0.13634593 | 0.14840446 | 0.14591594 | 0.14608076 | 0.12122433 | 0.17027746 | 0.16009281 | 0.16102998 | 0.11360947 | 0.14653651 | 0.01539638
Load 128 | 0.14992151 | 0.14136328 | 0.14263506 | 0.15210843 | 0.15066354 | 0.14342471 | 0.14851485 | 0.13249706 | 0.16017147 | 0.13585053 | 0.13200935 | 0.14147287 | 0.14895268 | 0.16139117 | 0.13794515 | 0.12504947 | 0.16130268 | 0.13291877 | 0.13882444 | 0.12946783 | 0.14332424 | 0.01038974
Load 129 | 0.13826491 | 0.11753297 | 0.13065134 | 0.13288644 | 0.14990138 | 0.17022961 | 0.13727858 | 0.14703647 | 0.18342750 | 0.15547025 | 0.17104247 | 0.15947102 | 0.14247821 | 0.15568401 | 0.14219653 | 0.13295729 | 0.14570312 | 0.13625776 | 0.16931422 | 0.14318976 | 0.14804869 | 0.01598366
Load 130 | 0.16469691 | 0.15363458 | 0.13084112 | 0.11985899 | 0.16000000 | 0.16042781 | 0.16875489 | 0.15593870 | 0.15653495 | 0.14223455 | 0.16520412 | 0.15329835 | 0.13512491 | 0.13741339 | 0.17027633 | 0.17210349 | 0.12811791 | 0.14872192 | 0.13847944 | 0.14494425 | 0.15033033 | 0.01476737
Load 131 | 0.17017280 | 0.16039908 | 0.15453863 | 0.13267998 | 0.15785555 | 0.15122511 | 0.15959444 | 0.17418351 | 0.14780241 | 0.15287356 | 0.17720560 | 0.15915119 | 0.16302711 | 0.15555556 | 0.16480983 | 0.19129782 | 0.14694656 | 0.17093690 | 0.16592095 | 0.16264389 | 0.16094103 | 0.01225777
Load 132 | 0.16395305 | 0.15495146 | 0.15204003 | 0.17312161 | 0.17009346 | 0.17642556 | 0.17141785 | 0.19077724 | 0.16848030 | 0.14323210 | 0.14257268 | 0.16653992 | 0.13857965 | 0.13854003 | 0.14213788 | 0.15970696 | 0.17333837 | 0.14967295 | 0.13477924 | 0.11677696 | 0.15635687 | 0.01758896
Load 133 | 0.18220668 | 0.17289893 | 0.14257889 | 0.16634652 | 0.17312073 | 0.14082397 | 0.15350224 | 0.15117581 | 0.15177896 | 0.15316315 | 0.14708112 | 0.14684231 | 0.18422005 | 0.16399417 | 0.18952346 | 0.17205938 | 0.14124294 | 0.16265528 | 0.15880150 | 0.14474679 | 0.15993814 | 0.01471416
Load 134 | 0.16039157 | 0.16990291 | 0.15648855 | 0.16470141 | 0.16540212 | 0.14725519 | 0.13877398 | 0.17349575 | 0.14537108 | 0.17300036 | 0.15113257 | 0.16800584 | 0.14970060 | 0.15661737 | 0.18775360 | 0.18111683 | 0.16867031 | 0.17772078 | 0.13949962 | 0.17873134 | 0.16268659 | 0.01384262
Load 135 | 0.17414449 | 0.17765917 | 0.19310345 | 0.16672897 | 0.17636092 | 0.15074464 | 0.19978670 | 0.17974972 | 0.15667166 | 0.17865004 | 0.17364398 | 0.15923567 | 0.17145977 | 0.19391366 | 0.16654192 | 0.19284661 | 0.16531065 | 0.16881206 | 0.16013314 | 0.16406250 | 0.17347799 | 0.01307185
Load 136 | 0.17660209 | 0.17649213 | 0.18095238 | 0.16889384 | 0.17145977 | 0.17564655 | 0.17266716 | 0.15808824 | 0.15079059 | 0.17177914 | 0.19528986 | 0.16133721 | 0.18013528 | 0.19223923 | 0.17009751 | 0.17734887 | 0.15714805 | 0.18221896 | 0.17724771 | 0.16918647 | 0.17328105 | 0.01067802
Load 137 | 0.17916513 | 0.18405797 | 0.17586079 | 0.17246325 | 0.17759460 | 0.18062157 | 0.17736121 | 0.19130745 | 0.15660866 | 0.20737648 | 0.19124678 | 0.19148162 | 0.17905529 | 0.21740714 | 0.18264014 | 0.16905024 | 0.19569817 | 0.17970171 | 0.17101876 | 0.18137622 | 0.18305466 | 0.01314639
Load 138 | 0.16034985 | 0.17182259 | 0.17883862 | 0.19530154 | 0.16804904 | 0.18217469 | 0.20007032 | 0.19115549 | 0.17230216 | 0.17625637 | 0.20431248 | 0.18515797 | 0.19682769 | 0.17508897 | 0.17057728 | 0.21339348 | 0.18772827 | 0.19219757 | 0.18373172 | 0.18100358 | 0.18431698 | 0.01306941
Load 139 | 0.17469001 | 0.21652720 | 0.18043247 | 0.16648570 | 0.19547543 | 0.21135873 | 0.18765880 | 0.18817592 | 0.18270977 | 0.17118056 | 0.19153515 | 0.19125683 | 0.20236814 | 0.19529329 | 0.20430880 | 0.15818182 | 0.19839533 | 0.19360764 | 0.17279011 | 0.19061066 | 0.18865212 | 0.01454412
Load 140 | 0.17670393 | 0.19964851 | 0.19418521 | 0.19620253 | 0.18504213 | 0.17410229 | 0.21360592 | 0.18821429 | 0.21130221 | 0.16081662 | 0.19341275 | 0.19395924 | 0.19150468 | 0.19760479 | 0.18562431 | 0.17647059 | 0.16349671 | 0.18565708 | 0.18054559 | 0.16487069 | 0.18664850 | 0.01409997
Load 141 | 0.20784178 | 0.20989351 | 0.19096364 | 0.19410496 | 0.21258209 | 0.20924658 | 0.20153621 | 0.19340974 | 0.21325648 | 0.19605027 | 0.17880086 | 0.19373019 | 0.19215686 | 0.20235126 | 0.19473319 | 0.19742028 | 0.19087287 | 0.18347639 | 0.20162143 | 0.19369853 | 0.19788736 | 0.00910021
Load 142 | 0.19691535 | 0.17952314 | 0.22191497 | 0.17686124 | 0.19335454 | 0.21661932 | 0.18907708 | 0.18238558 | 0.21953710 | 0.18946991 | 0.20707418 | 0.17781043 | 0.17010496 | 0.19049271 | 0.19659012 | 0.20581029 | 0.22072072 | 0.20415347 | 0.19300801 | 0.20378007 | 0.19676016 | 0.01509762
Load 143 | 0.18887015 | 0.20863811 | 0.19412382 | 0.16389466 | 0.19657510 | 0.21056363 | 0.19037657 | 0.23310345 | 0.20685959 | 0.20399579 | 0.18310357 | 0.19514768 | 0.19603604 | 0.19099162 | 0.20938375 | 0.19768258 | 0.18162619 | 0.21005510 | 0.18721778 | 0.19831520 | 0.19732802 | 0.01391557
Load 144 | 0.21096904 | 0.20444915 | 0.21048951 | 0.19394376 | 0.21764504 | 0.20346467 | 0.23736494 | 0.20265549 | 0.19660194 | 0.18959497 | 0.20594333 | 0.22474227 | 0.21739130 | 0.19557584 | 0.22730352 | 0.20607301 | 0.20524476 | 0.20367700 | 0.18231441 | 0.21009887 | 0.20727714 | 0.01280963
Load 145 | 0.21571330 | 0.23220226 | 0.20473538 | 0.22275696 | 0.22111759 | 0.19236160 | 0.20773789 | 0.22717984 | 0.19272097 | 0.21147826 | 0.21153846 | 0.20843332 | 0.21300373 | 0.21433494 | 0.19082377 | 0.21514508 | 0.20582048 | 0.22267481 | 0.19284225 | 0.22334004 | 0.21129805 | 0.01182237
Load 146 | 0.21515047 | 0.22135328 | 0.21701982 | 0.21447903 | 0.24365315 | 0.21656260 | 0.23924915 | 0.21469888 | 0.23214286 | 0.21095801 | 0.21687564 | 0.21828104 | 0.20287316 | 0.20000000 | 0.23657776 | 0.19217452 | 0.23729396 | 0.21714092 | 0.21066847 | 0.21524823 | 0.21862005 | 0.01303416
Load 147 | 0.20684884 | 0.23657331 | 0.21549966 | 0.20863309 | 0.22554622 | 0.22418478 | 0.22910423 | 0.20856858 | 0.21558704 | 0.23993399 | 0.21573948 | 0.23880094 | 0.23018991 | 0.25770123 | 0.22562866 | 0.20300489 | 0.21517288 | 0.23123324 | 0.21391304 | 0.20572826 | 0.22237961 | 0.01372970
Load 148 | 0.21438217 | 0.23868176 | 0.22808765 | 0.23565159 | 0.20462271 | 0.23432343 | 0.19795109 | 0.21127248 | 0.20147162 | 0.22708895 | 0.19644103 | 0.22244159 | 0.22307692 | 0.24307592 | 0.21192722 | 0.21809986 | 0.22865958 | 0.25232713 | 0.20466596 | 0.22662496 | 0.22104368 | 0.01522736
Load 149 | 0.19723661 | 0.22342586 | 0.24340979 | 0.21349816 | 0.23593220 | 0.22650282 | 0.23023818 | 0.22722689 | 0.23647097 | 0.24423338 | 0.24234173 | 0.24040669 | 0.19652986 | 0.23300643 | 0.22233434 | 0.21628065 | 0.24716855 | 0.22367539 | 0.23643670 | 0.22651179 | 0.22814335 | 0.01382882
Load 150 | 0.22666667 | 0.24280105 | 0.23392613 | 0.21084954 | 0.21608040 | 0.22056834 | 0.23396597 | 0.23227303 | 0.23598131 | 0.23262032 | 0.23053991 | 0.23893511 | 0.19952494 | 0.22342520 | 0.23652291 | 0.25479815 | 0.24839125 | 0.22831800 | 0.23566879 | 0.24422111 | 0.23130391 | 0.01255867
Load 151 | 0.23383905 | 0.23562459 | 0.22630561 | 0.24090007 | 0.21371666 | 0.20794793 | 0.22489824 | 0.23812665 | 0.22524015 | 0.22949219 | 0.23917995 | 0.22252653 | 0.21833333 | 0.22303840 | 0.24967148 | 0.21518568 | 0.22312176 | 0.23213698 | 0.25213395 | 0.23379241 | 0.22926058 | 0.01122859
Load 152 | 0.24368601 | 0.23757455 | 0.25706941 | 0.25258732 | 0.25008098 | 0.23455957 | 0.21729049 | 0.21733464 | 0.24566667 | 0.23833671 | 0.24392614 | 0.23313090 | 0.27031350 | 0.25157233 | 0.23560039 | 0.25818882 | 0.25041848 | 0.22728785 | 0.24775225 | 0.21708185 | 0.24147294 | 0.01404016
Load 153 | 0.22731838 | 0.24789916 | 0.22478576 | 0.23311475 | 0.24659808 | 0.26132633 | 0.23766234 | 0.25923567 | 0.25271565 | 0.21815068 | 0.23575130 | 0.24260552 | 0.23675605 | 0.23245332 | 0.24736674 | 0.21960133 | 0.23202171 | 0.25711482 | 0.23038564 | 0.26545808 | 0.24041606 | 0.01354871
Load 154 | 0.23339781 | 0.25683594 | 0.25885733 | 0.26202694 | 0.25527950 | 0.23797223 | 0.22695738 | 0.26941213 | 0.23645971 | 0.25335955 | 0.25924755 | 0.25909091 | 0.25318471 | 0.25623441 | 0.26195029 | 0.26593335 | 0.23517851 | 0.26010825 | 0.23062201 | 0.22589081 | 0.24989997 | 0.01362477
Load 155 | 0.26314123 | 0.23582090 | 0.25288092 | 0.25064103 | 0.23914452 | 0.26734627 | 0.24230645 | 0.27163613 | 0.25184236 | 0.24805478 | 0.24283414 | 0.23621533 | 0.25073553 | 0.22721559 | 0.23743557 | 0.24511082 | 0.23289431 | 0.22229219 | 0.25572519 | 0.25228923 | 0.24627812 | 0.01244946
Load 156 | 0.25275081 | 0.23680000 | 0.23496063 | 0.24133585 | 0.27635683 | 0.23890675 | 0.26039043 | 0.24086647 | 0.27300613 | 0.25369775 | 0.25142676 | 0.25842339 | 0.23247354 | 0.25457464 | 0.24782749 | 0.25724520 | 0.23202614 | 0.24655738 | 0.23372287 | 0.25718850 | 0.24902688 | 0.01250207
Load 157 | 0.21605934 | 0.27200000 | 0.23773953 | 0.27042615 | 0.26759199 | 0.26148410 | 0.26197364 | 0.25429776 | 0.26892620 | 0.23355791 | 0.25615285 | 0.26666667 | 0.25679949 | 0.26636857 | 0.24262899 | 0.24457594 | 0.25874567 | 0.28247686 | 0.26118926 | 0.26483871 | 0.25722498 | 0.01513510
Load 158 | 0.25629438 | 0.27430779 | 0.24819580 | 0.28500466 | 0.26701896 | 0.27050720 | 0.27810836 | 0.27776059 | 0.27137546 | 0.22452229 | 0.26578380 | 0.25435540 | 0.26672980 | 0.26724674 | 0.26489227 | 0.25459826 | 0.25230378 | 0.25691318 | 0.26875387 | 0.25333333 | 0.26290030 | 0.01306127
Load 159 | 0.25707023 | 0.27085316 | 0.25621415 | 0.26766869 | 0.23944099 | 0.27226137 | 0.25839036 | 0.26539994 | 0.27411652 | 0.25905739 | 0.27452209 | 0.26472471 | 0.24528302 | 0.27931571 | 0.25876354 | 0.25974843 | 0.25675246 | 0.27390754 | 0.25512528 | 0.29056718 | 0.26395914 | 0.01157049
Load 160 | 0.24594852 | 0.24101611 | 0.23381643 | 0.27249922 | 0.26628895 | 0.27895694 | 0.24575457 | 0.25372168 | 0.25959438 | 0.26965934 | 0.28236021 | 0.26987119 | 0.24417178 | 0.24399616 | 0.28689024 | 0.25015793 | 0.28740157 | 0.27491300 | 0.26875000 | 0.25923626 | 0.26175022 | 0.01588636
Load 161 | 0.23904131 | 0.27233251 | 0.27373956 | 0.26637690 | 0.30102348 | 0.27976003 | 0.28011292 | 0.26709997 | 0.26348228 | 0.28968254 | 0.27704566 | 0.24919614 | 0.24663677 | 0.27585130 | 0.27413847 | 0.26080477 | 0.27565084 | 0.28183464 | 0.27892626 | 0.25818522 | 0.27054608 | 0.01438535
Load 162 | 0.26244204 | 0.27678841 | 0.28344247 | 0.27062095 | 0.28716528 | 0.28301887 | 0.24619210 | 0.26519337 | 0.26997158 | 0.27985303 | 0.26526892 | 0.26476131 | 0.29481574 | 0.24898087 | 0.25340347 | 0.27345679 | 0.28801912 | 0.26548673 | 0.26757164 | 0.27100187 | 0.27087273 | 0.01258373
Load 163 | 0.28615009 | 0.26707317 | 0.28147482 | 0.28348146 | 0.24937733 | 0.28872594 | 0.27776078 | 0.28082192 | 0.27102517 | 0.27314815 | 0.31563246 | 0.26822430 | 0.27660227 | 0.28311057 | 0.26984625 | 0.26211794 | 0.29041916 | 0.27962963 | 0.26249607 | 0.28371659 | 0.27754170 | 0.01327922
Load 164 | 0.28451493 | 0.29234056 | 0.28398426 | 0.29538003 | 0.28901032 | 0.29898180 | 0.27789348 | 0.27486830 | 0.28609389 | 0.28007290 | 0.29012534 | 0.27658924 | 0.29420505 | 0.28017110 | 0.29362881 | 0.29076087 | 0.27697310 | 0.26491499 | 0.28388669 | 0.30148620 | 0.28579409 | 0.00892766
Load 165 | 0.26670792 | 0.28396947 | 0.25634058 | 0.29183236 | 0.29696790 | 0.29043106 | 0.28085758 | 0.27007752 | 0.26032929 | 0.28983308 | 0.26437848 | 0.29913252 | 0.26503475 | 0.26863401 | 0.29162833 | 0.27468201 | 0.29214502 | 0.29397875 | 0.27772848 | 0.28510896 | 0.27998990 | 0.01298583
Load 166 | 0.29447498 | 0.28510896 | 0.27991453 | 0.29415329 | 0.29969970 | 0.28683103 | 0.29202490 | 0.26901450 | 0.28925870 | 0.29795434 | 0.31246308 | 0.30017762 | 0.28930432 | 0.29582958 | 0.27182420 | 0.28213740 | 0.28545619 | 0.33303411 | 0.29230769 | 0.30452920 | 0.29277492 | 0.01368425
Load 167 | 0.29027659 | 0.29707743 | 0.29130822 | 0.25539231 | 0.28081360 | 0.28244514 | 0.32550631 | 0.29199882 | 0.28558559 | 0.30343623 | 0.27148785 | 0.29979036 | 0.28030303 | 0.29937069 | 0.28308157 | 0.28829371 | 0.27613293 | 0.28666465 | 0.31611388 | 0.30542312 | 0.29052510 | 0.01523914
Load 168 | 0.29562370 | 0.27912696 | 0.29393847 | 0.28647215 | 0.30029499 | 0.28124050 | 0.28748159 | 0.25483574 | 0.27983417 | 0.31434599 | 0.30337722 | 0.28844985 | 0.28835821 | 0.28783824 | 0.27404281 | 0.28341922 | 0.28911765 | 0.26795827 | 0.29468022 | 0.29761211 | 0.28740240 | 0.01268392
Load 169 | 0.27461608 | 0.28818101 | 0.30085621 | 0.27114134 | 0.30930760 | 0.30169889 | 0.29865471 | 0.28809593 | 0.30873494 | 0.29413507 | 0.30363322 | 0.32202415 | 0.26927639 | 0.28078818 | 0.28920073 | 0.29295943 | 0.28717499 | 0.29389313 | 0.29076968 | 0.30855789 | 0.29368498 | 0.01323146
Load 170 | 0.28989285 | 0.31136167 | 0.28575598 | 0.31701031 | 0.29178886 | 0.28588201 | 0.29730530 | 0.31843741 | 0.31681725 | 0.31867808 | 0.28621393 | 0.28994960 | 0.29570896 | 0.30276817 | 0.29059571 | 0.29635167 | 0.28400240 | 0.30114470 | 0.29312931 | 0.30981417 | 0.29913042 | 0.01177634
Load 171 | 0.28706160 | 0.31671470 | 0.31902880 | 0.29659741 | 0.30726092 | 0.28349458 | 0.30119048 | 0.30677523 | 0.28203611 | 0.32285961 | 0.29186603 | 0.30441134 | 0.31408368 | 0.31099802 | 0.30036188 | 0.30148127 | 0.30094583 | 0.28680576 | 0.31216331 | 0.30518519 | 0.30256609 | 0.01154028
Load 172 | 0.31048387 | 0.30732861 | 0.31468531 | 0.28537026 | 0.32296512 | 0.31173629 | 0.29882006 | 0.28187721 | 0.29838946 | 0.30490588 | 0.31237263 | 0.29758713 | 0.28681254 | 0.30998553 | 0.30696854 | 0.31659896 | 0.30335148 | 0.30291320 | 0.29929783 | 0.30878358 | 0.30406167 | 0.01034157
Load 173 | 0.29565718 | 0.31380394 | 0.30653409 | 0.34804330 | 0.32982356 | 0.31253627 | 0.30409860 | 0.28670923 | 0.32830400 | 0.32899207 | 0.29863729 | 0.31036479 | 0.33625814 | 0.31592765 | 0.30011792 | 0.30671296 | 0.29571874 | 0.30838936 | 0.29685746 | 0.29824038 | 0.31108635 | 0.01550518
Load 174 | 0.30719866 | 0.32316384 | 0.33663639 | 0.31148010 | 0.34066554 | 0.30977791 | 0.32355454 | 0.32775255 | 0.30964912 | 0.32191376 | 0.32395159 | 0.30103508 | 0.33304916 | 0.30813124 | 0.30488153 | 0.31773823 | 0.30028409 | 0.33193042 | 0.31242707 | 0.31443010 | 0.31798255 | 0.01161136
Load 175 | 0.29751589 | 0.29437105 | 0.32309018 | 0.31493868 | 0.28213349 | 0.31778929 | 0.29351636 | 0.31363904 | 0.30697805 | 0.28930818 | 0.32632775 | 0.32235421 | 0.30220713 | 0.32218411 | 0.31901489 | 0.33544851 | 0.30155530 | 0.30092325 | 0.29948365 | 0.29915966 | 0.30809693 | 0.01382386
Load 176 | 0.30022198 | 0.29141014 | 0.34211288 | 0.34135856 | 0.30996840 | 0.29880012 | 0.30817431 | 0.33352993 | 0.31282051 | 0.31241283 | 0.31991051 | 0.32333146 | 0.32316547 | 0.32562620 | 0.33835227 | 0.29555237 | 0.32795100 | 0.31052036 | 0.31824611 | 0.32089977 | 0.31771826 | 0.01444977
Load 177 | 0.33323716 | 0.31484214 | 0.31133721 | 0.33258490 | 0.31318052 | 0.30110658 | 0.33200342 | 0.32099804 | 0.32965213 | 0.30330415 | 0.30251142 | 0.33248874 | 0.31455928 | 0.33351831 | 0.32248018 | 0.29063042 | 0.31816889 | 0.32724679 | 0.33352403 | 0.30701001 | 0.31871922 | 0.01279316
Load 178 | 0.33823946 | 0.33677455 | 0.33783784 | 0.33408072 | 0.30025445 | 0.31490649 | 0.30554781 | 0.32277228 | 0.30991391 | 0.31602582 | 0.31656476 | 0.32129863 | 0.33983602 | 0.32830821 | 0.30934844 | 0.33161185 | 0.31615120 | 0.33829902 | 0.32371076 | 0.32881844 | 0.32351503 | 0.01182960
Load 179 | 0.35493741 | 0.32149047 | 0.32189823 | 0.34548998 | 0.33618312 | 0.32603129 | 0.34392419 | 0.35046473 | 0.28720627 | 0.33022862 | 0.34575800 | 0.33026756 | 0.32240593 | 0.32114159 | 0.33007812 | 0.34304993 | 0.32013970 | 0.33124489 | 0.31974663 | 0.34068080 | 0.33111837 | 0.01474058
Load 180 | 0.33498759 | 0.29607843 | 0.32190422 | 0.30998298 | 0.29266162 | 0.30439684 | 0.35852660 | 0.32899729 | 0.32426304 | 0.33454342 | 0.35212825 | 0.34136660 | 0.32878659 | 0.32871679 | 0.30764920 | 0.34909484 | 0.33196272 | 0.34533183 | 0.33442623 | 0.32493772 | 0.32753714 | 0.01761923
Load 181 | 0.31102920 | 0.36470267 | 0.35954746 | 0.34789732 | 0.35192895 | 0.34645457 | 0.34585420 | 0.30679612 | 0.33379196 | 0.35557987 | 0.34227642 | 0.34941401 | 0.31685643 | 0.33980583 | 0.34207589 | 0.33545354 | 0.36563518 | 0.31632936 | 0.35081424 | 0.33396277 | 0.34081030 | 0.01659545
Load 182 | 0.34193727 | 0.35374720 | 0.32886090 | 0.34416826 | 0.34670330 | 0.31878344 | 0.34380927 | 0.34664804 | 0.32517084 | 0.34129137 | 0.32449426 | 0.31662558 | 0.33929570 | 0.32046654 | 0.33713975 | 0.31580420 | 0.34862385 | 0.34489298 | 0.35320978 | 0.33240535 | 0.33620389 | 0.01207123
Load 183 | 0.33397737 | 0.33214188 | 0.32821342 | 0.33240379 | 0.35931091 | 0.33931034 | 0.35095251 | 0.32869855 | 0.33549608 | 0.33731343 | 0.34901855 | 0.34352566 | 0.33161884 | 0.33654641 | 0.32408163 | 0.33552271 | 0.33135616 | 0.32360814 | 0.31355932 | 0.30407344 | 0.33353646 | 0.01202140
Load 184 | 0.35177760 | 0.35081081 | 0.33710970 | 0.33992952 | 0.31874827 | 0.33062331 | 0.33583333 | 0.34438503 | 0.32800000 | 0.36702955 | 0.35610932 | 0.35718202 | 0.34544958 | 0.35316084 | 0.34362307 | 0.33557951 | 0.35737265 | 0.33767644 | 0.32218262 | 0.33568713 | 0.34241351 | 0.01231211
Load 185 | 0.34772182 | 0.33483325 | 0.34672698 | 0.35830178 | 0.34603175 | 0.34851377 | 0.34768120 | 0.34142351 | 0.34934138 | 0.34932821 | 0.35079539 | 0.36565978 | 0.33896918 | 0.34788431 | 0.34094617 | 0.37119407 | 0.34235925 | 0.34340355 | 0.36300454 | 0.33774469 | 0.34859323 | 0.00921257
Load 186 | 0.33306899 | 0.34779116 | 0.34500404 | 0.34285714 | 0.34204276 | 0.36745056 | 0.34576180 | 0.33888131 | 0.36693333 | 0.36201385 | 0.35388740 | 0.36169652 | 0.33936774 | 0.36171367 | 0.32672722 | 0.35937500 | 0.34471718 | 0.36139140 | 0.33995704 | 0.33067620 | 0.34856572 | 0.01210476
Load 187 | 0.37043991 | 0.35547190 | 0.34066524 | 0.38665282 | 0.35681511 | 0.37721854 | 0.34663073 | 0.33874898 | 0.36226007 | 0.33939873 | 0.35082579 | 0.34485597 | 0.35355987 | 0.35731351 | 0.36515825 | 0.33386454 | 0.34987795 | 0.35382105 | 0.34882464 | 0.34693319 | 0.35396684 | 0.01296214
Load 188 | 0.34077772 | 0.37473795 | 0.35390295 | 0.33776091 | 0.35829585 | 0.34836066 | 0.35220454 | 0.34806034 | 0.35617530 | 0.33184680 | 0.37760760 | 0.35788354 | 0.36566186 | 0.35758355 | 0.37182203 | 0.35295685 | 0.34474708 | 0.37506562 | 0.36031402 | 0.37952114 | 0.35726432 | 0.01322928
Load 189 | 0.34561727 | 0.36653595 | 0.35653077 | 0.36834016 | 0.35808881 | 0.38559212 | 0.39312877 | 0.33815029 | 0.37903653 | 0.33421540 | 0.36378378 | 0.36450079 | 0.37454164 | 0.35821295 | 0.36168006 | 0.36773180 | 0.35048754 | 0.35658511 | 0.34947538 | 0.36206445 | 0.36171498 | 0.01425154
Load 190 | 0.36239270 | 0.35424354 | 0.35484735 | 0.34195933 | 0.35700732 | 0.33984375 | 0.36358839 | 0.34096825 | 0.34854772 | 0.36187069 | 0.35685320 | 0.37202538 | 0.34355990 | 0.34997359 | 0.36715724 | 0.34980289 | 0.36512984 | 0.36946960 | 0.38853825 | 0.37754293 | 0.35826609 | 0.01259845
Load 191 | 0.35314316 | 0.38293444 | 0.36053529 | 0.38234519 | 0.36526788 | 0.39094004 | 0.35326515 | 0.39064895 | 0.36012608 | 0.38096487 | 0.38972107 | 0.36911687 | 0.39509752 | 0.39856373 | 0.37639429 | 0.36247056 | 0.36893959 | 0.35075218 | 0.36973279 | 0.38155190 | 0.37412558 | 0.01445033
Load 192 | 0.36207806 | 0.36411195 | 0.37413702 | 0.37297297 | 0.37874520 | 0.37152686 | 0.35320496 | 0.36718346 | 0.34902380 | 0.38701431 | 0.38469467 | 0.38857582 | 0.36024191 | 0.37286780 | 0.35214564 | 0.35104414 | 0.39089727 | 0.35567010 | 0.38326797 | 0.36893959 | 0.36941718 | 0.01299353
Load 193 | 0.37528259 | 0.38978702 | 0.36521514 | 0.37275986 | 0.37306733 | 0.38614116 | 0.36027537 | 0.37387734 | 0.37026391 | 0.36582246 | 0.37617237 | 0.35827077 | 0.36678928 | 0.37197554 | 0.38378378 | 0.38598326 | 0.36286377 | 0.35876289 | 0.37645537 | 0.36800409 | 0.37207767 | 0.00899687
Load 194 | 0.37496865 | 0.35006570 | 0.36120488 | 0.36629153 | 0.37108243 | 0.38187868 | 0.37126377 | 0.36840758 | 0.36698186 | 0.36187774 | 0.34550196 | 0.37707391 | 0.34633508 | 0.36206458 | 0.34391396 | 0.35318814 | 0.36715621 | 0.34804573 | 0.35043389 | 0.38081696 | 0.36242766 | 0.01186188
Load 195 | 0.37850093 | 0.37983912 | 0.37663298 | 0.37087126 | 0.36900464 | 0.36673397 | 0.36993025 | 0.38564232 | 0.38015267 | 0.37342261 | 0.37152420 | 0.37389034 | 0.36358921 | 0.37606838 | 0.37937152 | 0.37414622 | 0.37577160 | 0.35820896 | 0.36515071 | 0.38801498 | 0.37382334 | 0.00711828
Load 196 | 0.36461263 | 0.41104141 | 0.37041851 | 0.38146660 | 0.37782863 | 0.38737334 | 0.38233073 | 0.36851475 | 0.37094682 | 0.40054094 | 0.38589003 | 0.37265823 | 0.38092823 | 0.37396639 | 0.37317931 | 0.37399220 | 0.37269660 | 0.38377693 | 0.36643393 | 0.42239923 | 0.38104977 | 0.01454370
Load 197 | 0.40098765 | 0.36939520 | 0.36561866 | 0.38115365 | 0.37710352 | 0.37433291 | 0.35862418 | 0.38146214 | 0.40737989 | 0.35692068 | 0.38360402 | 0.37253912 | 0.34815005 | 0.38151175 | 0.38224731 | 0.39594423 | 0.37464571 | 0.38028521 | 0.36992596 | 0.35697704 | 0.37594045 | 0.01452291
Load 198 | 0.38389702 | 0.37795877 | 0.38955414 | 0.40105668 | 0.41678904 | 0.39409852 | 0.40588827 | 0.37880275 | 0.37228885 | 0.37975006 | 0.36535552 | 0.38269720 | 0.37552083 | 0.38626069 | 0.39188859 | 0.40068745 | 0.36275013 | 0.38084521 | 0.38907327 | 0.39184570 | 0.38635044 | 0.01304232
Load 199 | 0.37948459 | 0.38947888 | 0.38869435 | 0.37827621 | 0.41705579 | 0.37909320 | 0.39498051 | 0.37887721 | 0.36336560 | 0.39736070 | 0.41736059 | 0.40682611 | 0.39562675 | 0.36710106 | 0.38124678 | 0.38679245 | 0.40730684 | 0.36877076 | 0.35273007 | 0.38697318 | 0.38687008 | 0.01679316
Load 200 | 0.37658388 | 0.37813212 | 0.38600509 | 0.41250618 | 0.40135203 | 0.39819776 | 0.38513854 | 0.39026255 | 0.38219380 | 0.37285181 | 0.39400806 | 0.40646259 | 0.38317524 | 0.39513678 | 0.40101769 | 0.40054835 | 0.40164959 | 0.37743767 | 0.38602664 | 0.40122699 | 0.39149567 | 0.01095769
