# TODAS AS PROBABILIDADES (20 SIMULAÇÕES)
# Requisição 5: [3,8]
# Modo: CONJUNTO
# Data: 2026-02-11 20:35:05
# ================================================================================
# Formato: Load | Sim1 | Sim2 | ... | Sim20 | Média | DesvioPadrão
# ================================================================================

Load   1 | 0.00000000 | 0.00000000 | 0.00000000 | 0.00000000 | 0.00000000 | 0.00000000 | 0.00000000 | 0.00000000 | 0.00000000 | 0.00000000 | 0.00000000 | 0.00000000 | 0.00000000 | 0.00000000 | 0.00000000 | 0.00000000 | 0.00000000 | 0.00000000 | 0.00000000 | 0.00000000 | 0.00000000 | 0.00000000
Load   2 | 0.00000000 | 0.00000000 | 0.00000000 | 0.00000000 | 0.00000000 | 0.00000000 | 0.00000000 | 0.00000000 | 0.00000000 | 0.00000000 | 0.00000000 | 0.00000000 | 0.00000000 | 0.00000000 | 0.00000000 | 0.00000000 | 0.00000000 | 0.00000000 | 0.00000000 | 0.00000000 | 0.00000000 | 0.00000000
Load   3 | 0.00000000 | 0.00000000 | 0.00000000 | 0.00000000 | 0.00000000 | 0.00000000 | 0.00000000 | 0.00000000 | 0.00000000 | 0.00000000 | 0.00000000 | 0.00000000 | 0.00000000 | 0.00000000 | 0.00000000 | 0.00000000 | 0.00000000 | 0.00000000 | 0.00000000 | 0.00000000 | 0.00000000 | 0.00000000
Load   4 | 0.00000000 | 0.00000000 | 0.00000000 | 0.00000000 | 0.00000000 | 0.00000000 | 0.00000000 | 0.00000000 | 0.00000000 | 0.00000000 | 0.00000000 | 0.00000000 | 0.00000000 | 0.00000000 | 0.00000000 | 0.00000000 | 0.00000000 | 0.00000000 | 0.00000000 | 0.00000000 | 0.00000000 | 0.00000000
Load   5 | 0.00000000 | 0.00000000 | 0.00000000 | 0.00000000 | 0.00000000 | 0.00000000 | 0.00000000 | 0.00000000 | 0.00000000 | 0.00000000 | 0.00000000 | 0.00000000 | 0.00000000 | 0.00000000 | 0.00000000 | 0.00000000 | 0.00000000 | 0.00000000 | 0.00000000 | 0.00000000 | 0.00000000 | 0.00000000
Load   6 | 0.00000000 | 0.00000000 | 0.00000000 | 0.00000000 | 0.00000000 | 0.00000000 | 0.00000000 | 0.00000000 | 0.00000000 | 0.00000000 | 0.00000000 | 0.00000000 | 0.00000000 | 0.00000000 | 0.00000000 | 0.00000000 | 0.00000000 | 0.00000000 | 0.00000000 | 0.00000000 | 0.00000000 | 0.00000000
Load   7 | 0.00000000 | 0.00000000 | 0.00000000 | 0.00000000 | 0.00000000 | 0.00000000 | 0.00000000 | 0.00000000 | 0.00000000 | 0.00000000 | 0.00000000 | 0.00000000 | 0.00000000 | 0.00000000 | 0.00000000 | 0.00000000 | 0.00000000 | 0.00000000 | 0.00000000 | 0.00000000 | 0.00000000 | 0.00000000
Load   8 | 0.00000000 | 0.00000000 | 0.00000000 | 0.00000000 | 0.00000000 | 0.00000000 | 0.00000000 | 0.00000000 | 0.00000000 | 0.00000000 | 0.00000000 | 0.00000000 | 0.00000000 | 0.00000000 | 0.00000000 | 0.00000000 | 0.00000000 | 0.00000000 | 0.00000000 | 0.00000000 | 0.00000000 | 0.00000000
Load   9 | 0.00000000 | 0.00000000 | 0.00000000 | 0.00000000 | 0.00000000 | 0.00000000 | 0.00000000 | 0.00000000 | 0.00000000 | 0.00000000 | 0.00000000 | 0.00000000 | 0.00000000 | 0.00000000 | 0.00000000 | 0.00000000 | 0.00000000 | 0.00000000 | 0.00000000 | 0.00000000 | 0.00000000 | 0.00000000
Load  10 | 0.00000000 | 0.00000000 | 0.00000000 | 0.00000000 | 0.00000000 | 0.00000000 | 0.00000000 | 0.00000000 | 0.00000000 | 0.00000000 | 0.00000000 | 0.00000000 | 0.00000000 | 0.00000000 | 0.00000000 | 0.00000000 | 0.00000000 | 0.00000000 | 0.00000000 | 0.00000000 | 0.00000000 | 0.00000000
Load  11 | 0.00000000 | 0.00000000 | 0.00000000 | 0.00000000 | 0.00000000 | 0.00000000 | 0.00000000 | 0.00000000 | 0.00000000 | 0.00000000 | 0.00000000 | 0.00000000 | 0.00000000 | 0.00000000 | 0.00000000 | 0.00000000 | 0.00000000 | 0.00000000 | 0.00000000 | 0.00000000 | 0.00000000 | 0.00000000
Load  12 | 0.00000000 | 0.00000000 | 0.00000000 | 0.00000000 | 0.00000000 | 0.00000000 | 0.00000000 | 0.00000000 | 0.00000000 | 0.00000000 | 0.00000000 | 0.00000000 | 0.00000000 | 0.00000000 | 0.00000000 | 0.00000000 | 0.00000000 | 0.00000000 | 0.00000000 | 0.00000000 | 0.00000000 | 0.00000000
Load  13 | 0.00000000 | 0.00000000 | 0.00000000 | 0.00000000 | 0.00000000 | 0.00000000 | 0.00000000 | 0.00000000 | 0.00000000 | 0.00000000 | 0.00000000 | 0.00000000 | 0.00000000 | 0.00000000 | 0.00000000 | 0.00000000 | 0.00000000 | 0.00000000 | 0.00000000 | 0.00000000 | 0.00000000 | 0.00000000
Load  14 | 0.00000000 | 0.00000000 | 0.00000000 | 0.00000000 | 0.00000000 | 0.00000000 | 0.00000000 | 0.00000000 | 0.00000000 | 0.00000000 | 0.00000000 | 0.00000000 | 0.00000000 | 0.00000000 | 0.00000000 | 0.00000000 | 0.00000000 | 0.00000000 | 0.00000000 | 0.00000000 | 0.00000000 | 0.00000000
Load  15 | 0.00000000 | 0.00000000 | 0.00000000 | 0.00000000 | 0.00000000 | 0.00000000 | 0.00000000 | 0.00000000 | 0.00000000 | 0.00000000 | 0.00000000 | 0.00000000 | 0.00000000 | 0.00000000 | 0.00000000 | 0.00000000 | 0.00000000 | 0.00000000 | 0.00000000 | 0.00000000 | 0.00000000 | 0.00000000
Load  16 | 0.00000000 | 0.00000000 | 0.00000000 | 0.00000000 | 0.00000000 | 0.00000000 | 0.00000000 | 0.00000000 | 0.00000000 | 0.00000000 | 0.00000000 | 0.00000000 | 0.00000000 | 0.00000000 | 0.00000000 | 0.00000000 | 0.00000000 | 0.00000000 | 0.00000000 | 0.00000000 | 0.00000000 | 0.00000000
Load  17 | 0.00000000 | 0.00000000 | 0.00000000 | 0.00000000 | 0.00000000 | 0.00000000 | 0.00000000 | 0.00000000 | 0.00000000 | 0.00000000 | 0.00000000 | 0.00000000 | 0.00000000 | 0.00000000 | 0.00000000 | 0.00000000 | 0.00000000 | 0.00000000 | 0.00000000 | 0.00000000 | 0.00000000 | 0.00000000
Load  18 | 0.00000000 | 0.00000000 | 0.00000000 | 0.00000000 | 0.00000000 | 0.00000000 | 0.00000000 | 0.00000000 | 0.00000000 | 0.00000000 | 0.00000000 | 0.00000000 | 0.00000000 | 0.00000000 | 0.00000000 | 0.00000000 | 0.00000000 | 0.00000000 | 0.00000000 | 0.00000000 | 0.00000000 | 0.00000000
Load  19 | 0.00000000 | 0.00000000 | 0.00000000 | 0.00000000 | 0.00000000 | 0.00000000 | 0.00000000 | 0.00000000 | 0.00000000 | 0.00000000 | 0.00000000 | 0.00000000 | 0.00000000 | 0.00000000 | 0.00000000 | 0.00000000 | 0.00000000 | 0.00000000 | 0.00000000 | 0.00000000 | 0.00000000 | 0.00000000
Load  20 | 0.00000000 | 0.00000000 | 0.00000000 | 0.00000000 | 0.00000000 | 0.00000000 | 0.00000000 | 0.00000000 | 0.00000000 | 0.00000000 | 0.00000000 | 0.00000000 | 0.00000000 | 0.00000000 | 0.00000000 | 0.00000000 | 0.00000000 | 0.00000000 | 0.00000000 | 0.00000000 | 0.00000000 | 0.00000000
Load  21 | 0.00000000 | 0.00000000 | 0.00000000 | 0.00000000 | 0.00000000 | 0.00000000 | 0.00000000 | 0.00000000 | 0.00000000 | 0.00000000 | 0.00000000 | 0.00000000 | 0.00000000 | 0.00000000 | 0.00000000 | 0.00000000 | 0.00000000 | 0.00000000 | 0.00000000 | 0.00000000 | 0.00000000 | 0.00000000
Load  22 | 0.00000000 | 0.00000000 | 0.00000000 | 0.00000000 | 0.00000000 | 0.00000000 | 0.00000000 | 0.00000000 | 0.00000000 | 0.00000000 | 0.00000000 | 0.00000000 | 0.00000000 | 0.00000000 | 0.00000000 | 0.00000000 | 0.00000000 | 0.00000000 | 0.00000000 | 0.00000000 | 0.00000000 | 0.00000000
Load  23 | 0.00000000 | 0.00000000 | 0.00000000 | 0.00000000 | 0.00000000 | 0.00000000 | 0.00000000 | 0.00000000 | 0.00000000 | 0.00000000 | 0.00000000 | 0.00000000 | 0.00000000 | 0.00000000 | 0.00000000 | 0.00000000 | 0.00000000 | 0.00000000 | 0.00000000 | 0.00000000 | 0.00000000 | 0.00000000
Load  24 | 0.00000000 | 0.00000000 | 0.00000000 | 0.00000000 | 0.00000000 | 0.00000000 | 0.00000000 | 0.00000000 | 0.00000000 | 0.00000000 | 0.00000000 | 0.00000000 | 0.00000000 | 0.00000000 | 0.00000000 | 0.00000000 | 0.00000000 | 0.00000000 | 0.00000000 | 0.00000000 | 0.00000000 | 0.00000000
Load  25 | 0.00000000 | 0.00000000 | 0.00000000 | 0.00000000 | 0.00000000 | 0.00000000 | 0.00000000 | 0.00000000 | 0.00000000 | 0.00000000 | 0.00000000 | 0.00000000 | 0.00000000 | 0.00000000 | 0.00000000 | 0.00000000 | 0.00000000 | 0.00000000 | 0.00000000 | 0.00000000 | 0.00000000 | 0.00000000
Load  26 | 0.00000000 | 0.00000000 | 0.00000000 | 0.00000000 | 0.00000000 | 0.00000000 | 0.00000000 | 0.00000000 | 0.00000000 | 0.00000000 | 0.00000000 | 0.00000000 | 0.00000000 | 0.00000000 | 0.00000000 | 0.00000000 | 0.00000000 | 0.00000000 | 0.00000000 | 0.00000000 | 0.00000000 | 0.00000000
Load  27 | 0.00000000 | 0.00000000 | 0.00000000 | 0.00000000 | 0.00000000 | 0.00000000 | 0.00000000 | 0.00000000 | 0.00000000 | 0.00000000 | 0.00000000 | 0.00000000 | 0.00000000 | 0.00000000 | 0.00000000 | 0.00000000 | 0.00000000 | 0.00000000 | 0.00000000 | 0.00000000 | 0.00000000 | 0.00000000
Load  28 | 0.00000000 | 0.00000000 | 0.00000000 | 0.00000000 | 0.00000000 | 0.00000000 | 0.00000000 | 0.00000000 | 0.00000000 | 0.00000000 | 0.00000000 | 0.00000000 | 0.00000000 | 0.00000000 | 0.00000000 | 0.00000000 | 0.00000000 | 0.00000000 | 0.00000000 | 0.00000000 | 0.00000000 | 0.00000000
Load  29 | 0.00000000 | 0.00000000 | 0.00000000 | 0.00000000 | 0.00000000 | 0.00000000 | 0.00000000 | 0.00000000 | 0.00000000 | 0.00000000 | 0.00000000 | 0.00000000 | 0.00000000 | 0.00000000 | 0.00000000 | 0.00000000 | 0.00000000 | 0.00000000 | 0.00000000 | 0.00000000 | 0.00000000 | 0.00000000
Load  30 | 0.00000000 | 0.00000000 | 0.00000000 | 0.00000000 | 0.00000000 | 0.00000000 | 0.00000000 | 0.00000000 | 0.00000000 | 0.00000000 | 0.00000000 | 0.00000000 | 0.00000000 | 0.00000000 | 0.00000000 | 0.00000000 | 0.00000000 | 0.00000000 | 0.00000000 | 0.00000000 | 0.00000000 | 0.00000000
Load  31 | 0.00000000 | 0.00000000 | 0.00000000 | 0.00000000 | 0.00000000 | 0.00000000 | 0.00000000 | 0.00000000 | 0.00000000 | 0.00000000 | 0.00000000 | 0.00000000 | 0.00000000 | 0.00000000 | 0.00000000 | 0.00000000 | 0.00000000 | 0.00000000 | 0.00000000 | 0.00000000 | 0.00000000 | 0.00000000
Load  32 | 0.00000000 | 0.00000000 | 0.00000000 | 0.00000000 | 0.00000000 | 0.00000000 | 0.00000000 | 0.00000000 | 0.00000000 | 0.00000000 | 0.00000000 | 0.00000000 | 0.00000000 | 0.00000000 | 0.00000000 | 0.00000000 | 0.00000000 | 0.00000000 | 0.00000000 | 0.00000000 | 0.00000000 | 0.00000000
Load  33 | 0.00000000 | 0.00000000 | 0.00000000 | 0.00000000 | 0.00000000 | 0.00000000 | 0.00000000 | 0.00000000 | 0.00000000 | 0.00000000 | 0.00000000 | 0.00000000 | 0.00000000 | 0.00000000 | 0.00000000 | 0.00000000 | 0.00000000 | 0.00000000 | 0.00000000 | 0.00000000 | 0.00000000 | 0.00000000
Load  34 | 0.00000000 | 0.00000000 | 0.00000000 | 0.00000000 | 0.00000000 | 0.00000000 | 0.00000000 | 0.00000000 | 0.00000000 | 0.00000000 | 0.00000000 | 0.00000000 | 0.00000000 | 0.00000000 | 0.00000000 | 0.00000000 | 0.00000000 | 0.00000000 | 0.00000000 | 0.00000000 | 0.00000000 | 0.00000000
Load  35 | 0.00000000 | 0.00000000 | 0.00000000 | 0.00000000 | 0.00000000 | 0.00000000 | 0.00000000 | 0.00000000 | 0.00000000 | 0.00000000 | 0.00000000 | 0.00000000 | 0.00000000 | 0.00000000 | 0.00000000 | 0.00000000 | 0.00000000 | 0.00000000 | 0.00000000 | 0.00000000 | 0.00000000 | 0.00000000
Load  36 | 0.00000000 | 0.00000000 | 0.00000000 | 0.00000000 | 0.00000000 | 0.00000000 | 0.00000000 | 0.00000000 | 0.00000000 | 0.00000000 | 0.00000000 | 0.00000000 | 0.00000000 | 0.00000000 | 0.00000000 | 0.00000000 | 0.00000000 | 0.00000000 | 0.00000000 | 0.00000000 | 0.00000000 | 0.00000000
Load  37 | 0.00000000 | 0.00000000 | 0.00000000 | 0.00000000 | 0.00000000 | 0.00000000 | 0.00000000 | 0.00000000 | 0.00000000 | 0.00000000 | 0.00000000 | 0.00000000 | 0.00000000 | 0.00000000 | 0.00000000 | 0.00000000 | 0.00000000 | 0.00000000 | 0.00000000 | 0.00000000 | 0.00000000 | 0.00000000
Load  38 | 0.00000000 | 0.00000000 | 0.00000000 | 0.00000000 | 0.00000000 | 0.00000000 | 0.00000000 | 0.00000000 | 0.00000000 | 0.00000000 | 0.00000000 | 0.00000000 | 0.00000000 | 0.00000000 | 0.00000000 | 0.00000000 | 0.00000000 | 0.00000000 | 0.00000000 | 0.00000000 | 0.00000000 | 0.00000000
Load  39 | 0.00000000 | 0.00000000 | 0.00000000 | 0.00000000 | 0.00000000 | 0.00000000 | 0.00000000 | 0.00000000 | 0.00000000 | 0.00000000 | 0.00000000 | 0.00000000 | 0.00000000 | 0.00000000 | 0.00000000 | 0.00000000 | 0.00000000 | 0.00000000 | 0.00000000 | 0.00000000 | 0.00000000 | 0.00000000
Load  40 | 0.00000000 | 0.00000000 | 0.00000000 | 0.00000000 | 0.00000000 | 0.00000000 | 0.00000000 | 0.00000000 | 0.00000000 | 0.00000000 | 0.00000000 | 0.00000000 | 0.00000000 | 0.00000000 | 0.00000000 | 0.00000000 | 0.00000000 | 0.00000000 | 0.00000000 | 0.00000000 | 0.00000000 | 0.00000000
Load  41 | 0.00000000 | 0.00000000 | 0.00000000 | 0.00000000 | 0.00000000 | 0.00000000 | 0.00000000 | 0.00000000 | 0.00000000 | 0.00000000 | 0.00000000 | 0.00000000 | 0.00000000 | 0.00000000 | 0.00000000 | 0.00000000 | 0.00000000 | 0.00000000 | 0.00000000 | 0.00000000 | 0.00000000 | 0.00000000
Load  42 | 0.00000000 | 0.00000000 | 0.00000000 | 0.00000000 | 0.00000000 | 0.00000000 | 0.00000000 | 0.00000000 | 0.00000000 | 0.00000000 | 0.00000000 | 0.00000000 | 0.00000000 | 0.00000000 | 0.00000000 | 0.00000000 | 0.00000000 | 0.00000000 | 0.00000000 | 0.00000000 | 0.00000000 | 0.00000000
Load  43 | 0.00000000 | 0.00000000 | 0.00000000 | 0.00000000 | 0.00000000 | 0.00000000 | 0.00000000 | 0.00000000 | 0.00000000 | 0.00000000 | 0.00000000 | 0.00000000 | 0.00000000 | 0.00000000 | 0.00000000 | 0.00000000 | 0.00000000 | 0.00000000 | 0.00000000 | 0.00000000 | 0.00000000 | 0.00000000
Load  44 | 0.00000000 | 0.00000000 | 0.00000000 | 0.00000000 | 0.00000000 | 0.00000000 | 0.00000000 | 0.00000000 | 0.00000000 | 0.00000000 | 0.00000000 | 0.00000000 | 0.00000000 | 0.00000000 | 0.00225734 | 0.00000000 | 0.00000000 | 0.00000000 | 0.00000000 | 0.00000000 | 0.00011287 | 0.00049198
Load  45 | 0.00000000 | 0.00000000 | 0.00000000 | 0.00000000 | 0.00000000 | 0.00000000 | 0.00000000 | 0.00000000 | 0.00000000 | 0.00000000 | 0.00000000 | 0.00000000 | 0.00000000 | 0.00000000 | 0.00000000 | 0.00000000 | 0.00000000 | 0.00000000 | 0.00000000 | 0.00000000 | 0.00000000 | 0.00000000
Load  46 | 0.00000000 | 0.00000000 | 0.00000000 | 0.00000000 | 0.00000000 | 0.00000000 | 0.00000000 | 0.00000000 | 0.00000000 | 0.00000000 | 0.00000000 | 0.00000000 | 0.00000000 | 0.00000000 | 0.00000000 | 0.00000000 | 0.00000000 | 0.00000000 | 0.00000000 | 0.00000000 | 0.00000000 | 0.00000000
Load  47 | 0.00000000 | 0.00000000 | 0.00000000 | 0.00000000 | 0.00000000 | 0.00000000 | 0.00000000 | 0.00000000 | 0.00000000 | 0.00000000 | 0.00000000 | 0.00000000 | 0.00000000 | 0.00000000 | 0.00000000 | 0.00000000 | 0.00000000 | 0.00000000 | 0.00000000 | 0.00000000 | 0.00000000 | 0.00000000
Load  48 | 0.00000000 | 0.00206398 | 0.00000000 | 0.00000000 | 0.00000000 | 0.00000000 | 0.00100908 | 0.00000000 | 0.00000000 | 0.00000000 | 0.00000000 | 0.00101010 | 0.00000000 | 0.00000000 | 0.00000000 | 0.00000000 | 0.00000000 | 0.00000000 | 0.00000000 | 0.00000000 | 0.00020416 | 0.00052273
Load  49 | 0.00000000 | 0.00000000 | 0.00000000 | 0.00000000 | 0.00000000 | 0.00000000 | 0.00000000 | 0.00000000 | 0.00000000 | 0.00000000 | 0.00000000 | 0.00000000 | 0.00000000 | 0.00000000 | 0.00000000 | 0.00000000 | 0.00000000 | 0.00000000 | 0.00000000 | 0.00530223 | 0.00026511 | 0.00115559
Load  50 | 0.00000000 | 0.00000000 | 0.00000000 | 0.00000000 | 0.00000000 | 0.00000000 | 0.00000000 | 0.00000000 | 0.00000000 | 0.00000000 | 0.00000000 | 0.00000000 | 0.00000000 | 0.00000000 | 0.00000000 | 0.00000000 | 0.00000000 | 0.00000000 | 0.00000000 | 0.00098328 | 0.00004916 | 0.00021430
Load  51 | 0.00000000 | 0.00289296 | 0.00000000 | 0.00000000 | 0.00000000 | 0.00196271 | 0.00000000 | 0.00000000 | 0.00000000 | 0.00000000 | 0.00000000 | 0.00096618 | 0.00000000 | 0.00000000 | 0.00200401 | 0.00100705 | 0.00103093 | 0.00000000 | 0.00000000 | 0.00000000 | 0.00049319 | 0.00084803
Load  52 | 0.00000000 | 0.00000000 | 0.00000000 | 0.00000000 | 0.00730594 | 0.00000000 | 0.00000000 | 0.00000000 | 0.00000000 | 0.00000000 | 0.00000000 | 0.00000000 | 0.00000000 | 0.00297915 | 0.00000000 | 0.00000000 | 0.00286533 | 0.00000000 | 0.00000000 | 0.00000000 | 0.00065752 | 0.00175806
Load  53 | 0.00095694 | 0.00094340 | 0.00000000 | 0.00000000 | 0.00000000 | 0.00000000 | 0.00094073 | 0.00098328 | 0.00185701 | 0.00000000 | 0.00095602 | 0.00201816 | 0.00000000 | 0.00588235 | 0.00189573 | 0.00000000 | 0.00451264 | 0.00379867 | 0.00000000 | 0.00186916 | 0.00133071 | 0.00163035
Load  54 | 0.00000000 | 0.00180343 | 0.00000000 | 0.00179211 | 0.00526778 | 0.00096525 | 0.00000000 | 0.00000000 | 0.00000000 | 0.00093545 | 0.00000000 | 0.00000000 | 0.00000000 | 0.00182815 | 0.00181984 | 0.00000000 | 0.00095329 | 0.00000000 | 0.00000000 | 0.00000000 | 0.00076827 | 0.00126052
Load  55 | 0.00000000 | 0.00000000 | 0.00259965 | 0.00000000 | 0.00181984 | 0.00174064 | 0.00259965 | 0.00179695 | 0.00290698 | 0.00182983 | 0.00000000 | 0.00000000 | 0.00092421 | 0.00000000 | 0.00000000 | 0.00092851 | 0.00000000 | 0.00000000 | 0.00087489 | 0.00094429 | 0.00094827 | 0.00100685
Load  56 | 0.00086505 | 0.00172861 | 0.00433276 | 0.00436300 | 0.00177778 | 0.00184332 | 0.00518135 | 0.00091324 | 0.00343938 | 0.00275229 | 0.00000000 | 0.00642202 | 0.00263389 | 0.00530035 | 0.00358423 | 0.00090992 | 0.00000000 | 0.00000000 | 0.00000000 | 0.00086505 | 0.00234561 | 0.00194739
Load  57 | 0.00167224 | 0.00000000 | 0.00088968 | 0.00175131 | 0.00183993 | 0.00780572 | 0.00262467 | 0.01202749 | 0.00090171 | 0.00000000 | 0.00173461 | 0.00437445 | 0.00088496 | 0.00000000 | 0.00000000 | 0.01323919 | 0.00000000 | 0.00000000 | 0.00444444 | 0.00175593 | 0.00279732 | 0.00379390
Load  58 | 0.00274725 | 0.00250836 | 0.00357462 | 0.00088574 | 0.00509338 | 0.00000000 | 0.00173010 | 0.00253165 | 0.00182815 | 0.01090604 | 0.00593723 | 0.00444444 | 0.00440529 | 0.00176991 | 0.01266892 | 0.00086881 | 0.00521739 | 0.00087873 | 0.00775194 | 0.00322581 | 0.00394869 | 0.00324406
Load  59 | 0.01858407 | 0.00000000 | 0.00084962 | 0.00403877 | 0.00173310 | 0.00410509 | 0.00408497 | 0.00175747 | 0.00000000 | 0.00415973 | 0.00322841 | 0.00171821 | 0.01533220 | 0.00336134 | 0.00675105 | 0.00178094 | 0.00086281 | 0.00000000 | 0.00602929 | 0.00433651 | 0.00413568 | 0.00469925
Load  60 | 0.00422297 | 0.00331400 | 0.00319744 | 0.00162734 | 0.00000000 | 0.00578512 | 0.01124498 | 0.01086048 | 0.00000000 | 0.00690846 | 0.00412201 | 0.00000000 | 0.00568643 | 0.00881410 | 0.01609010 | 0.00428816 | 0.00524476 | 0.00084602 | 0.00171380 | 0.00256630 | 0.00482662 | 0.00414365
Load  61 | 0.00405186 | 0.00873709 | 0.00408497 | 0.00329218 | 0.01442308 | 0.00909091 | 0.00165563 | 0.00814332 | 0.00408163 | 0.01067323 | 0.00641540 | 0.00331126 | 0.00476948 | 0.00418760 | 0.00417014 | 0.00323363 | 0.00738916 | 0.00852713 | 0.00164069 | 0.00430663 | 0.00580925 | 0.00319716
Load  62 | 0.00248139 | 0.00552923 | 0.00492611 | 0.00243506 | 0.01757066 | 0.00081500 | 0.01019608 | 0.01114650 | 0.00800000 | 0.01097973 | 0.01134522 | 0.00854701 | 0.00730519 | 0.01711491 | 0.01609010 | 0.01004637 | 0.00164339 | 0.00079745 | 0.01326053 | 0.00400641 | 0.00821182 | 0.00521297
Load  63 | 0.00945626 | 0.01674277 | 0.01048387 | 0.00389712 | 0.00852713 | 0.00408163 | 0.03115265 | 0.00801925 | 0.00814996 | 0.02129402 | 0.00717703 | 0.01293452 | 0.01278977 | 0.00770416 | 0.00170940 | 0.00565885 | 0.00972447 | 0.00475059 | 0.00163265 | 0.00922367 | 0.00975549 | 0.00677140
Load  64 | 0.02179177 | 0.00999231 | 0.01063830 | 0.00389408 | 0.01204819 | 0.01693610 | 0.01239349 | 0.00884244 | 0.01192369 | 0.01359517 | 0.00689127 | 0.01020408 | 0.01317829 | 0.00707547 | 0.00967742 | 0.01634241 | 0.00632411 | 0.01258851 | 0.01040833 | 0.00636943 | 0.01105574 | 0.00407856
Load  65 | 0.01372998 | 0.02725208 | 0.01503165 | 0.00800641 | 0.02215432 | 0.02539683 | 0.02755026 | 0.01717408 | 0.00986343 | 0.01971190 | 0.00938233 | 0.01544402 | 0.00994644 | 0.01081917 | 0.01308258 | 0.01015625 | 0.02373887 | 0.01438304 | 0.02047244 | 0.00805802 | 0.01606770 | 0.00634325
Load  66 | 0.00930954 | 0.01426307 | 0.02850356 | 0.02471910 | 0.02863602 | 0.00461894 | 0.02574103 | 0.01872659 | 0.02191988 | 0.02479942 | 0.01878287 | 0.01561338 | 0.01654135 | 0.01820830 | 0.01586043 | 0.02524866 | 0.01066260 | 0.02900763 | 0.01478197 | 0.02567865 | 0.01958115 | 0.00677905
Load  67 | 0.03333333 | 0.01665460 | 0.02446483 | 0.02683104 | 0.02926481 | 0.01972686 | 0.01537279 | 0.01953125 | 0.02344932 | 0.03129445 | 0.01691007 | 0.01454545 | 0.01968206 | 0.02571861 | 0.02272727 | 0.02291826 | 0.01770593 | 0.02340426 | 0.02600297 | 0.01085271 | 0.02201954 | 0.00568163
Load  68 | 0.01347305 | 0.02086331 | 0.03714286 | 0.02759135 | 0.02262774 | 0.01642857 | 0.03969884 | 0.04094828 | 0.02720588 | 0.02987304 | 0.01437216 | 0.02225519 | 0.01538462 | 0.00893522 | 0.02320359 | 0.02403496 | 0.02124542 | 0.01432881 | 0.03642857 | 0.03550725 | 0.02457744 | 0.00928130
Load  69 | 0.03267529 | 0.03364352 | 0.04294479 | 0.01736614 | 0.02966715 | 0.03445899 | 0.03301541 | 0.02836879 | 0.04121475 | 0.01383551 | 0.02444134 | 0.03068862 | 0.02909865 | 0.02437276 | 0.02895480 | 0.03129445 | 0.00729927 | 0.03235083 | 0.02550638 | 0.02512563 | 0.02831615 | 0.00818882
Load  70 | 0.02245614 | 0.01990050 | 0.02512563 | 0.03661017 | 0.01864280 | 0.03343023 | 0.02740689 | 0.03004292 | 0.02398256 | 0.03256151 | 0.03180473 | 0.04835319 | 0.02363897 | 0.02393038 | 0.02463768 | 0.02957746 | 0.02840909 | 0.03474635 | 0.01665460 | 0.03086863 | 0.02813902 | 0.00706256
Load  71 | 0.03519669 | 0.03113942 | 0.03086420 | 0.05669399 | 0.06284530 | 0.04057772 | 0.02251271 | 0.02034884 | 0.04140787 | 0.04093155 | 0.02789400 | 0.04583333 | 0.03267045 | 0.03518649 | 0.05629838 | 0.04674221 | 0.03178991 | 0.04501385 | 0.04678363 | 0.02233429 | 0.03865324 | 0.01154065
Load  72 | 0.04632694 | 0.06702413 | 0.02981818 | 0.04044630 | 0.03518649 | 0.07381258 | 0.03201787 | 0.03397028 | 0.02825279 | 0.06359946 | 0.03708887 | 0.03573981 | 0.04656011 | 0.05685619 | 0.03991131 | 0.04598490 | 0.04118051 | 0.03781513 | 0.04022191 | 0.04789135 | 0.04398526 | 0.01219862
Load  73 | 0.06334232 | 0.04897959 | 0.05502063 | 0.04826649 | 0.06037474 | 0.05213904 | 0.04838710 | 0.05117271 | 0.03127221 | 0.07823129 | 0.05233380 | 0.05540897 | 0.04216867 | 0.07402330 | 0.02233077 | 0.05409060 | 0.05288796 | 0.04419890 | 0.06683971 | 0.03838102 | 0.05199249 | 0.01286047
Load  74 | 0.07119530 | 0.05854957 | 0.04572565 | 0.03686327 | 0.03509979 | 0.06131078 | 0.04956463 | 0.05350938 | 0.06293706 | 0.03398058 | 0.05934516 | 0.03937008 | 0.04596100 | 0.06048110 | 0.03997243 | 0.05468216 | 0.03366059 | 0.05578512 | 0.05270555 | 0.04618614 | 0.04984427 | 0.01065462
Load  75 | 0.05666667 | 0.06277464 | 0.05458221 | 0.06375839 | 0.03948264 | 0.05073431 | 0.08467742 | 0.08064516 | 0.06436314 | 0.04309166 | 0.08155340 | 0.06490728 | 0.05273973 | 0.06539510 | 0.05622490 | 0.07503320 | 0.05056554 | 0.06125166 | 0.07046980 | 0.06830601 | 0.06236114 | 0.01199502
Load  76 | 0.09746835 | 0.05211082 | 0.08127438 | 0.07264087 | 0.05710660 | 0.06245891 | 0.08928571 | 0.06549935 | 0.07611549 | 0.07225064 | 0.08920188 | 0.08432230 | 0.06483957 | 0.08277704 | 0.08535785 | 0.06060606 | 0.07933461 | 0.05852738 | 0.07325049 | 0.07387863 | 0.07391535 | 0.01202494
Load  77 | 0.07712766 | 0.06925566 | 0.07808399 | 0.09643735 | 0.07981221 | 0.05463025 | 0.06508475 | 0.08278581 | 0.08559113 | 0.06553080 | 0.08272667 | 0.04777927 | 0.07377049 | 0.10656270 | 0.06078431 | 0.09836066 | 0.05846774 | 0.06692658 | 0.06453634 | 0.06109325 | 0.07376738 | 0.01493759
Load  78 | 0.09001837 | 0.07633098 | 0.08229915 | 0.06425703 | 0.07553260 | 0.07129094 | 0.07383832 | 0.07839262 | 0.05816993 | 0.07533806 | 0.07496823 | 0.08022742 | 0.06379101 | 0.08084023 | 0.09681449 | 0.09727626 | 0.08848406 | 0.05239031 | 0.11020151 | 0.06950532 | 0.07799834 | 0.01350558
Load  79 | 0.12453761 | 0.09015345 | 0.10842664 | 0.08060453 | 0.06468305 | 0.09213052 | 0.09281046 | 0.07736573 | 0.09741060 | 0.08244179 | 0.09029066 | 0.09369259 | 0.07952411 | 0.08238994 | 0.10564304 | 0.08748404 | 0.10617284 | 0.08796895 | 0.09165613 | 0.09456869 | 0.09149777 | 0.01269367
Load  80 | 0.08452455 | 0.11953883 | 0.10062893 | 0.06144201 | 0.09902200 | 0.10295003 | 0.10311165 | 0.11282367 | 0.09192547 | 0.09943715 | 0.10687023 | 0.10277427 | 0.09783914 | 0.08465945 | 0.08121513 | 0.07711599 | 0.10583942 | 0.07200497 | 0.08958838 | 0.07438551 | 0.09338484 | 0.01455376
Load  81 | 0.07749535 | 0.09335840 | 0.09004439 | 0.10344828 | 0.09468970 | 0.09282971 | 0.08000000 | 0.12649880 | 0.10155317 | 0.10174782 | 0.13202934 | 0.09584860 | 0.11500615 | 0.09526736 | 0.11278195 | 0.06111111 | 0.09073842 | 0.06621287 | 0.11428571 | 0.10049322 | 0.09727202 | 0.01746152
Load  82 | 0.11518662 | 0.08988058 | 0.10914826 | 0.11958511 | 0.13246269 | 0.11054313 | 0.11458333 | 0.10084541 | 0.11283323 | 0.17448071 | 0.11398644 | 0.10355392 | 0.08809524 | 0.10874848 | 0.11522388 | 0.11730769 | 0.10795455 | 0.10005886 | 0.11531422 | 0.08355091 | 0.11166716 | 0.01829549
Load  83 | 0.11218921 | 0.11350407 | 0.12403561 | 0.11873840 | 0.11404047 | 0.12360867 | 0.09215442 | 0.12829736 | 0.11338290 | 0.10775047 | 0.11153119 | 0.12787089 | 0.12037581 | 0.11413043 | 0.09520885 | 0.13059250 | 0.11750155 | 0.13537375 | 0.12612074 | 0.07687539 | 0.11516413 | 0.01373832
Load  84 | 0.09634949 | 0.14656144 | 0.12140175 | 0.10876133 | 0.10340633 | 0.12784266 | 0.12661955 | 0.12734991 | 0.11947431 | 0.14424242 | 0.10501750 | 0.12304922 | 0.13699422 | 0.13312693 | 0.13738602 | 0.14757835 | 0.12684729 | 0.10513141 | 0.13801035 | 0.12469586 | 0.12499232 | 0.01464488
Load  85 | 0.13580963 | 0.14802065 | 0.13556338 | 0.15619495 | 0.13992005 | 0.10735826 | 0.12684366 | 0.13015689 | 0.16433566 | 0.13966800 | 0.13194030 | 0.16011396 | 0.13000000 | 0.14395280 | 0.13741339 | 0.14035088 | 0.13696275 | 0.17219680 | 0.11249223 | 0.12414649 | 0.13867204 | 0.01565602
Load  86 | 0.14162349 | 0.12441038 | 0.15187713 | 0.12135356 | 0.14751185 | 0.13721062 | 0.11981020 | 0.10514019 | 0.13617767 | 0.15194954 | 0.15780347 | 0.13697040 | 0.12182448 | 0.12114014 | 0.14361702 | 0.13076037 | 0.12983266 | 0.12395210 | 0.12236534 | 0.14668950 | 0.13360101 | 0.01339255
Load  87 | 0.15318907 | 0.14845606 | 0.16436782 | 0.13106236 | 0.14171884 | 0.17874931 | 0.14376812 | 0.13151796 | 0.10932674 | 0.14800000 | 0.14842841 | 0.12957746 | 0.11144043 | 0.11168981 | 0.13857898 | 0.13471810 | 0.13673233 | 0.16209774 | 0.15239220 | 0.15780446 | 0.14168081 | 0.01768380
Load  88 | 0.15444015 | 0.14092446 | 0.18746439 | 0.12670455 | 0.17381616 | 0.15961882 | 0.14795009 | 0.13290772 | 0.14829107 | 0.14326322 | 0.15371330 | 0.18421053 | 0.15771429 | 0.13420902 | 0.17970050 | 0.18949134 | 0.14707553 | 0.16484150 | 0.14515204 | 0.16855204 | 0.15700203 | 0.01817052
Load  89 | 0.17607973 | 0.15388920 | 0.16190476 | 0.15732172 | 0.18019026 | 0.16432978 | 0.16501104 | 0.15732881 | 0.16789983 | 0.20547180 | 0.16984213 | 0.15452539 | 0.19451908 | 0.19922092 | 0.14728229 | 0.15345700 | 0.16288309 | 0.15222222 | 0.15259009 | 0.13564132 | 0.16558052 | 0.01739380
Load  90 | 0.14979757 | 0.19016031 | 0.16482301 | 0.17321998 | 0.15048823 | 0.19516218 | 0.17194570 | 0.18088151 | 0.14779699 | 0.19620959 | 0.14868805 | 0.16676056 | 0.18236255 | 0.16040956 | 0.14985423 | 0.15005663 | 0.18202247 | 0.16046641 | 0.15362150 | 0.18216841 | 0.16784477 | 0.01618587
Load  91 | 0.16987356 | 0.14816901 | 0.20689655 | 0.17741935 | 0.15270121 | 0.18684356 | 0.19588203 | 0.17526943 | 0.14236707 | 0.19752392 | 0.22700054 | 0.19702807 | 0.19104803 | 0.17486339 | 0.18903088 | 0.16990561 | 0.18649696 | 0.18801090 | 0.14783586 | 0.19720670 | 0.18106863 | 0.02107237
Load  92 | 0.19453552 | 0.21178344 | 0.17582418 | 0.17460317 | 0.18794134 | 0.15337079 | 0.19967794 | 0.16757345 | 0.19349764 | 0.17339149 | 0.19399051 | 0.20000000 | 0.16599655 | 0.18271877 | 0.17507082 | 0.17589041 | 0.19746277 | 0.19148936 | 0.21560130 | 0.17421791 | 0.18523187 | 0.01555395
Load  93 | 0.19377348 | 0.19265567 | 0.21625930 | 0.19967177 | 0.18609626 | 0.19760790 | 0.19729730 | 0.17498629 | 0.24844398 | 0.21675393 | 0.21181263 | 0.19380252 | 0.19786397 | 0.22398310 | 0.20043692 | 0.17752101 | 0.21196222 | 0.24737945 | 0.20458178 | 0.21159103 | 0.20522403 | 0.01881138
Load  94 | 0.19098712 | 0.18294657 | 0.17681941 | 0.20729773 | 0.18251787 | 0.16399779 | 0.24034335 | 0.19512195 | 0.23633524 | 0.16846652 | 0.23535511 | 0.21386351 | 0.17114271 | 0.16830065 | 0.19009585 | 0.18284790 | 0.20298348 | 0.20475113 | 0.17484342 | 0.25091864 | 0.19699680 | 0.02576736
Load  95 | 0.22555613 | 0.21401819 | 0.22147303 | 0.22314050 | 0.20659454 | 0.19905213 | 0.19713262 | 0.20161290 | 0.23361082 | 0.18021978 | 0.18448753 | 0.22314478 | 0.21949948 | 0.21057935 | 0.21783784 | 0.18841336 | 0.20454545 | 0.18526428 | 0.21994609 | 0.20607029 | 0.20810995 | 0.01500055
Load  96 | 0.22717842 | 0.20691408 | 0.21164309 | 0.23406479 | 0.24146586 | 0.23855544 | 0.22530864 | 0.20055249 | 0.22459614 | 0.18866916 | 0.21507064 | 0.19672131 | 0.22694672 | 0.22597137 | 0.19306931 | 0.21316614 | 0.19238790 | 0.24438903 | 0.24777836 | 0.20250522 | 0.21784771 | 0.01798476
Load  97 | 0.20040796 | 0.25427996 | 0.22722620 | 0.21481876 | 0.24400417 | 0.24004086 | 0.22748568 | 0.22988506 | 0.22151225 | 0.24450128 | 0.21122449 | 0.22898401 | 0.23247423 | 0.24620829 | 0.20157480 | 0.22020202 | 0.23187633 | 0.22050489 | 0.20724346 | 0.22816033 | 0.22663075 | 0.01449695
Load  98 | 0.24101266 | 0.25224775 | 0.24771109 | 0.25531915 | 0.23947750 | 0.24195223 | 0.24093264 | 0.20083031 | 0.22379455 | 0.25204499 | 0.22995220 | 0.19887237 | 0.25381780 | 0.22245003 | 0.22012579 | 0.23203832 | 0.25263713 | 0.19918699 | 0.24524422 | 0.22314050 | 0.23363941 | 0.01798588
Load  99 | 0.23104508 | 0.21717172 | 0.21084643 | 0.24597820 | 0.20152672 | 0.22905895 | 0.23775510 | 0.23641703 | 0.24850895 | 0.24686192 | 0.22290704 | 0.23744292 | 0.25795229 | 0.23535405 | 0.23940021 | 0.22765073 | 0.23983944 | 0.20854789 | 0.19871795 | 0.22978304 | 0.23013828 | 0.01560847
Load 100 | 0.23895582 | 0.20833333 | 0.27539161 | 0.27118644 | 0.25111885 | 0.25969563 | 0.25000000 | 0.23626641 | 0.22852761 | 0.25012432 | 0.27048768 | 0.22155689 | 0.26579836 | 0.23057518 | 0.21126761 | 0.23697148 | 0.21908127 | 0.25304878 | 0.23508595 | 0.24117053 | 0.24273219 | 0.01927624
Load 101 | 0.24670249 | 0.21635348 | 0.25656566 | 0.26408623 | 0.26260609 | 0.28805395 | 0.24251208 | 0.23720223 | 0.23445913 | 0.24187192 | 0.24600798 | 0.17209302 | 0.22216650 | 0.26208271 | 0.25185552 | 0.23372034 | 0.27032419 | 0.22903885 | 0.22104198 | 0.27347135 | 0.24361079 | 0.02471742
Load 102 | 0.27357610 | 0.27616708 | 0.27816206 | 0.27416956 | 0.25635910 | 0.22594968 | 0.26623699 | 0.25219941 | 0.25662013 | 0.25086249 | 0.27758872 | 0.24792582 | 0.23088685 | 0.20892495 | 0.27747659 | 0.27277017 | 0.27246377 | 0.29505814 | 0.25881792 | 0.22811284 | 0.25901642 | 0.02133872
Load 103 | 0.24301813 | 0.27326440 | 0.28432800 | 0.29871912 | 0.25574847 | 0.28406910 | 0.23446602 | 0.24747717 | 0.23984337 | 0.25976662 | 0.29009434 | 0.26867816 | 0.30921986 | 0.26451613 | 0.28196234 | 0.24756335 | 0.30038760 | 0.26799242 | 0.30205279 | 0.26292467 | 0.27080460 | 0.02187021
Load 104 | 0.25472155 | 0.27302944 | 0.28201369 | 0.26032852 | 0.27748938 | 0.27328897 | 0.30610372 | 0.28984820 | 0.28396803 | 0.27521614 | 0.30228045 | 0.28470255 | 0.26300716 | 0.27950311 | 0.29907407 | 0.26702076 | 0.27101039 | 0.27012346 | 0.28024288 | 0.24797330 | 0.27704729 | 0.01469107
Load 105 | 0.27522936 | 0.28936170 | 0.28312958 | 0.27186761 | 0.27381522 | 0.26162791 | 0.30637488 | 0.29227053 | 0.23919308 | 0.29634898 | 0.32969532 | 0.25385694 | 0.27223851 | 0.28429916 | 0.30558140 | 0.31569174 | 0.28974740 | 0.28624883 | 0.29199219 | 0.27452830 | 0.28465493 | 0.02046383
Load 106 | 0.28884652 | 0.31180812 | 0.27281460 | 0.31503025 | 0.27333333 | 0.32778548 | 0.27049953 | 0.27614679 | 0.29521640 | 0.29956793 | 0.28975429 | 0.27555762 | 0.24826216 | 0.26355493 | 0.25995086 | 0.29035433 | 0.30908226 | 0.27931363 | 0.29217549 | 0.26641294 | 0.28527337 | 0.01992603
Load 107 | 0.28578244 | 0.25888078 | 0.29302536 | 0.29551693 | 0.34216435 | 0.24833174 | 0.30108032 | 0.29515829 | 0.32126277 | 0.31182289 | 0.29976581 | 0.27512737 | 0.27884615 | 0.25675676 | 0.30232558 | 0.28134111 | 0.27586207 | 0.30542341 | 0.28232446 | 0.26387537 | 0.28873370 | 0.02236762
Load 108 | 0.32298695 | 0.27134001 | 0.30271493 | 0.27094303 | 0.33257195 | 0.29915334 | 0.31510658 | 0.27562003 | 0.29652256 | 0.29151625 | 0.26872038 | 0.27392890 | 0.30896226 | 0.32734807 | 0.27201835 | 0.31221719 | 0.31556802 | 0.28893148 | 0.30884417 | 0.28245696 | 0.29687357 | 0.02017886
Load 109 | 0.35554562 | 0.33885407 | 0.30249110 | 0.32092601 | 0.27589368 | 0.31816133 | 0.30608538 | 0.34567351 | 0.34543762 | 0.30677656 | 0.30874317 | 0.34292035 | 0.33259717 | 0.29285381 | 0.33194251 | 0.31716418 | 0.31272563 | 0.31992770 | 0.27602906 | 0.30963096 | 0.31801897 | 0.02152154
Load 110 | 0.32974428 | 0.29768271 | 0.34071396 | 0.29674797 | 0.31369924 | 0.31922723 | 0.29414498 | 0.31694233 | 0.32375055 | 0.29927339 | 0.29323308 | 0.31530706 | 0.32250580 | 0.29290618 | 0.28518346 | 0.32172702 | 0.32738912 | 0.28875793 | 0.29995321 | 0.32259549 | 0.31007425 | 0.01563235
Load 111 | 0.31063640 | 0.32074633 | 0.32382705 | 0.34589502 | 0.34244733 | 0.33865087 | 0.29890110 | 0.30643739 | 0.32126489 | 0.28629950 | 0.29926673 | 0.31493943 | 0.33089245 | 0.34116584 | 0.29120143 | 0.33849558 | 0.28867839 | 0.33348155 | 0.32376682 | 0.32420495 | 0.31905995 | 0.01838770
Load 112 | 0.32368421 | 0.34954545 | 0.33391993 | 0.33936452 | 0.32761733 | 0.28930233 | 0.34479597 | 0.30035651 | 0.33988388 | 0.33260298 | 0.32644814 | 0.32714717 | 0.30744485 | 0.32351667 | 0.32229581 | 0.33104041 | 0.33651226 | 0.30331969 | 0.32093232 | 0.28774016 | 0.32337353 | 0.01697822
Load 113 | 0.37660044 | 0.36691597 | 0.34878587 | 0.34300792 | 0.33102253 | 0.32738095 | 0.35086957 | 0.32177778 | 0.30747922 | 0.35441902 | 0.31447661 | 0.31411097 | 0.33889377 | 0.34613743 | 0.34617127 | 0.34596739 | 0.33507171 | 0.33479596 | 0.29508197 | 0.34526967 | 0.33721180 | 0.01934089
Load 114 | 0.34314150 | 0.32653061 | 0.35013032 | 0.32027850 | 0.33561351 | 0.31632204 | 0.34769365 | 0.32906360 | 0.33506269 | 0.35417578 | 0.33759929 | 0.36010710 | 0.35596248 | 0.31255729 | 0.33303926 | 0.33176370 | 0.37896996 | 0.34696570 | 0.34745763 | 0.33304234 | 0.33977385 | 0.01560657
Load 115 | 0.37040099 | 0.36576355 | 0.35042373 | 0.32048957 | 0.34870188 | 0.37027491 | 0.33049327 | 0.37991453 | 0.35686778 | 0.35178727 | 0.32545698 | 0.35791367 | 0.38745704 | 0.34146341 | 0.34852431 | 0.32324132 | 0.35198633 | 0.38051948 | 0.32300885 | 0.35486613 | 0.35197775 | 0.01967574
Load 116 | 0.34431408 | 0.31708369 | 0.35757315 | 0.36215753 | 0.33246073 | 0.34870690 | 0.32649420 | 0.32716315 | 0.40630182 | 0.35579040 | 0.34168865 | 0.33135593 | 0.33506944 | 0.35431430 | 0.31588448 | 0.35121328 | 0.37452066 | 0.35585198 | 0.37167774 | 0.39508743 | 0.35023548 | 0.02331147
Load 117 | 0.33935321 | 0.36962025 | 0.35514798 | 0.36390785 | 0.37520868 | 0.35627706 | 0.35593952 | 0.37217891 | 0.35111876 | 0.38829349 | 0.34467902 | 0.36967419 | 0.39647946 | 0.35993280 | 0.33478072 | 0.33909014 | 0.34411384 | 0.36582224 | 0.34977207 | 0.33529659 | 0.35833434 | 0.01662075
Load 118 | 0.34801570 | 0.32656587 | 0.35649671 | 0.34640241 | 0.36716418 | 0.36171114 | 0.35230703 | 0.41995842 | 0.36209150 | 0.38832487 | 0.37484536 | 0.38095238 | 0.34579832 | 0.36047000 | 0.35004359 | 0.31870061 | 0.36332911 | 0.34504391 | 0.34662045 | 0.36363636 | 0.35892390 | 0.02126459
Load 119 | 0.37322769 | 0.37596567 | 0.35645633 | 0.34690342 | 0.37287433 | 0.34875153 | 0.35311828 | 0.39705882 | 0.33629498 | 0.33676208 | 0.42216789 | 0.36851064 | 0.34071550 | 0.39186384 | 0.35439331 | 0.35696517 | 0.38400000 | 0.38124742 | 0.37396007 | 0.37688442 | 0.36740607 | 0.02145275
Load 120 | 0.38015139 | 0.40480000 | 0.38838550 | 0.41088710 | 0.35041667 | 0.37315323 | 0.39300758 | 0.36003445 | 0.38925081 | 0.37832226 | 0.34692144 | 0.35604113 | 0.34440706 | 0.38656839 | 0.38718775 | 0.36699917 | 0.39803037 | 0.37280523 | 0.34210526 | 0.34895397 | 0.37392144 | 0.02056004
Load 121 | 0.34200426 | 0.36086404 | 0.38959391 | 0.36178185 | 0.38870968 | 0.38546798 | 0.39895958 | 0.37895175 | 0.35908888 | 0.37806398 | 0.39579968 | 0.36710418 | 0.37410976 | 0.37366694 | 0.35561936 | 0.41912972 | 0.37510238 | 0.40216520 | 0.34372402 | 0.36355823 | 0.37567327 | 0.01934500
Load 122 | 0.36749265 | 0.36523193 | 0.38117349 | 0.36310760 | 0.39364814 | 0.39927478 | 0.39151914 | 0.37687813 | 0.37075827 | 0.37110016 | 0.37185307 | 0.40468498 | 0.40450375 | 0.34705640 | 0.37411862 | 0.40281124 | 0.39027484 | 0.39705280 | 0.36684670 | 0.40829346 | 0.38238401 | 0.01688003
Load 123 | 0.38106996 | 0.39873916 | 0.39532978 | 0.35136268 | 0.38114924 | 0.39058729 | 0.36908253 | 0.37973641 | 0.35128313 | 0.40310711 | 0.39360442 | 0.36977887 | 0.39337061 | 0.41289815 | 0.42315063 | 0.37982565 | 0.41238794 | 0.37935429 | 0.38956311 | 0.41244813 | 0.38839146 | 0.01896930
Load 124 | 0.40602976 | 0.35354363 | 0.37063492 | 0.38427058 | 0.41369863 | 0.36196564 | 0.40925127 | 0.41692790 | 0.39800000 | 0.40437376 | 0.36945010 | 0.39451728 | 0.41512470 | 0.40858944 | 0.37759336 | 0.39087948 | 0.40031834 | 0.40024480 | 0.40749601 | 0.39079055 | 0.39368501 | 0.01806727
Load 125 | 0.38351693 | 0.39002815 | 0.37830264 | 0.37136929 | 0.39089109 | 0.39836066 | 0.44281176 | 0.39992104 | 0.37785016 | 0.43053916 | 0.41162325 | 0.40663735 | 0.42463533 | 0.41145833 | 0.40718321 | 0.41855988 | 0.39386503 | 0.40507333 | 0.43101343 | 0.39723240 | 0.40354362 | 0.01883949
Load 126 | 0.40855107 | 0.40737802 | 0.38278092 | 0.40471434 | 0.42503864 | 0.42740366 | 0.41549296 | 0.39573643 | 0.41041162 | 0.41736029 | 0.41140216 | 0.38992463 | 0.39014700 | 0.38891121 | 0.40952762 | 0.43393276 | 0.40368772 | 0.40227184 | 0.39579198 | 0.38287361 | 0.40516692 | 0.01410988
Load 127 | 0.40611692 | 0.41029581 | 0.40827479 | 0.42139822 | 0.42149758 | 0.40891622 | 0.43387934 | 0.36201299 | 0.39545092 | 0.43922652 | 0.40498570 | 0.40891768 | 0.38087649 | 0.43774020 | 0.40647619 | 0.41292570 | 0.41242284 | 0.39722109 | 0.39088729 | 0.39888756 | 0.40792050 | 0.01796765
Load 128 | 0.38987742 | 0.41828794 | 0.43104777 | 0.41247095 | 0.42405551 | 0.41845664 | 0.38576484 | 0.38120000 | 0.42845912 | 0.40134278 | 0.42309182 | 0.41507937 | 0.40730769 | 0.42569965 | 0.41542093 | 0.41556933 | 0.39840954 | 0.43252869 | 0.43785851 | 0.41839080 | 0.41401597 | 0.01533202
Load 129 | 0.43078084 | 0.41025641 | 0.39313880 | 0.43178233 | 0.43414246 | 0.43459586 | 0.42555686 | 0.43180930 | 0.43596730 | 0.41372625 | 0.47336377 | 0.42193450 | 0.39944134 | 0.44025157 | 0.42711094 | 0.42318271 | 0.41624365 | 0.41823662 | 0.40679953 | 0.43272865 | 0.42505249 | 0.01663891
Load 130 | 0.41779497 | 0.43083004 | 0.41827105 | 0.42709133 | 0.41874303 | 0.40038986 | 0.43296089 | 0.42709133 | 0.37446142 | 0.42541651 | 0.44021124 | 0.43227776 | 0.43702290 | 0.42653846 | 0.39937230 | 0.40934066 | 0.41997641 | 0.40509804 | 0.42522107 | 0.41533047 | 0.41917199 | 0.01511829
Load 131 | 0.44086429 | 0.43034056 | 0.40350195 | 0.39783282 | 0.44677604 | 0.41510157 | 0.40038023 | 0.46760983 | 0.44886779 | 0.44592536 | 0.42977744 | 0.39976322 | 0.42370256 | 0.41682748 | 0.44073518 | 0.42301711 | 0.40015215 | 0.40411985 | 0.41247563 | 0.41885626 | 0.42333137 | 0.01956259
Load 132 | 0.44893293 | 0.45653817 | 0.43041439 | 0.42689838 | 0.42349420 | 0.43253373 | 0.43962617 | 0.43051874 | 0.43593575 | 0.41582302 | 0.42716237 | 0.38755416 | 0.42273068 | 0.43030540 | 0.45515947 | 0.42905918 | 0.41903300 | 0.43467059 | 0.42643678 | 0.44572064 | 0.43092739 | 0.01471677
Load 133 | 0.44950422 | 0.43893130 | 0.44648892 | 0.47769029 | 0.46967456 | 0.43227239 | 0.41814076 | 0.42884395 | 0.42878067 | 0.44236527 | 0.44590041 | 0.41993841 | 0.43939949 | 0.42737960 | 0.43133674 | 0.42664671 | 0.45143488 | 0.47842125 | 0.41657250 | 0.43821892 | 0.44039706 | 0.01765542
Load 134 | 0.45619224 | 0.42730953 | 0.46495153 | 0.45607334 | 0.43016975 | 0.44604582 | 0.45706978 | 0.45000000 | 0.43959353 | 0.42522852 | 0.39977264 | 0.45491500 | 0.45661765 | 0.44902549 | 0.46079882 | 0.42397549 | 0.43061840 | 0.44210137 | 0.44121969 | 0.45710059 | 0.44343896 | 0.01594458
Load 135 | 0.47163636 | 0.46402077 | 0.46067416 | 0.42520265 | 0.46307024 | 0.42316258 | 0.45167218 | 0.46311010 | 0.44499055 | 0.42352941 | 0.46243618 | 0.45109706 | 0.45064220 | 0.44415194 | 0.44584570 | 0.47531993 | 0.45135624 | 0.46548542 | 0.42708333 | 0.46226759 | 0.45133773 | 0.01567712
Load 136 | 0.45457849 | 0.44735870 | 0.45076750 | 0.45571956 | 0.43860920 | 0.45784884 | 0.44373353 | 0.41550331 | 0.46990150 | 0.43415714 | 0.42824859 | 0.47578041 | 0.44855532 | 0.43814815 | 0.46292135 | 0.45368344 | 0.42587703 | 0.44741732 | 0.45865491 | 0.46770026 | 0.44875823 | 0.01505945
Load 137 | 0.44363636 | 0.45187069 | 0.41061555 | 0.44176851 | 0.46117041 | 0.45064220 | 0.44569026 | 0.45387725 | 0.44241316 | 0.42208721 | 0.47351351 | 0.43670193 | 0.44866233 | 0.47304965 | 0.44775009 | 0.43125691 | 0.46553631 | 0.44625649 | 0.42509832 | 0.43952802 | 0.44555626 | 0.01560087
Load 138 | 0.46224006 | 0.45428157 | 0.44228655 | 0.43050475 | 0.45431472 | 0.44452528 | 0.47126026 | 0.47056686 | 0.43644826 | 0.43110950 | 0.45904623 | 0.46837798 | 0.46133925 | 0.44499645 | 0.45936920 | 0.44023324 | 0.45791988 | 0.45035461 | 0.45444444 | 0.47124371 | 0.45324314 | 0.01255330
Load 139 | 0.47601476 | 0.48378871 | 0.47602380 | 0.46767241 | 0.45912856 | 0.46395219 | 0.44596542 | 0.46714032 | 0.48189315 | 0.46502498 | 0.47985740 | 0.44987602 | 0.44392015 | 0.44076527 | 0.46422018 | 0.46413352 | 0.48150709 | 0.46790965 | 0.44836457 | 0.45725718 | 0.46422077 | 0.01299782
Load 140 | 0.47295374 | 0.47752212 | 0.45938276 | 0.45098756 | 0.45500000 | 0.47809324 | 0.46618962 | 0.47759639 | 0.50510025 | 0.48613037 | 0.45941218 | 0.48057041 | 0.46156571 | 0.45612813 | 0.45875543 | 0.45903438 | 0.45069420 | 0.45438346 | 0.45681582 | 0.45202109 | 0.46591684 | 0.01397988
Load 141 | 0.46259704 | 0.46963708 | 0.47197744 | 0.47056799 | 0.46234995 | 0.45379656 | 0.47604677 | 0.45760286 | 0.48310210 | 0.48121899 | 0.48025166 | 0.47620791 | 0.47690693 | 0.47027788 | 0.48325359 | 0.48471002 | 0.49861783 | 0.46029515 | 0.45921667 | 0.46780029 | 0.47232174 | 0.01090404
Load 142 | 0.51019022 | 0.44338959 | 0.46640457 | 0.48105666 | 0.43206811 | 0.50462804 | 0.48398451 | 0.48632745 | 0.48840429 | 0.50159067 | 0.45497979 | 0.46810036 | 0.47693920 | 0.45326279 | 0.47054623 | 0.48864418 | 0.49894589 | 0.47968044 | 0.47037441 | 0.48940533 | 0.47744614 | 0.02000013
Load 143 | 0.45482759 | 0.47772711 | 0.48995418 | 0.48179085 | 0.48986126 | 0.50310131 | 0.47214182 | 0.46213184 | 0.48356970 | 0.46180199 | 0.47180707 | 0.48115220 | 0.48428117 | 0.46964286 | 0.48372258 | 0.47880215 | 0.47776592 | 0.47033898 | 0.45736164 | 0.49166962 | 0.47717259 | 0.01202792
Load 144 | 0.48645833 | 0.47898873 | 0.47768654 | 0.48061188 | 0.50124158 | 0.47196099 | 0.50537996 | 0.48854962 | 0.48684211 | 0.46815176 | 0.48593697 | 0.53331032 | 0.47640219 | 0.49495301 | 0.46946700 | 0.43461125 | 0.50432077 | 0.49177519 | 0.48785494 | 0.48794128 | 0.48562222 | 0.01867661
Load 145 | 0.47824574 | 0.50016932 | 0.48560658 | 0.49587629 | 0.48627996 | 0.49029126 | 0.47212421 | 0.50835003 | 0.46965420 | 0.48426396 | 0.49704348 | 0.48873239 | 0.50382441 | 0.50807781 | 0.48110080 | 0.47590573 | 0.48016997 | 0.48281671 | 0.52091000 | 0.50121401 | 0.49053284 | 0.01319692
Load 146 | 0.49004121 | 0.52332120 | 0.47790449 | 0.47152005 | 0.47833807 | 0.48624788 | 0.49712935 | 0.47860482 | 0.48945148 | 0.49065421 | 0.47402597 | 0.48354693 | 0.47393365 | 0.46322761 | 0.49497052 | 0.45691452 | 0.49598604 | 0.50886957 | 0.50219669 | 0.50016773 | 0.48685260 | 0.01543789
Load 147 | 0.46079112 | 0.50034722 | 0.48815968 | 0.50587840 | 0.52199413 | 0.51949318 | 0.51734591 | 0.46393162 | 0.52831468 | 0.48168625 | 0.50625000 | 0.49832327 | 0.49307479 | 0.48257840 | 0.51393189 | 0.47739726 | 0.47136119 | 0.50320621 | 0.50910966 | 0.49300000 | 0.49680874 | 0.01893667
Load 148 | 0.50693270 | 0.48702186 | 0.49374789 | 0.50496066 | 0.48331613 | 0.46958305 | 0.49665999 | 0.50083752 | 0.49060543 | 0.47754692 | 0.44798599 | 0.47821782 | 0.48179945 | 0.51472116 | 0.51570856 | 0.51778523 | 0.51405229 | 0.48166432 | 0.52456258 | 0.49576128 | 0.49417354 | 0.01851345
Load 149 | 0.49028647 | 0.48191126 | 0.49544688 | 0.50760582 | 0.53315199 | 0.50016176 | 0.52138493 | 0.50604378 | 0.50565912 | 0.52591107 | 0.50218929 | 0.49656121 | 0.50099602 | 0.50796880 | 0.48146923 | 0.50000000 | 0.50850340 | 0.52681491 | 0.46132972 | 0.49898167 | 0.50261887 | 0.01638837
Load 150 | 0.52018843 | 0.51357616 | 0.51855469 | 0.49371576 | 0.51337958 | 0.50375171 | 0.50700467 | 0.48933975 | 0.50235373 | 0.52163859 | 0.49367499 | 0.50795756 | 0.48782928 | 0.50945342 | 0.49983193 | 0.52975801 | 0.49434088 | 0.52807882 | 0.51047806 | 0.47943797 | 0.50621720 | 0.01343794
Load 151 | 0.51385135 | 0.51080550 | 0.48073810 | 0.50600000 | 0.49042272 | 0.50306122 | 0.50597213 | 0.53766570 | 0.51416477 | 0.48858750 | 0.50981033 | 0.48422091 | 0.49175462 | 0.50821288 | 0.51314902 | 0.50207039 | 0.53739523 | 0.49532398 | 0.49272487 | 0.49633089 | 0.50411311 | 0.01484611
Load 152 | 0.53807107 | 0.53682540 | 0.52232881 | 0.51239669 | 0.49853372 | 0.49249750 | 0.50940947 | 0.52982234 | 0.51754093 | 0.53494535 | 0.49602386 | 0.52598056 | 0.50511247 | 0.50876623 | 0.51708279 | 0.51825525 | 0.53265172 | 0.49588680 | 0.51514154 | 0.51074219 | 0.51590073 | 0.01380740
Load 153 | 0.51546063 | 0.50885246 | 0.49507227 | 0.49388834 | 0.49704724 | 0.52228278 | 0.50162127 | 0.53587887 | 0.50438169 | 0.53562092 | 0.50752126 | 0.52172460 | 0.53588671 | 0.49201694 | 0.52704031 | 0.51040634 | 0.53736300 | 0.53973827 | 0.53135314 | 0.50032573 | 0.51567414 | 0.01616555
Load 154 | 0.49370444 | 0.52304147 | 0.49627711 | 0.50871632 | 0.52236884 | 0.53785239 | 0.53077411 | 0.50174326 | 0.51408912 | 0.54539642 | 0.50205892 | 0.54975845 | 0.51404311 | 0.52363756 | 0.52730757 | 0.53807947 | 0.52872475 | 0.52878739 | 0.50210152 | 0.49701195 | 0.51927371 | 0.01654155
Load 155 | 0.54249380 | 0.52425313 | 0.54968553 | 0.52243590 | 0.48903437 | 0.50329381 | 0.51946394 | 0.51322233 | 0.51159047 | 0.50269927 | 0.52336449 | 0.54185304 | 0.52524928 | 0.50903226 | 0.52379481 | 0.54652645 | 0.50207867 | 0.52311198 | 0.53679925 | 0.49773463 | 0.52038587 | 0.01662238
Load 156 | 0.53605220 | 0.52077476 | 0.51870170 | 0.55065258 | 0.53613877 | 0.51233579 | 0.53136057 | 0.53039216 | 0.54721863 | 0.50793651 | 0.51258877 | 0.53998741 | 0.53695042 | 0.52674762 | 0.53920308 | 0.51788541 | 0.51912046 | 0.54513331 | 0.53680885 | 0.52098686 | 0.52934879 | 0.01218739
Load 157 | 0.52768835 | 0.54712286 | 0.52321883 | 0.51577909 | 0.52461099 | 0.52566146 | 0.55597843 | 0.52506266 | 0.52787512 | 0.52010293 | 0.53772071 | 0.54819277 | 0.52213789 | 0.51885895 | 0.51669368 | 0.54348519 | 0.54808917 | 0.54758801 | 0.53875236 | 0.50931068 | 0.53119651 | 0.01312316
Load 158 | 0.52773474 | 0.54689441 | 0.54162710 | 0.51598174 | 0.53081321 | 0.55840902 | 0.53670728 | 0.52434457 | 0.51439791 | 0.52035909 | 0.53033146 | 0.50606641 | 0.52482270 | 0.52004935 | 0.54275573 | 0.53162119 | 0.51840201 | 0.54015056 | 0.52754908 | 0.53116967 | 0.52950936 | 0.01213986
Load 159 | 0.54607721 | 0.53698545 | 0.54584352 | 0.54681404 | 0.52812895 | 0.52146264 | 0.54599130 | 0.52749616 | 0.51813472 | 0.53291925 | 0.54610816 | 0.52554745 | 0.52161914 | 0.54379449 | 0.54528594 | 0.54928260 | 0.55690677 | 0.55498392 | 0.56078793 | 0.54675365 | 0.54004616 | 0.01231307
Load 160 | 0.54283966 | 0.54653714 | 0.54106128 | 0.52932146 | 0.54026217 | 0.51504809 | 0.54411313 | 0.55308487 | 0.57567486 | 0.53224284 | 0.53573688 | 0.54428341 | 0.52162768 | 0.53022236 | 0.56007569 | 0.53269587 | 0.53661577 | 0.55366162 | 0.53594148 | 0.51786260 | 0.53944544 | 0.01402525
Load 161 | 0.53430161 | 0.54112417 | 0.53607277 | 0.53734568 | 0.55056871 | 0.56477795 | 0.54418605 | 0.54247955 | 0.54339740 | 0.53974238 | 0.52514839 | 0.53300125 | 0.54663372 | 0.56248072 | 0.55583756 | 0.50883721 | 0.56078431 | 0.53761410 | 0.52970923 | 0.53216740 | 0.54131051 | 0.01309313
Load 162 | 0.55079075 | 0.54062403 | 0.53862661 | 0.56574448 | 0.53399875 | 0.52808642 | 0.54615385 | 0.52308609 | 0.54389788 | 0.53713027 | 0.53870065 | 0.53365973 | 0.54506957 | 0.54913295 | 0.52763359 | 0.54932665 | 0.52328508 | 0.53402320 | 0.54357231 | 0.53642791 | 0.53944854 | 0.01008039
Load 163 | 0.54179285 | 0.53576959 | 0.51157556 | 0.54542607 | 0.55067155 | 0.55832037 | 0.57217285 | 0.57428215 | 0.54156627 | 0.53486151 | 0.53293601 | 0.54706601 | 0.56493118 | 0.54341226 | 0.54321729 | 0.52871468 | 0.54022989 | 0.55545371 | 0.57017544 | 0.56596386 | 0.54792695 | 0.01578733
Load 164 | 0.57047792 | 0.56977099 | 0.56139808 | 0.54534238 | 0.53794370 | 0.54277743 | 0.54627329 | 0.59611830 | 0.57130178 | 0.53826929 | 0.55026130 | 0.56918429 | 0.53284893 | 0.56558877 | 0.56081907 | 0.55836936 | 0.55832813 | 0.57364577 | 0.55682846 | 0.56448598 | 0.55850166 | 0.01487160
Load 165 | 0.57036596 | 0.54876230 | 0.54480712 | 0.55619509 | 0.56042340 | 0.54883428 | 0.54287422 | 0.54575758 | 0.54468853 | 0.55967450 | 0.54525795 | 0.57244582 | 0.57719352 | 0.57269666 | 0.55474674 | 0.54347826 | 0.56043295 | 0.54605067 | 0.54456328 | 0.55234657 | 0.55457977 | 0.01088176
Load 166 | 0.55629139 | 0.56593245 | 0.56316726 | 0.56779159 | 0.55868119 | 0.51340646 | 0.56571087 | 0.54195282 | 0.54628002 | 0.55608309 | 0.57190232 | 0.52550378 | 0.55802766 | 0.56638756 | 0.54898392 | 0.57604104 | 0.53820598 | 0.54504773 | 0.54631829 | 0.55955679 | 0.55356361 | 0.01527529
Load 167 | 0.54196643 | 0.55946194 | 0.54824166 | 0.53792476 | 0.53420974 | 0.57565789 | 0.56967703 | 0.56517884 | 0.56248145 | 0.54440636 | 0.56089649 | 0.55394432 | 0.54516223 | 0.55246822 | 0.58295964 | 0.54907241 | 0.55724963 | 0.54488889 | 0.55864752 | 0.56051345 | 0.55525044 | 0.01220435
Load 168 | 0.56499702 | 0.59684947 | 0.57396806 | 0.55965486 | 0.55659523 | 0.57294430 | 0.54661520 | 0.55610510 | 0.55308422 | 0.57463127 | 0.55388693 | 0.56875189 | 0.57775120 | 0.54597356 | 0.56139298 | 0.53684531 | 0.56492162 | 0.59207459 | 0.55781905 | 0.56745562 | 0.56411587 | 0.01440812
Load 169 | 0.55879804 | 0.54526627 | 0.54723603 | 0.55468515 | 0.57610327 | 0.57964072 | 0.55014925 | 0.53683593 | 0.57091776 | 0.55532544 | 0.56220519 | 0.55964100 | 0.55778894 | 0.56944846 | 0.57737744 | 0.55906921 | 0.56104651 | 0.53973013 | 0.56186794 | 0.56194428 | 0.55925385 | 0.01148808
Load 170 | 0.55103262 | 0.55406178 | 0.57469948 | 0.57873447 | 0.55614035 | 0.53719749 | 0.57752280 | 0.57573999 | 0.56403351 | 0.55359281 | 0.56653880 | 0.57772484 | 0.55518797 | 0.54511813 | 0.57082324 | 0.59146865 | 0.55842664 | 0.55629742 | 0.59483526 | 0.57231405 | 0.56557452 | 0.01466029
Load 171 | 0.55542418 | 0.58219988 | 0.59267735 | 0.56598760 | 0.58106949 | 0.56488324 | 0.56485714 | 0.56266206 | 0.55132053 | 0.56394824 | 0.57873563 | 0.54800591 | 0.55879644 | 0.57075472 | 0.57428401 | 0.58020863 | 0.55910824 | 0.56720351 | 0.57431838 | 0.57510228 | 0.56857737 | 0.01105797
Load 172 | 0.57142857 | 0.56935818 | 0.56516724 | 0.56556175 | 0.57325030 | 0.58060748 | 0.56797853 | 0.55924855 | 0.56438746 | 0.54702062 | 0.58701375 | 0.57159420 | 0.58627563 | 0.60046458 | 0.58508225 | 0.59598530 | 0.54451651 | 0.58863636 | 0.56662770 | 0.56709585 | 0.57286504 | 0.01429666
Load 173 | 0.57366589 | 0.57398708 | 0.58409350 | 0.57163872 | 0.57924641 | 0.57311669 | 0.59733636 | 0.56971995 | 0.57385546 | 0.57271364 | 0.58514021 | 0.57568027 | 0.57314571 | 0.59219151 | 0.54419009 | 0.58538658 | 0.58438509 | 0.57040436 | 0.57255788 | 0.61148459 | 0.57819700 | 0.01294794
Load 174 | 0.58411882 | 0.59287607 | 0.53171587 | 0.59228972 | 0.58219178 | 0.57301078 | 0.58150424 | 0.57702582 | 0.55230725 | 0.58381503 | 0.58042778 | 0.56934307 | 0.61652422 | 0.57484168 | 0.61711840 | 0.56146841 | 0.57469948 | 0.59723024 | 0.59529212 | 0.57011562 | 0.58039582 | 0.01918375
Load 175 | 0.58186969 | 0.59724518 | 0.59021493 | 0.57727016 | 0.57745697 | 0.58211061 | 0.58936526 | 0.58321189 | 0.57690092 | 0.54196505 | 0.60831269 | 0.57719647 | 0.56448864 | 0.59047079 | 0.58593522 | 0.55148137 | 0.58300617 | 0.60022241 | 0.57238178 | 0.58401163 | 0.58075589 | 0.01494461
Load 176 | 0.57749713 | 0.59744318 | 0.57178912 | 0.62314374 | 0.61317100 | 0.57245132 | 0.56517910 | 0.59994369 | 0.56968641 | 0.56103218 | 0.58641975 | 0.57905194 | 0.57381222 | 0.57408467 | 0.59612605 | 0.57794035 | 0.58269504 | 0.59105158 | 0.58335676 | 0.58904502 | 0.58424601 | 0.01536518
Load 177 | 0.59606450 | 0.60902896 | 0.58240535 | 0.57220944 | 0.57803138 | 0.58482643 | 0.58765778 | 0.55792164 | 0.57962859 | 0.56790123 | 0.57122219 | 0.57521874 | 0.56662965 | 0.59259259 | 0.58729715 | 0.57489177 | 0.59211987 | 0.62601172 | 0.60255294 | 0.58810069 | 0.58461563 | 0.01551733
Load 178 | 0.60410959 | 0.60465116 | 0.60560532 | 0.58950355 | 0.60133817 | 0.59590793 | 0.57541584 | 0.60490694 | 0.55466593 | 0.58757832 | 0.60794045 | 0.58314351 | 0.58841896 | 0.59258219 | 0.58250778 | 0.55791284 | 0.60291690 | 0.59027778 | 0.59669283 | 0.59400392 | 0.59100399 | 0.01445958
Load 179 | 0.60251504 | 0.58504725 | 0.60940980 | 0.61264182 | 0.60200390 | 0.60456595 | 0.60301508 | 0.58330984 | 0.59021407 | 0.58005698 | 0.61814745 | 0.58746881 | 0.59660356 | 0.56900861 | 0.60113269 | 0.58573807 | 0.59664097 | 0.58479701 | 0.59386232 | 0.58748222 | 0.59468307 | 0.01187162
Load 180 | 0.58006488 | 0.59318307 | 0.58478562 | 0.58335630 | 0.58706607 | 0.58908991 | 0.59781421 | 0.58450907 | 0.58643691 | 0.58246110 | 0.60510969 | 0.58321871 | 0.58326168 | 0.59400167 | 0.58177827 | 0.56782066 | 0.60987932 | 0.59615928 | 0.58748180 | 0.57374254 | 0.58756104 | 0.00956654
Load 181 | 0.58319605 | 0.61808367 | 0.59694868 | 0.58142898 | 0.59159243 | 0.60851648 | 0.61547117 | 0.57934936 | 0.58342541 | 0.58642484 | 0.59078591 | 0.59123683 | 0.59064649 | 0.60880262 | 0.59406495 | 0.58631549 | 0.60049834 | 0.56244714 | 0.62180388 | 0.57683486 | 0.59339368 | 0.01471461
Load 182 | 0.60988573 | 0.59459459 | 0.59801215 | 0.61651917 | 0.61435726 | 0.60425647 | 0.61240520 | 0.61405908 | 0.58936526 | 0.59014588 | 0.58618829 | 0.58792723 | 0.58948238 | 0.62376780 | 0.59031909 | 0.61333699 | 0.61164781 | 0.57904867 | 0.59994619 | 0.58333333 | 0.60042993 | 0.01288823
Load 183 | 0.59820701 | 0.60456894 | 0.59548085 | 0.59841009 | 0.61830357 | 0.59553696 | 0.60167832 | 0.61145469 | 0.59511016 | 0.59094606 | 0.60821616 | 0.60196829 | 0.58142077 | 0.61237785 | 0.58282379 | 0.61523758 | 0.57371975 | 0.62172985 | 0.62561175 | 0.60443213 | 0.60186173 | 0.01324386
Load 184 | 0.60548173 | 0.61305172 | 0.60981767 | 0.62165003 | 0.61674244 | 0.60753701 | 0.59338255 | 0.60921734 | 0.59727149 | 0.60816327 | 0.60675060 | 0.59873313 | 0.59410188 | 0.60489796 | 0.58498896 | 0.58576141 | 0.60652174 | 0.60195493 | 0.59422658 | 0.59246392 | 0.60263582 | 0.00958386
Load 185 | 0.59489547 | 0.60729730 | 0.59673913 | 0.58797451 | 0.60855081 | 0.61634241 | 0.61322007 | 0.58693921 | 0.61077370 | 0.61421182 | 0.58107345 | 0.60461285 | 0.62198953 | 0.59407526 | 0.59854212 | 0.61296396 | 0.60499734 | 0.62109479 | 0.59994691 | 0.60369666 | 0.60399686 | 0.01111441
Load 186 | 0.58490566 | 0.58481902 | 0.61798049 | 0.58691538 | 0.60082079 | 0.62921348 | 0.61059356 | 0.59929558 | 0.60997230 | 0.59385941 | 0.62598014 | 0.62672212 | 0.60331906 | 0.61550717 | 0.59608159 | 0.59567739 | 0.60446571 | 0.59197787 | 0.61891117 | 0.60579244 | 0.60514052 | 0.01356158
Load 187 | 0.62943747 | 0.61891892 | 0.60604495 | 0.63592878 | 0.62162162 | 0.60795756 | 0.61121446 | 0.60888645 | 0.64451477 | 0.61521680 | 0.59487038 | 0.60540824 | 0.61151272 | 0.62043212 | 0.61631991 | 0.62946310 | 0.60443723 | 0.58783415 | 0.61581321 | 0.60644295 | 0.61461379 | 0.01309308
Load 188 | 0.62610047 | 0.63256561 | 0.60123357 | 0.60167206 | 0.61288633 | 0.60901661 | 0.59398496 | 0.61755486 | 0.59413333 | 0.58718573 | 0.59690779 | 0.62265150 | 0.62592289 | 0.61876143 | 0.60637450 | 0.60074231 | 0.60567568 | 0.59186422 | 0.61857865 | 0.61909900 | 0.60914558 | 0.01276664
Load 189 | 0.58364712 | 0.60181721 | 0.59516299 | 0.61087306 | 0.59637605 | 0.60943500 | 0.63376137 | 0.62323391 | 0.60711441 | 0.58790919 | 0.63168885 | 0.60142154 | 0.61407193 | 0.60698346 | 0.60792132 | 0.61583422 | 0.61105263 | 0.60067992 | 0.63652850 | 0.61659011 | 0.60960514 | 0.01386436
Load 190 | 0.62156504 | 0.60136914 | 0.61754480 | 0.60307532 | 0.63237948 | 0.62060041 | 0.60605227 | 0.58979106 | 0.60717110 | 0.61405801 | 0.62762843 | 0.63073210 | 0.59922078 | 0.62794349 | 0.62881981 | 0.61061715 | 0.61058310 | 0.60701009 | 0.60463259 | 0.64676221 | 0.61537782 | 0.01363675
Load 191 | 0.62871417 | 0.63010138 | 0.62500000 | 0.61722866 | 0.62367021 | 0.63795388 | 0.62460485 | 0.61822850 | 0.62769551 | 0.60289930 | 0.62802184 | 0.62936709 | 0.64157706 | 0.62452932 | 0.59061834 | 0.62702286 | 0.62221619 | 0.61286947 | 0.59686684 | 0.60975610 | 0.62094708 | 0.01255217
Load 192 | 0.62235961 | 0.61108193 | 0.64085796 | 0.61905992 | 0.62438899 | 0.63745837 | 0.61558715 | 0.61528222 | 0.60491591 | 0.61840361 | 0.62632258 | 0.63339430 | 0.63712200 | 0.61401674 | 0.62693899 | 0.61346252 | 0.61142709 | 0.60965848 | 0.62031408 | 0.64265716 | 0.62223548 | 0.01083992
Load 193 | 0.62707535 | 0.61663234 | 0.59100473 | 0.60282365 | 0.60971223 | 0.61938166 | 0.60706751 | 0.63705252 | 0.64470954 | 0.61049578 | 0.63778940 | 0.62061010 | 0.64289302 | 0.63006670 | 0.62750063 | 0.65323436 | 0.61281849 | 0.61636364 | 0.62522804 | 0.61223432 | 0.62223470 | 0.01519524
Load 194 | 0.62279335 | 0.63524904 | 0.61807732 | 0.61867905 | 0.62709710 | 0.62766759 | 0.63902439 | 0.63180884 | 0.62532300 | 0.61860465 | 0.61990950 | 0.62895005 | 0.63459104 | 0.61256139 | 0.63145721 | 0.61407139 | 0.63894575 | 0.61176164 | 0.59161768 | 0.62668394 | 0.62374370 | 0.01095010
Load 195 | 0.65024378 | 0.62034869 | 0.61904762 | 0.62389839 | 0.63993949 | 0.61658435 | 0.61727437 | 0.62008847 | 0.63413401 | 0.63731229 | 0.62854950 | 0.62561833 | 0.61598138 | 0.61457531 | 0.61532385 | 0.63111798 | 0.62532101 | 0.63026677 | 0.63952880 | 0.62300481 | 0.62640796 | 0.00960646
Load 196 | 0.62784611 | 0.64582802 | 0.64228657 | 0.62163548 | 0.62736951 | 0.63929842 | 0.63765448 | 0.62092494 | 0.63298549 | 0.61290323 | 0.63066202 | 0.64103213 | 0.64755945 | 0.62683438 | 0.62262184 | 0.62415265 | 0.64450194 | 0.62441920 | 0.62110252 | 0.62420056 | 0.63079095 | 0.00970180
Load 197 | 0.62521935 | 0.63445693 | 0.61931528 | 0.64785553 | 0.62263185 | 0.64217413 | 0.62103175 | 0.63121476 | 0.63241107 | 0.63001563 | 0.65763418 | 0.61970010 | 0.61641369 | 0.63820731 | 0.62990510 | 0.62701763 | 0.61137800 | 0.62699418 | 0.62550505 | 0.62587142 | 0.62924765 | 0.01067298
Load 198 | 0.63946097 | 0.64189861 | 0.61932990 | 0.62926459 | 0.63837824 | 0.61860112 | 0.63743148 | 0.62449597 | 0.65948923 | 0.63602298 | 0.63455150 | 0.63673891 | 0.62936887 | 0.65655033 | 0.62824351 | 0.63986977 | 0.65044814 | 0.64812030 | 0.64488349 | 0.65030364 | 0.63817258 | 0.01107559
Load 199 | 0.62741607 | 0.64350226 | 0.63604151 | 0.62837667 | 0.63813131 | 0.62288883 | 0.62650905 | 0.62956607 | 0.61986132 | 0.61925000 | 0.62956389 | 0.63254991 | 0.64849720 | 0.62337662 | 0.63872105 | 0.62737263 | 0.63506121 | 0.64527934 | 0.61328618 | 0.65151909 | 0.63183851 | 0.00996268
Load 200 | 0.62353528 | 0.65564251 | 0.62660732 | 0.62461929 | 0.62210797 | 0.61576971 | 0.64935065 | 0.62125903 | 0.64814815 | 0.62692989 | 0.64031124 | 0.60839341 | 0.63582385 | 0.65658094 | 0.65235837 | 0.62975445 | 0.64929757 | 0.61283131 | 0.62220566 | 0.64802386 | 0.63347752 | 0.01486389
